1 1.40069 0
2 1.42181 0.0211193
3 1.44258 0.0240811
4 1.44169 0.0170507
5 1.46083 0.0232481
6 1.4531 0.0204958
7 1.45536 0.0174691
8 1.45819 0.015391
9 1.47048 0.0183146
10 1.46153 0.0186662
11 1.4637 0.0170228
12 1.46924 0.0164988
13 1.46749 0.015278
14 1.45918 0.0164045
15 1.45856 0.0152842
16 1.46141 0.0145786
17 1.46327 0.0138202
18 1.4712 0.0152521
19 1.47224 0.0144644
20 1.4673 0.0145848
21 1.46785 0.013884
22 1.47265 0.0140791
23 1.47376 0.013499
24 1.47203 0.01304
25 1.47686 0.0134076
26 1.47351 0.0133106
27 1.47256 0.0128432
28 1.48085 0.0148976
29 1.48392 0.0146983
30 1.48424 0.0142035
31 1.48625 0.0138852
32 1.48602 0.0134464
33 1.48641 0.0130384
34 1.4911 0.0134898
35 1.49096 0.0130994
36 1.49304 0.0128983
37 1.49417 0.0125962
38 1.49565 0.0123482
39 1.49443 0.0120891
40 1.49732 0.0121327
41 1.5011 0.0124237
42 1.50225 0.0121786
43 1.50445 0.0120927
44 1.50469 0.0118172
45 1.5017 0.0119312
46 1.50124 0.0116782
47 1.50134 0.0114274
48 1.50235 0.011233
49 1.49846 0.0116692
50 1.4988 0.0114383
51 1.4965 0.0114445
52 1.49836 0.0113751
53 1.49854 0.0111599
54 1.49941 0.0109861
55 1.49974 0.0107896
56 1.49736 0.0108593
57 1.49957 0.0108935
58 1.49707 0.0109939
59 1.49501 0.0110004
60 1.49309 0.010984
61 1.49219 0.01084
62 1.4906 0.0107812
63 1.49387 0.0111005
64 1.49507 0.0109913
65 1.49685 0.010966
66 1.49773 0.0108346
67 1.49833 0.0106886
68 1.49657 0.0106761
69 1.49552 0.0105723
70 1.49634 0.0104521
71 1.49539 0.0103476
72 1.49768 0.0104577
73 1.49868 0.0103617
74 1.49677 0.0103967
75 1.49721 0.0102662
76 1.49642 0.0101607
77 1.49709 0.0100501
78 1.49928 0.0101598
79 1.50298 0.0106894
80 1.50169 0.0106337
81 1.50031 0.0105913
82 1.50183 0.0105707
83 1.50318 0.0105296
84 1.50182 0.0104918
85 1.50061 0.0104375
86 1.50008 0.0103289
87 1.49855 0.0103243
88 1.50107 0.0105133
89 1.50103 0.0103945
90 1.50073 0.0102828
91 1.50294 0.010408
92 1.5003 0.0106285
93 1.49939 0.0105533
94 1.49903 0.0104466
95 1.50078 0.0104832
96 1.5008 0.0103734
97 1.50121 0.010274
98 1.50089 0.0101737
99 1.50103 0.0100714
100 1.50306 0.0101747
101 1.50438 0.0101598
102 1.50327 0.0101203
103 1.50368 0.0100297
104 1.50378 0.00993337
105 1.50332 0.00984935
106 1.50558 0.0100161
107 1.50703 0.0100265
108 1.50818 0.00999936
109 1.50829 0.00990781
110 1.50877 0.00982927
111 1.50753 0.0098188
112 1.50629 0.00980909
113 1.50623 0.0097221
114 1.5064 0.00963784
115 1.50673 0.00955955
116 1.50687 0.00947782
117 1.50813 0.00947963
118 1.51021 0.00962643
119 1.51055 0.0095515
120 1.51215 0.00960554
121 1.51283 0.00955025
122 1.51373 0.00951436
123 1.51386 0.00943747
124 1.51372 0.009362
125 1.51261 0.00935314
126 1.51227 0.00928485
127 1.51252 0.00921487
128 1.51311 0.00916182
129 1.51283 0.00909501
130 1.51237 0.00903669
131 1.51163 0.0089978
132 1.51063 0.00898453
133 1.51111 0.00892941
134 1.51003 0.00892797
135 1.50966 0.00886946
136 1.51053 0.00884769
137 1.5104 0.00878384
138 1.51049 0.00872039
139 1.51007 0.00866764
140 1.50965 0.00861594
141 1.509 0.00857908
142 1.50886 0.00851965
143 1.50843 0.00847045
144 1.50821 0.00841428
145 1.5085 0.00836109
146 1.50863 0.0083046
147 1.50846 0.0082496
148 1.50785 0.00821678
149 1.50932 0.00829318
150 1.50982 0.00825318
151 1.50909 0.00823128
152 1.50858 0.00819305
153 1.50847 0.00814005
154 1.50805 0.00809754
155 1.50885 0.00808451
156 1.50852 0.00803929
157 1.50796 0.00800754
158 1.50917 0.00804771
159 1.50889 0.00800171
160 1.50884 0.00795169
161 1.50833 0.00791909
162 1.50763 0.00790101
163 1.50742 0.00785525
164 1.50709 0.00781413
165 1.50727 0.00776886
166 1.50799 0.00775481
167 1.50792 0.00770852
168 1.50736 0.00768255
169 1.50737 0.00763695
170 1.50796 0.00761435
171 1.50725 0.00760271
172 1.50696 0.00756377
173 1.5065 0.00753423
174 1.50544 0.00756498
175 1.50486 0.00754436
176 1.50523 0.00751042
177 1.50506 0.00746975
178 1.5047 0.00743636
179 1.5065 0.00761217
180 1.50534 0.00765959
181 1.50528 0.00761738
182 1.50574 0.00758975
183 1.50551 0.00755175
184 1.50637 0.00756013
185 1.50719 0.00756378
186 1.50646 0.00755853
187 1.5065 0.0075181
188 1.50577 0.00751396
189 1.50538 0.00748429
190 1.50526 0.00744577
191 1.50567 0.00741813
192 1.50527 0.00739027
193 1.50448 0.00739426
194 1.50401 0.00737081
195 1.50444 0.00734551
196 1.50441 0.00730801
197 1.50474 0.00727849
198 1.50446 0.00724713
199 1.50453 0.00721099
200 1.50433 0.00717765
201 1.50398 0.00715041
202 1.50345 0.00713463
203 1.50367 0.0071029
204 1.50337 0.00707459
205 1.50338 0.00704
206 1.50283 0.00702756
207 1.50249 0.00700167
208 1.50344 0.00703213
209 1.50289 0.00701952
210 1.50249 0.0069978
211 1.50199 0.00698252
212 1.50248 0.00696713
213 1.50274 0.00693914
214 1.50254 0.00690945
215 1.50285 0.00688412
216 1.50281 0.00685226
217 1.50256 0.00682545
218 1.50219 0.00680395
219 1.50178 0.00678531
220 1.50131 0.00677077
221 1.50149 0.00674259
222 1.5011 0.00672348
223 1.50109 0.00669328
224 1.50081 0.00666902
225 1.50093 0.00664031
226 1.5009 0.00661091
227 1.50113 0.00658562
228 1.50101 0.00655771
229 1.50143 0.00654232
230 1.50127 0.0065158
231 1.50098 0.00649402
232 1.50101 0.00646603
233 1.50117 0.00644013
234 1.50119 0.00641259
235 1.50074 0.00640114
236 1.50071 0.00637404
237 1.50016 0.00637042
238 1.50066 0.00636358
239 1.50092 0.00634192
240 1.50088 0.00631553
241 1.50132 0.00630455
242 1.50157 0.00628348
243 1.50146 0.00625851
244 1.50178 0.00624098
245 1.50266 0.0062776
246 1.50271 0.00625217
247 1.50215 0.00625194
248 1.50168 0.00624411
249 1.50165 0.00621907
250 1.50162 0.00619419
251 1.50155 0.00616993
252 1.50093 0.00617598
253 1.50087 0.00615181
254 1.50094 0.00612789
255 1.50064 0.00611127
256 1.50104 0.00610092
257 1.501 0.00607728
258 1.50114 0.00605526
259 1.50108 0.00603211
260 1.50077 0.00601683
261 1.5011 0.00600245
262 1.50096 0.00598109
263 1.50052 0.00597461
264 1.50068 0.00595409
265 1.5004 0.00593791
266 1.50021 0.00591882
267 1.50021 0.00589661
268 1.5 0.00587842
269 1.50037 0.00586829
270 1.50046 0.00584711
271 1.50053 0.00582602
272 1.50071 0.0058073
273 1.50019 0.00580914
274 1.50079 0.00581812
275 1.50106 0.00580351
276 1.50129 0.00578684
277 1.50126 0.00576599
278 1.50146 0.00574866
279 1.50152 0.00572838
280 1.50171 0.00571085
281 1.50168 0.00569055
282 1.50127 0.00568493
283 1.50103 0.00567012
284 1.50066 0.00566185
285 1.50129 0.0056765
286 1.50144 0.00565877
287 1.50169 0.00564454
288 1.50143 0.00563122
289 1.5016 0.00561442
290 1.50131 0.00560249
291 1.50125 0.00558351
292 1.50145 0.00556794
293 1.50133 0.00555033
294 1.50112 0.00553517
295 1.50124 0.00551752
296 1.50121 0.0054989
297 1.50158 0.0054925
298 1.50142 0.00547648
299 1.50134 0.00545864
300 1.5015 0.00544265
301 1.50204 0.00545206
302 1.50222 0.00543689
303 1.50195 0.00542573
304 1.50172 0.0054126
305 1.50146 0.00540132
306 1.50173 0.00539072
307 1.50197 0.00537831
308 1.50173 0.00536612
309 1.5013 0.0053665
310 1.50195 0.00538881
311 1.50201 0.00537177
312 1.50229 0.00536209
313 1.50298 0.00538927
314 1.50289 0.00537282
315 1.50281 0.00535632
316 1.50299 0.00534245
317 1.50268 0.00533467
318 1.503 0.0053275
319 1.50301 0.00531078
320 1.50278 0.00529876
321 1.50278 0.00528223
322 1.50311 0.0052763
323 1.50272 0.00527413
324 1.50229 0.00527532
325 1.50247 0.00526199
326 1.50247 0.00524582
327 1.50268 0.00523394
328 1.50266 0.00521797
329 1.50235 0.00521183
330 1.50316 0.00526
331 1.50311 0.00524437
332 1.50294 0.00523136
333 1.50289 0.00521587
334 1.50302 0.00520199
335 1.50285 0.0051894
336 1.50291 0.00517431
337 1.50316 0.0051652
338 1.50313 0.00515
339 1.50323 0.00513571
340 1.50346 0.00512591
341 1.50362 0.00511321
342 1.50315 0.0051196
343 1.50296 0.00510816
344 1.50317 0.0050975
345 1.50301 0.00508507
346 1.50272 0.00507894
347 1.50287 0.00506659
348 1.50297 0.00505307
349 1.50301 0.00503867
350 1.50262 0.00503875
351 1.50226 0.00503763
352 1.50224 0.00502332
353 1.50229 0.00500929
354 1.50276 0.00501721
355 1.50273 0.00500314
356 1.50249 0.00499477
357 1.50241 0.00498153
358 1.5027 0.00497604
359 1.5023 0.0049782
360 1.50234 0.00496455
361 1.50202 0.00496099
362 1.50249 0.00496963
363 1.50252 0.00495597
364 1.50222 0.00495119
365 1.50211 0.00493884
366 1.5022 0.00492618
367 1.50197 0.00491827
368 1.5019 0.0049053
369 1.50167 0.00489745
370 1.50134 0.00489572
371 1.50146 0.00488392
372 1.50113 0.00488134
373 1.50178 0.00491064
374 1.50162 0.00490002
375 1.50148 0.00488887
376 1.50163 0.00487803
377 1.50171 0.00486581
378 1.50183 0.00485434
379 1.50148 0.00485389
380 1.50148 0.0048411
381 1.5014 0.00482905
382 1.50177 0.00483076
383 1.50205 0.00482587
384 1.50187 0.00481645
385 1.50175 0.00480557
386 1.50186 0.00479451
387 1.50186 0.00478211
388 1.50202 0.00477227
389 1.50193 0.00476081
390 1.50227 0.00476093
391 1.50208 0.00475248
392 1.50215 0.00474084
393 1.50192 0.00473455
394 1.50191 0.00472253
395 1.5022 0.00471925
396 1.50205 0.00470968
397 1.50223 0.00470127
398 1.50231 0.00469017
399 1.50214 0.00468163
400 1.50219 0.00467018
401 1.50213 0.00465885
402 1.50232 0.00465115
403 1.5025 0.00464295
404 1.5026 0.00463255
405 1.5024 0.00462536
406 1.50232 0.00461465
407 1.5023 0.00460333
408 1.50233 0.00459211
409 1.50227 0.0045812
410 1.50265 0.00458567
411 1.50258 0.00457507
412 1.50247 0.0045654
413 1.50268 0.00455919
414 1.50225 0.00456767
415 1.50255 0.00456649
416 1.50258 0.00455557
417 1.50277 0.00454859
418 1.50306 0.00454699
419 1.50295 0.0045374
420 1.50251 0.00454786
421 1.50269 0.00454062
422 1.50278 0.0045307
423 1.50294 0.00452271
424 1.50282 0.00451358
425 1.50279 0.00450307
426 1.50283 0.00449268
427 1.50324 0.00450142
428 1.50287 0.00450668
429 1.50322 0.00450988
430 1.50299 0.00450495
431 1.50285 0.00449669
432 1.50273 0.00448795
433 1.50303 0.00448744
434 1.50333 0.00448751
435 1.5035 0.00448036
436 1.50365 0.00447251
437 1.50372 0.00446279
438 1.50365 0.00445307
439 1.50343 0.00444821
440 1.50331 0.00443991
441 1.50331 0.00442983
442 1.50315 0.00442264
443 1.50309 0.00441311
444 1.5028 0.00441252
445 1.50288 0.0044034
446 1.5032 0.00440503
447 1.50303 0.00439839
448 1.50314 0.00438998
449 1.50311 0.0043803
450 1.50306 0.00437088
451 1.50336 0.0043713
452 1.50346 0.00436276
453 1.50359 0.00435503
454 1.50349 0.00434645
455 1.50323 0.00434479
456 1.50352 0.00434513
457 1.50365 0.00433734
458 1.50355 0.0043288
459 1.50356 0.00431936
460 1.50344 0.00431158
461 1.50358 0.00430451
462 1.50365 0.00429567
463 1.50367 0.00428644
464 1.50361 0.00427764
465 1.50338 0.00427444
466 1.50349 0.00426669
467 1.50348 0.00425756
468 1.50348 0.00424846
469 1.5035 0.00423942
470 1.50341 0.00423139
471 1.50315 0.00423062
472 1.50286 0.00423123
473 1.50311 0.00422952
474 1.50338 0.00422965
475 1.50347 0.00422161
476 1.50336 0.00421416
477 1.50321 0.00420804
478 1.50333 0.00420095
479 1.5035 0.0041958
480 1.50349 0.00418709
481 1.50357 0.00417915
482 1.50353 0.00417066
483 1.50343 0.00416328
484 1.50303 0.00417372
485 1.50287 0.00416789
486 1.50281 0.00415978
487 1.50262 0.00415574
488 1.50293 0.00415878
489 1.50272 0.00415525
490 1.50274 0.0041468
491 1.50278 0.00413857
492 1.5028 0.00413018
493 1.50308 0.00413097
494 1.50286 0.00412825
495 1.50294 0.00412064
496 1.50276 0.00411613
497 1.50258 0.0041119
498 1.50277 0.00410813
499 1.50287 0.00410105
500 1.50277 0.00409409
