1 1.46026 0
2 1.47378 0.013517
3 1.44433 0.0304644
4 1.47691 0.0390531
5 1.49203 0.0338191
6 1.5043 0.0302192
7 1.51132 0.026487
8 1.50865 0.0230935
9 1.51718 0.0220806
10 1.5065 0.0224509
11 1.50319 0.0205757
12 1.50106 0.0189038
13 1.49585 0.0181516
14 1.49465 0.0168478
15 1.49626 0.0157664
16 1.5027 0.0160923
17 1.50469 0.0152465
18 1.50014 0.0150768
19 1.49891 0.0143144
20 1.49377 0.0145189
21 1.49404 0.0138129
22 1.49316 0.0131994
23 1.49312 0.0126125
24 1.48953 0.0125979
25 1.49234 0.0124058
26 1.50162 0.015102
27 1.50722 0.0155744
28 1.50848 0.0150612
29 1.51234 0.0150353
30 1.51114 0.0145746
31 1.50518 0.0153066
32 1.49991 0.0157298
33 1.49966 0.0152478
34 1.4985 0.0148379
35 1.49632 0.0145705
36 1.49878 0.0143714
37 1.49997 0.0140283
38 1.5016 0.0137513
39 1.50244 0.0134204
40 1.49837 0.0137006
41 1.49735 0.0134013
42 1.50003 0.013351
43 1.50179 0.0131552
44 1.50202 0.0128547
45 1.50381 0.0126932
46 1.50505 0.0124762
47 1.50414 0.0122418
48 1.5033 0.0120135
49 1.50156 0.0118945
50 1.50305 0.0117492
51 1.50199 0.0115652
52 1.50298 0.0113843
53 1.50292 0.0111677
54 1.50306 0.0109599
55 1.50156 0.010863
56 1.49993 0.0107908
57 1.49804 0.0107677
58 1.49703 0.0106283
59 1.49722 0.0104482
60 1.5003 0.010726
61 1.50084 0.0105624
62 1.50227 0.0104892
63 1.50157 0.0103455
64 1.50041 0.0102478
65 1.50042 0.0100889
66 1.50032 0.00993538
67 1.50025 0.00978619
68 1.49876 0.00975644
69 1.49896 0.0096161
70 1.49936 0.00948606
71 1.50043 0.00941345
72 1.49886 0.00941493
73 1.49807 0.00931866
74 1.49763 0.00920195
75 1.49789 0.00908207
76 1.49798 0.00896225
77 1.49803 0.00884521
78 1.49964 0.00887812
79 1.49832 0.00886373
80 1.49937 0.00881481
81 1.49991 0.00872239
82 1.49922 0.00864294
83 1.49744 0.00872182
84 1.49688 0.0086357
85 1.49802 0.00860896
86 1.4972 0.00854733
87 1.49664 0.00846703
88 1.49646 0.00837226
89 1.49823 0.00846587
90 1.49719 0.00843649
91 1.49682 0.00835148
92 1.49755 0.0082922
93 1.4975 0.00820269
94 1.49605 0.00824258
95 1.49591 0.00815656
96 1.49681 0.00812138
97 1.49578 0.00810373
98 1.49699 0.00811184
99 1.49568 0.00813651
100 1.4963 0.00807917
101 1.49634 0.00799884
102 1.49576 0.00794082
103 1.49501 0.00789934
104 1.49536 0.0078308
105 1.49509 0.00776063
106 1.49567 0.00770932
107 1.49506 0.00766169
108 1.49511 0.00759064
109 1.49588 0.00755921
110 1.49545 0.00750243
111 1.49485 0.00745884
112 1.49509 0.00739586
113 1.49404 0.00740417
114 1.49378 0.00734344
115 1.49328 0.00729658
116 1.49389 0.00725881
117 1.49261 0.00731013
118 1.49155 0.00732403
119 1.49193 0.00727191
120 1.49196 0.00721112
121 1.49122 0.00718944
122 1.49096 0.00713501
123 1.49208 0.00716524
124 1.49142 0.00713748
125 1.49101 0.00709207
126 1.49086 0.00703714
127 1.49084 0.00698156
128 1.4917 0.00698049
129 1.49307 0.00705991
130 1.49198 0.00708863
131 1.49183 0.00703605
132 1.49211 0.0069882
133 1.49254 0.00694895
134 1.49261 0.0068972
135 1.4929 0.00685209
136 1.49287 0.00680157
137 1.49175 0.00684498
138 1.49183 0.00679577
139 1.49177 0.00674705
140 1.49139 0.00670943
141 1.49092 0.00667809
142 1.49111 0.00663378
143 1.49041 0.00662505
144 1.49016 0.00658367
145 1.49003 0.00653925
146 1.49004 0.00649432
147 1.489 0.00653435
148 1.48966 0.00652424
149 1.49021 0.00650346
150 1.49104 0.0065133
151 1.49149 0.00648517
152 1.49064 0.00649763
153 1.4907 0.00645528
154 1.49019 0.00643336
155 1.49069 0.00641136
156 1.49042 0.00637599
157 1.48956 0.00639348
158 1.48973 0.00635516
159 1.49013 0.00632793
160 1.49043 0.00629521
161 1.49011 0.00626394
162 1.49014 0.00622521
163 1.49009 0.00618707
164 1.49097 0.00621207
165 1.49073 0.00617929
166 1.4907 0.00614202
167 1.49088 0.00610781
168 1.49029 0.00609943
169 1.48986 0.00607848
170 1.48979 0.00604302
171 1.48983 0.00600771
172 1.49009 0.00597822
173 1.48944 0.00597952
174 1.48968 0.00595014
175 1.48968 0.00591604
176 1.49065 0.00596113
177 1.48999 0.00596403
178 1.48928 0.00597306
179 1.48881 0.00595804
180 1.48883 0.00592488
181 1.48923 0.00590552
182 1.48948 0.00587856
183 1.48897 0.00586884
184 1.48896 0.00583686
185 1.48979 0.00586414
186 1.48982 0.00583258
187 1.48957 0.00580654
188 1.49031 0.00582307
189 1.48982 0.00581356
190 1.48983 0.0057829
191 1.49097 0.00586497
192 1.49124 0.00584046
193 1.49131 0.00581055
194 1.49206 0.0058291
195 1.49201 0.00579933
196 1.49172 0.00577709
197 1.49182 0.00574853
198 1.49184 0.00571945
199 1.49226 0.0057064
200 1.49201 0.00568322
201 1.49208 0.00565532
202 1.49217 0.00562791
203 1.4923 0.00560165
204 1.49221 0.00557486
205 1.49255 0.00555765
206 1.492 0.00555759
207 1.49229 0.00553831
208 1.49192 0.00552373
209 1.49195 0.00549729
210 1.49217 0.00547541
211 1.49252 0.0054608
212 1.4927 0.00543808
213 1.49281 0.00541362
214 1.49357 0.00544145
215 1.49313 0.00543448
216 1.49357 0.00542713
217 1.49444 0.00547183
218 1.49427 0.00544928
219 1.49399 0.00543137
220 1.49433 0.0054171
221 1.49407 0.00539875
222 1.49378 0.00538214
223 1.4933 0.00537946
224 1.49372 0.00537159
225 1.49377 0.00534794
226 1.4938 0.00532433
227 1.4931 0.0053469
228 1.4931 0.0053234
229 1.49319 0.00530077
230 1.49255 0.00531593
231 1.49278 0.00529765
232 1.49305 0.00528177
233 1.49289 0.00526149
234 1.49293 0.00523916
235 1.49293 0.00521682
236 1.49237 0.00522425
237 1.4923 0.00520267
238 1.49386 0.00541145
239 1.49364 0.00539325
240 1.49363 0.00537075
241 1.49367 0.00534857
242 1.49362 0.00532659
243 1.49395 0.00531478
244 1.49383 0.00529439
245 1.49394 0.0052739
246 1.49327 0.00529433
247 1.49332 0.00527309
248 1.49304 0.00525928
249 1.49311 0.00523859
250 1.49298 0.0052193
251 1.49272 0.00520509
252 1.49234 0.00519819
253 1.492 0.0051886
254 1.49209 0.00516889
255 1.49186 0.00515355
256 1.49142 0.00515231
257 1.49179 0.00514518
258 1.49179 0.0051252
259 1.49166 0.00510697
260 1.49154 0.0050886
261 1.49125 0.00507747
262 1.49134 0.00505882
263 1.4907 0.00508043
264 1.49058 0.00506242
265 1.49039 0.00504687
266 1.4905 0.00502892
267 1.49086 0.00502361
268 1.49093 0.00500522
269 1.49128 0.0049987
270 1.49131 0.00498031
271 1.49102 0.00497082
272 1.49138 0.00496564
273 1.49138 0.00494743
274 1.49167 0.00493762
275 1.49177 0.00492069
276 1.49217 0.00491916
277 1.49237 0.00490525
278 1.49233 0.00488777
279 1.49246 0.00487201
280 1.49233 0.00485627
281 1.49206 0.0048467
282 1.49187 0.0048329
283 1.49182 0.00481605
284 1.49184 0.00479911
285 1.49196 0.00478371
286 1.49177 0.00477101
287 1.49178 0.00475437
288 1.49169 0.00473854
289 1.49148 0.00472699
290 1.4918 0.00472127
291 1.49157 0.00471054
292 1.4917 0.00469634
293 1.49169 0.00468031
294 1.49132 0.0046794
295 1.49099 0.0046745
296 1.49056 0.00467919
297 1.49067 0.00466483
298 1.4906 0.00464964
299 1.4906 0.00463407
300 1.49106 0.00464101
301 1.49134 0.00463387
302 1.49149 0.00462099
303 1.49185 0.00461979
304 1.49211 0.00461195
305 1.49187 0.00460288
306 1.49179 0.0045885
307 1.49221 0.00459252
308 1.49209 0.00457914
309 1.49237 0.00457281
310 1.49312 0.00461981
311 1.49328 0.00460779
312 1.49301 0.00460143
313 1.49302 0.00458673
314 1.49325 0.00457788
315 1.49307 0.00456703
316 1.49282 0.00455918
317 1.4934 0.00458178
318 1.49367 0.00457487
319 1.49318 0.00458588
320 1.4933 0.00457294
321 1.49315 0.00456099
322 1.49299 0.00454984
323 1.4931 0.00453722
324 1.49335 0.00453001
325 1.49349 0.00451811
326 1.49363 0.00450652
327 1.49371 0.00449338
328 1.4938 0.00448055
329 1.49401 0.00447209
330 1.4943 0.00446761
331 1.49431 0.0044541
332 1.49452 0.00444573
333 1.49448 0.00443254
334 1.49481 0.00443168
335 1.49467 0.00442083
336 1.49493 0.00441553
337 1.49532 0.00441943
338 1.49504 0.00441511
339 1.495 0.00440228
340 1.49466 0.00440199
341 1.49483 0.0043922
342 1.4946 0.00438531
343 1.49421 0.00439009
344 1.49473 0.00440865
345 1.49418 0.00443001
346 1.49393 0.00442466
347 1.49395 0.00441195
348 1.49388 0.00439983
349 1.494 0.00438894
350 1.49368 0.00438791
351 1.494 0.00438665
352 1.49424 0.0043808
353 1.49432 0.00436907
354 1.49414 0.00436015
355 1.49413 0.00434786
356 1.49437 0.00434216
357 1.49405 0.00434226
358 1.49411 0.00433057
359 1.49456 0.00434207
360 1.49444 0.00433166
361 1.49453 0.00432055
362 1.49434 0.00431273
363 1.49399 0.00431513
364 1.49424 0.00431048
365 1.49411 0.00430052
366 1.49391 0.00429344
367 1.494 0.00428255
368 1.49387 0.00427274
369 1.49379 0.00426194
370 1.49405 0.00425834
371 1.49395 0.00424792
372 1.49399 0.00423669
373 1.49443 0.00424769
374 1.4945 0.00423686
375 1.49465 0.00422818
376 1.49463 0.00421694
377 1.49432 0.00421716
378 1.49483 0.00423729
379 1.4947 0.00422817
380 1.49483 0.00421893
381 1.49495 0.00420946
382 1.49474 0.00420328
383 1.4949 0.00419509
384 1.4954 0.00421471
385 1.49583 0.00422579
386 1.49634 0.00424451
387 1.49631 0.00423362
388 1.49601 0.00423293
389 1.49629 0.00423125
390 1.49625 0.00422063
391 1.49646 0.00421497
392 1.49645 0.00420421
393 1.49605 0.00421226
394 1.49661 0.00423812
395 1.49657 0.00422752
396 1.49743 0.00430318
397 1.4976 0.00429566
398 1.49731 0.00429458
399 1.49694 0.00430021
400 1.49672 0.00429488
401 1.49674 0.00428421
402 1.49641 0.00428654
403 1.49656 0.00427844
404 1.49657 0.00426787
405 1.49694 0.00427325
406 1.4968 0.00426503
407 1.49708 0.00426349
408 1.49713 0.00425338
409 1.49714 0.00424299
410 1.49712 0.00423268
411 1.49747 0.00423698
412 1.4975 0.00422679
413 1.49774 0.00422303
414 1.4976 0.00421516
415 1.49813 0.00423923
416 1.49811 0.00422911
417 1.49843 0.00423128
418 1.49836 0.00422171
419 1.49824 0.00421324
420 1.49832 0.00420392
421 1.49837 0.00419414
422 1.49822 0.00418676
423 1.49846 0.00418391
424 1.4984 0.00417452
425 1.49854 0.00416711
426 1.49848 0.0041577
427 1.49851 0.00414805
428 1.49845 0.00413881
429 1.49856 0.00413063
430 1.49882 0.0041291
431 1.49882 0.00411951
432 1.49893 0.00411145
433 1.49859 0.00411558
434 1.49884 0.00411333
435 1.49875 0.00410481
436 1.49861 0.00409788
437 1.49842 0.00409291
438 1.49881 0.00410277
439 1.4987 0.00409496
440 1.49872 0.00408567
441 1.49855 0.00407995
442 1.49874 0.00407536
443 1.49875 0.00406615
444 1.49877 0.00405708
445 1.49854 0.0040548
446 1.49899 0.00407145
447 1.49906 0.00406284
448 1.4993 0.00406079
449 1.49892 0.00406913
450 1.49927 0.00407491
451 1.4991 0.00406949
452 1.49902 0.00406118
453 1.49871 0.00406447
454 1.49844 0.0040643
455 1.49849 0.00405571
456 1.49838 0.00404844
457 1.49835 0.00403965
458 1.49847 0.0040324
459 1.49875 0.00403331
460 1.4985 0.00403227
461 1.49836 0.00402579
462 1.49812 0.00402444
463 1.49818 0.00401619
464 1.49814 0.00400767
465 1.49831 0.00400237
466 1.49839 0.00399476
467 1.49836 0.0039863
468 1.49831 0.0039781
469 1.4982 0.00397119
470 1.4984 0.00396777
471 1.49818 0.00396566
472 1.49806 0.00395907
473 1.49825 0.00395533
474 1.49829 0.00394722
475 1.49824 0.0039393
476 1.4981 0.00393355
477 1.49821 0.00392697
478 1.49855 0.00393372
479 1.4988 0.00393297
480 1.49885 0.00392515
481 1.49892 0.0039175
482 1.49884 0.00391005
483 1.49881 0.00390208
484 1.49877 0.00389426
485 1.49871 0.00388659
486 1.49859 0.00388041
487 1.49822 0.00389057
488 1.49833 0.00388424
489 1.49835 0.00387634
490 1.49832 0.00386853
491 1.49818 0.0038633
492 1.49824 0.00385599
493 1.49824 0.00384816
494 1.49893 0.00390104
495 1.49866 0.00390274
496 1.49882 0.00389855
497 1.49872 0.00389218
498 1.49877 0.00388471
499 1.4989 0.00387924
500 1.49879 0.0038731
