1 4.79043 0
2 5.07396 0.28353
3 5.20492 0.209633
4 5.17186 0.151874
5 5.15729 0.11854
6 5.08887 0.118532
7 5.05829 0.104742
8 5.04923 0.09116
9 5.03118 0.0823976
10 5.03061 0.0737008
11 5.02807 0.0667133
12 5.02941 0.0609154
13 5.00101 0.0628219
14 5.03912 0.069535
15 5.02783 0.0657106
16 5.02504 0.0615296
17 5.01806 0.0582175
18 5.0232 0.0551283
19 5.01847 0.0523602
20 5.01812 0.0496745
21 5.02395 0.0476083
22 5.00775 0.0481999
23 4.98992 0.0493843
24 5.00259 0.04895
25 5.00299 0.0469529
26 4.99583 0.0456757
27 4.99581 0.0439515
28 4.99262 0.0424726
29 4.98407 0.0418647
30 4.98874 0.0407138
31 5.00676 0.0433059
32 5.00896 0.0419885
33 5.00677 0.040755
34 4.99667 0.0408066
35 4.99058 0.0400896
36 4.98757 0.0390761
37 4.98734 0.038006
38 4.98512 0.0370585
39 4.98687 0.0361379
40 4.98402 0.035338
41 4.98444 0.034468
42 4.97855 0.03415
43 4.98239 0.033567
44 4.98117 0.0328181
45 4.98144 0.0320817
46 4.9803 0.0313973
47 4.97711 0.0308865
48 4.97545 0.0302823
49 4.97665 0.0296822
50 4.97688 0.0290834
51 4.97924 0.0286046
52 4.97704 0.0281348
53 4.97131 0.0281882
54 4.97038 0.0276768
55 4.97333 0.0273283
56 4.97815 0.0272647
57 4.98077 0.02691
58 4.97582 0.0269008
59 4.97558 0.0264421
60 4.97707 0.0260407
61 4.98332 0.02636
62 4.98339 0.0259315
63 4.98061 0.0256675
64 4.97981 0.0252761
65 4.97463 0.0254162
66 4.97462 0.0250281
67 4.9761 0.0246962
68 4.97561 0.0243353
69 4.97496 0.0239889
70 4.97999 0.0241741
71 4.98171 0.0238932
72 4.9837 0.0236425
73 4.98643 0.0234753
74 4.98922 0.0233241
75 4.98413 0.0235671
76 4.98445 0.0232572
77 4.98693 0.0230866
78 4.98958 0.0229421
79 4.98983 0.0226512
80 4.98495 0.0228908
81 4.98552 0.0226135
82 4.98446 0.0223611
83 4.98366 0.0221044
84 4.98628 0.021996
85 4.9893 0.0219447
86 4.98677 0.0218348
87 4.99124 0.0220397
88 4.99036 0.0218058
89 4.98968 0.0215701
90 4.99463 0.0218966
91 4.99561 0.0216769
92 4.99357 0.0215367
93 4.99053 0.0215205
94 4.99232 0.0213656
95 4.99165 0.0211502
96 4.99157 0.0209288
97 4.99289 0.0207539
98 4.9923 0.0205495
99 4.99389 0.0204033
100 4.9943 0.0202024
101 4.99434 0.0200014
102 4.9955 0.0198386
103 4.99761 0.019758
104 4.99707 0.0195746
105 4.99207 0.0200219
106 4.99624 0.0202654
107 4.99677 0.0200822
108 4.9966 0.0198962
109 5.00013 0.0200269
110 4.99933 0.0198603
111 4.99723 0.0197916
112 4.99596 0.0196554
113 4.99625 0.0194828
114 4.99534 0.0193326
115 4.99788 0.0193312
116 4.99996 0.019276
117 5.00172 0.0191913
118 5.00308 0.0190764
119 5.00437 0.0189597
120 5.00241 0.0189033
121 5.0041 0.0188223
122 4.99952 0.0192194
123 4.99954 0.0190625
124 4.99768 0.0189995
125 4.99746 0.0188482
126 4.99856 0.0187308
127 5.00108 0.0187519
128 5.00005 0.018633
129 5.00165 0.0185567
130 5.0029 0.0184559
131 5.00039 0.0184851
132 5.00168 0.0183894
133 4.99937 0.0183963
134 5.00233 0.0184967
135 5.0014 0.0183822
136 5.00097 0.0182517
137 5.00149 0.0181255
138 5.00262 0.0180291
139 5.00483 0.0180343
140 5.00683 0.0180165
141 5.00491 0.0179905
142 5.00197 0.018104
143 5.00234 0.0179807
144 5.00172 0.0178661
145 5.00353 0.0178342
146 5.00376 0.0177132
147 5.0052 0.0176504
148 5.00481 0.0175349
149 5.00433 0.0174234
150 5.00331 0.0173373
151 5.00078 0.0174069
152 5.00094 0.0172928
153 4.99889 0.0173009
154 4.9981 0.0172063
155 4.99746 0.0171069
156 4.99766 0.016998
157 4.99727 0.0168938
158 4.99733 0.0167867
159 4.99625 0.0167157
160 4.99777 0.01668
161 4.9982 0.0165816
162 4.99687 0.0165324
163 4.99608 0.0164494
164 4.99833 0.0165031
165 4.99784 0.0164102
166 5.00046 0.0165209
167 5.00124 0.0164401
168 5.00143 0.016343
169 4.99878 0.0164598
170 4.99823 0.016372
171 4.99686 0.0163336
172 4.99576 0.0162755
173 4.99481 0.0162092
174 4.99416 0.0161289
175 4.99223 0.0161521
176 4.99217 0.0160602
177 4.99214 0.0159692
178 4.99138 0.0158977
179 4.99108 0.0158114
180 4.98816 0.0159921
181 4.98881 0.0159171
182 4.98686 0.0159496
183 4.98715 0.0158648
184 4.98645 0.0157939
185 4.98519 0.0157586
186 4.98433 0.0156968
187 4.98457 0.0156144
188 4.98493 0.0155353
189 4.98625 0.0155091
190 4.98813 0.0155412
191 4.98661 0.0155337
192 4.98514 0.0155223
193 4.98364 0.0155148
194 4.98557 0.0155549
195 4.9839 0.0155648
196 4.98254 0.0155445
197 4.98392 0.015527
198 4.98625 0.0156231
199 4.98658 0.0155477
200 4.98695 0.0154744
201 4.98567 0.0154506
202 4.98477 0.0154003
203 4.98584 0.0153616
204 4.98693 0.0153247
205 4.98693 0.0152498
206 4.98608 0.0151995
207 4.9854 0.015141
208 4.98647 0.0151061
209 4.98592 0.015044
210 4.98478 0.0150154
211 4.98496 0.0149451
212 4.98599 0.0149104
213 4.98584 0.014841
214 4.98879 0.0150643
215 4.98875 0.0149941
216 4.98902 0.0149268
217 4.9884 0.0148704
218 4.98758 0.0148252
219 4.98455 0.0150642
220 4.98457 0.0149956
221 4.98328 0.0149827
222 4.98194 0.0149752
223 4.98192 0.0149079
224 4.98452 0.0150669
225 4.98421 0.015003
226 4.98548 0.014991
227 4.98606 0.0149359
228 4.98482 0.0149211
229 4.98381 0.0148907
230 4.98264 0.0148716
231 4.98478 0.0149612
232 4.9847 0.0148969
233 4.98398 0.0148499
234 4.98506 0.0148253
235 4.98672 0.0148557
236 4.98613 0.0148046
237 4.98586 0.0147444
238 4.98666 0.0147042
239 4.98712 0.0146497
240 4.98701 0.0145889
241 4.98693 0.0145284
242 4.98758 0.0144828
243 4.98646 0.0144662
244 4.98552 0.0144376
245 4.98565 0.0143791
246 4.98623 0.0143322
247 4.98633 0.0142744
248 4.98633 0.0142168
249 4.98557 0.0141795
250 4.98537 0.0141241
251 4.98673 0.0141329
252 4.98704 0.0140801
253 4.98681 0.0140263
254 4.98647 0.013975
255 4.98717 0.0139375
256 4.98745 0.0138857
257 4.9883 0.013858
258 4.98775 0.013815
259 4.98803 0.0137644
260 4.98617 0.0138378
261 4.98775 0.0138756
262 4.98771 0.0138226
263 4.98784 0.0137705
264 4.98693 0.0137488
265 4.98653 0.0137026
266 4.98623 0.0136542
267 4.98569 0.0136139
268 4.98636 0.0135797
269 4.98579 0.0135412
270 4.98575 0.013491
271 4.98525 0.0134504
272 4.98649 0.0134586
273 4.98599 0.0134185
274 4.98632 0.0133734
275 4.98557 0.0133453
276 4.98567 0.0132972
277 4.98698 0.0133136
278 4.98637 0.0132796
279 4.98594 0.0132387
280 4.9857 0.0131937
281 4.98592 0.0131486
282 4.98502 0.0131325
283 4.98568 0.0131021
284 4.98658 0.0130876
285 4.98767 0.013087
286 4.98873 0.0130837
287 4.98858 0.0130388
288 4.98832 0.0129961
289 4.98947 0.0130021
290 4.98927 0.0129587
291 4.99051 0.0129731
292 4.98977 0.0129493
293 4.98931 0.0129134
294 4.9892 0.0128699
295 4.98954 0.0128306
296 4.99033 0.0128117
297 4.99012 0.0127703
298 4.99001 0.0127278
299 4.989 0.0127254
300 4.98757 0.0127626
301 4.98677 0.0127458
302 4.98614 0.0127187
303 4.98604 0.0126771
304 4.98638 0.0126399
305 4.98647 0.0125987
306 4.98721 0.0125792
307 4.98908 0.0126773
308 4.98889 0.0126375
309 4.98998 0.0126436
310 4.99074 0.0126256
311 4.98965 0.0126322
312 4.99072 0.0126373
313 4.9922 0.0126827
314 4.99195 0.0126446
315 4.99287 0.0126377
316 4.9928 0.0125978
317 4.99166 0.0126101
318 4.99232 0.012588
319 4.99148 0.012577
320 4.99209 0.0125526
321 4.99198 0.0125139
322 4.99174 0.0124773
323 4.99146 0.0124418
324 4.99155 0.0124036
325 4.99256 0.0124062
326 4.99287 0.012372
327 4.99298 0.0123346
328 4.99312 0.0122977
329 4.99216 0.0122975
330 4.99239 0.0122623
331 4.99237 0.0122253
332 4.9935 0.0122409
333 4.99346 0.0122041
334 4.99329 0.0121687
335 4.99219 0.0121821
336 4.99175 0.0121538
337 4.99004 0.0122371
338 4.99072 0.0122193
339 4.99185 0.0122362
340 4.99232 0.012209
341 4.99207 0.0121757
342 4.99309 0.0121828
343 4.99422 0.0121999
344 4.99421 0.0121644
345 4.99374 0.0121382
346 4.99352 0.0121052
347 4.99463 0.0121212
348 4.99359 0.0121304
349 4.9939 0.0120994
350 4.9948 0.0120982
351 4.99453 0.0120667
352 4.9948 0.0120355
353 4.9955 0.0120219
354 4.99523 0.0119909
355 4.99392 0.0120292
356 4.99309 0.0120237
357 4.99293 0.011991
358 4.99329 0.0119627
359 4.993 0.0119327
360 4.99262 0.0119057
361 4.9939 0.0119412
362 4.99492 0.0119519
363 4.9954 0.0119284
364 4.99592 0.011907
365 4.99677 0.011905
366 4.99625 0.0118838
367 4.99566 0.0118662
368 4.99509 0.0118475
369 4.99513 0.0118154
370 4.99485 0.0117869
371 4.99392 0.0117913
372 4.99438 0.0117685
373 4.99409 0.0117406
374 4.99435 0.011712
375 4.99543 0.0117308
376 4.99497 0.0117085
377 4.99518 0.0116793
378 4.99541 0.0116506
379 4.99582 0.0116269
380 4.99589 0.0115965
381 4.99679 0.0116009
382 4.99676 0.0115705
383 4.99592 0.0115711
384 4.99561 0.0115449
385 4.99501 0.0115307
386 4.99542 0.0115081
387 4.99554 0.011479
388 4.99537 0.0114505
389 4.99629 0.0114585
390 4.99692 0.0114461
391 4.99695 0.0114169
392 4.99705 0.0113881
393 4.99607 0.0114013
394 4.99618 0.0113729
395 4.9974 0.01141
396 4.99758 0.0113824
397 4.99814 0.0113676
398 5.00016 0.0115185
399 5.00019 0.0114896
400 5.00004 0.0114619
401 5.0002 0.0114345
402 5.0004 0.0114077
403 5.00123 0.0114098
404 5.00075 0.0113916
405 5.00065 0.0113639
406 5.0006 0.011336
407 5.00053 0.0113084
408 5.0007 0.0112819
409 5.00084 0.0112553
410 5.00029 0.0112415
411 5.00088 0.0112295
412 5.00102 0.0112031
413 5.0003 0.011199
414 5.00075 0.0111809
415 5.00171 0.0111946
416 5.0008 0.0112044
417 5.00101 0.0111795
418 5.00032 0.0111743
419 4.99978 0.0111606
420 4.99952 0.0111371
421 4.99946 0.0111107
422 4.99882 0.0111031
423 4.9985 0.0110812
424 4.99903 0.0110674
425 4.9997 0.0110621
426 5.00035 0.0110551
427 4.9997 0.0110483
428 4.99975 0.0110226
429 5.00043 0.0110182
430 4.99984 0.0110083
431 4.99893 0.0110206
432 4.99836 0.0110099
433 4.99858 0.0109868
434 4.99847 0.010962
435 4.99861 0.0109375
436 4.99838 0.0109148
437 4.99901 0.0109082
438 4.9988 0.0108852
439 4.99807 0.0108851
440 4.99745 0.010878
441 4.99655 0.0108907
442 4.99666 0.0108666
443 4.99676 0.0108425
444 4.9973 0.0108318
445 4.9971 0.0108093
446 4.99698 0.0107858
447 4.99701 0.0107616
448 4.997 0.0107376
449 4.99784 0.0107461
450 4.99671 0.0107815
451 4.99741 0.0107802
452 4.99833 0.0107957
453 4.99765 0.0107931
454 4.99754 0.0107699
455 4.99773 0.0107479
456 4.99804 0.0107286
457 4.9984 0.0107113
458 4.99895 0.0107018
459 4.99867 0.0106821
460 4.99835 0.0106637
461 4.99817 0.010642
462 4.99854 0.0106254
463 4.99849 0.0106026
464 4.99814 0.0105855
465 4.99803 0.0105633
466 4.99845 0.010549
467 4.99784 0.0105446
468 4.99845 0.0105398
469 4.99955 0.0105747
470 4.99923 0.0105569
471 4.99933 0.0105349
472 4.99976 0.0105213
473 4.99909 0.0105207
474 4.99911 0.0104985
475 4.99897 0.0104773
476 4.99871 0.0104584
477 4.99855 0.0104377
478 4.9981 0.0104256
479 4.99848 0.0104108
480 4.99814 0.0103945
481 4.99858 0.010382
482 4.99782 0.0103886
483 4.99826 0.0103767
484 4.99795 0.0103599
485 4.99782 0.0103394
486 4.99776 0.0103183
487 4.9984 0.0103173
488 4.99969 0.0103767
489 4.99961 0.0103558
490 4.99999 0.0103417
491 5.00043 0.0103301
492 5.00073 0.0103134
493 5.00026 0.0103033
494 4.99882 0.0103824
495 4.99837 0.0103711
496 4.99806 0.010355
497 4.99835 0.0103384
498 4.99808 0.0103213
499 4.99807 0.0103006
500 4.99788 0.0102819
