1 4.7311 0
2 5.02513 0.29403
3 5.17904 0.229145
4 5.11778 0.173225
5 5.20496 0.160017
6 5.16674 0.13613
7 5.12528 0.122294
8 5.08546 0.113147
9 5.05538 0.104223
10 5.0972 0.10217
11 5.06826 0.0968396
12 5.01255 0.104492
13 5.00439 0.0964647
14 4.9936 0.0899577
15 4.99807 0.0838652
16 5.02122 0.0817933
17 5.02774 0.0771079
18 5.00923 0.0750191
19 5.0234 0.072363
20 5.02464 0.0686607
21 5.01141 0.0666364
22 5.0031 0.0640764
23 5.02178 0.0640131
24 5.02818 0.0616215
25 5.02608 0.0591426
26 5.0286 0.0568783
27 5.0239 0.0549324
28 5.03122 0.0534369
29 5.03079 0.0515631
30 5.01998 0.0509734
31 5.01798 0.0493424
32 5.02899 0.0490295
33 5.0224 0.0479756
34 5.01696 0.0468596
35 5.0245 0.0461214
36 5.01892 0.0451678
37 5.01907 0.0439304
38 5.01861 0.0427611
39 5.00604 0.0435062
40 5.02989 0.0486534
41 5.02983 0.0474519
42 5.01914 0.0475267
43 5.01906 0.0464083
44 5.01376 0.0456492
45 5.00542 0.0453962
46 5.00601 0.0444023
47 5.0029 0.0435582
48 5.0009 0.0426881
49 5.00023 0.0418132
50 4.99627 0.0411587
51 5.00306 0.0409102
52 5.00227 0.0401234
53 5.00774 0.0397366
54 5.00187 0.0394334
55 5.00157 0.0387109
56 5.00163 0.0380134
57 5.0038 0.0374036
58 5.00932 0.0371648
59 5.00818 0.0365472
60 5.00555 0.0360291
61 5.005 0.0354377
62 5.00357 0.0348908
63 5.00216 0.0343614
64 4.99866 0.0340012
65 4.99943 0.0334828
66 4.99676 0.0330794
67 4.99595 0.032592
68 4.9941 0.0321626
69 4.99047 0.0319002
70 4.99119 0.0314495
71 4.99465 0.0311957
72 4.99796 0.0309367
73 5.00029 0.0305987
74 5.00071 0.0301854
75 5.00073 0.0297802
76 5.00046 0.029387
77 4.99467 0.0295749
78 4.9945 0.0291938
79 4.99889 0.0291544
80 5.00201 0.0289563
81 5.00241 0.0285994
82 4.99988 0.0283619
83 5.00298 0.02819
84 5.00187 0.0278747
85 5.00162 0.0275459
86 4.99981 0.0272837
87 5.00454 0.0273791
88 5.0042 0.0270683
89 5.0086 0.0271223
90 5.0095 0.0268343
91 5.00265 0.0274062
92 5.00141 0.0271351
93 5.00157 0.0268422
94 4.99758 0.0268533
95 4.99736 0.02657
96 4.99579 0.0263391
97 4.99246 0.026278
98 4.99043 0.0260876
99 4.99118 0.0258338
100 4.98669 0.0259664
101 4.98896 0.025808
102 4.98749 0.025596
103 4.98338 0.0256761
104 4.97969 0.0256947
105 4.98013 0.0254525
106 4.9803 0.0252119
107 4.98268 0.0250884
108 4.98414 0.0248976
109 4.98269 0.0247103
110 4.98044 0.0245879
111 4.97873 0.0244256
112 4.98508 0.0250248
113 4.98878 0.0250778
114 4.98751 0.0248894
115 4.98666 0.0246868
116 4.98687 0.024474
117 4.98742 0.0242702
118 4.98779 0.0240665
119 4.99003 0.0239681
120 4.98822 0.0238361
121 4.99064 0.0237615
122 4.99136 0.0235769
123 4.99274 0.0234255
124 4.99296 0.0232368
125 4.98965 0.0232872
126 4.99077 0.0231292
127 4.9952 0.0233699
128 4.99444 0.0231993
129 4.99606 0.0230759
130 4.99432 0.0229637
131 4.99618 0.0228632
132 4.99441 0.0227576
133 4.99406 0.0225887
134 4.99228 0.0224897
135 4.99053 0.0223913
136 4.98948 0.0222507
137 4.98844 0.0221121
138 4.98595 0.022092
139 4.98759 0.0219936
140 4.9865 0.0218634
141 4.98647 0.0217078
142 4.98534 0.0215842
143 4.98548 0.0214332
144 4.98559 0.0212841
145 4.98894 0.0214013
146 4.99141 0.0213974
147 4.98778 0.0215598
148 4.98989 0.0215171
149 4.99321 0.0216285
150 4.99352 0.0214861
151 4.99339 0.0213438
152 4.99649 0.0214286
153 4.99818 0.0213551
154 4.99876 0.0212241
155 5.00097 0.0212019
156 4.99788 0.0212906
157 4.99629 0.0212147
158 4.99684 0.0210873
159 4.99703 0.0209552
160 4.9945 0.0209769
161 4.99369 0.0208623
162 4.99487 0.0207669
163 4.99502 0.0206397
164 4.99547 0.0205184
165 4.99562 0.0203942
166 4.99482 0.0202868
167 4.99495 0.0201654
168 4.99448 0.0200506
169 4.99401 0.0199372
170 4.99172 0.0199505
171 4.98961 0.0199453
172 4.99036 0.0198428
173 4.99041 0.0197279
174 4.99037 0.0196142
175 4.99028 0.019502
176 4.98897 0.0194353
177 4.98825 0.0193388
178 4.98641 0.0193175
179 4.98822 0.019295
180 4.98688 0.0192347
181 4.98622 0.0191394
182 4.98516 0.0190636
183 4.98477 0.0189632
184 4.98424 0.0188671
185 4.98404 0.018766
186 4.98626 0.0187971
187 4.98697 0.0187098
188 4.98583 0.0186453
189 4.98589 0.0185465
190 4.98498 0.0184713
191 4.9835 0.0184337
192 4.98513 0.0184102
193 4.98526 0.018315
194 4.98514 0.0182208
195 4.98882 0.0184961
196 4.99141 0.0185842
197 4.9904 0.0185176
198 4.98848 0.018523
199 4.98834 0.0184302
200 4.98708 0.018381
201 4.986 0.0183211
202 4.98605 0.0182302
203 4.98509 0.0181654
204 4.98567 0.0180852
205 4.98673 0.0180279
206 4.98549 0.0179828
207 4.98664 0.0179326
208 4.98489 0.0179321
209 4.98457 0.0178488
210 4.98197 0.0179532
211 4.98354 0.017937
212 4.98168 0.0179491
213 4.98113 0.0178733
214 4.98029 0.0178093
215 4.97968 0.0177366
216 4.9779 0.0177439
217 4.97824 0.0176652
218 4.97784 0.0175885
219 4.97673 0.0175436
220 4.97849 0.0175529
221 4.9802 0.0175566
222 4.97991 0.0174797
223 4.98043 0.0174086
224 4.97993 0.0173377
225 4.9809 0.0172877
226 4.9789 0.0173267
227 4.9782 0.0172645
228 4.97775 0.0171946
229 4.97878 0.0171501
230 4.97884 0.0170755
231 4.98147 0.0172036
232 4.98154 0.0171294
233 4.98071 0.0170759
234 4.98068 0.0170028
235 4.98043 0.0169322
236 4.98227 0.0169605
237 4.98308 0.0169085
238 4.98371 0.016849
239 4.98258 0.0168166
240 4.98249 0.0167466
241 4.98214 0.0166806
242 4.9818 0.0166151
243 4.98087 0.0165729
244 4.98127 0.0165097
245 4.98216 0.0164666
246 4.98318 0.0164312
247 4.98353 0.0163682
248 4.98416 0.0163143
249 4.98476 0.0162598
250 4.98549 0.0162111
251 4.98597 0.0161534
252 4.98707 0.0161268
253 4.98606 0.0160945
254 4.98428 0.0161302
255 4.98208 0.0162172
256 4.98168 0.0161587
257 4.98349 0.0161973
258 4.98296 0.0161429
259 4.98225 0.0160962
260 4.98362 0.0160926
261 4.98346 0.0160317
262 4.98361 0.0159711
263 4.98329 0.0159135
264 4.98461 0.0159075
265 4.98384 0.0158656
266 4.98418 0.0158093
267 4.98295 0.0157976
268 4.98287 0.0157387
269 4.98201 0.015704
270 4.98127 0.0156631
271 4.98093 0.015609
272 4.98203 0.0155907
273 4.98244 0.0155388
274 4.98165 0.015502
275 4.98154 0.015446
276 4.98202 0.0153975
277 4.98195 0.015342
278 4.98087 0.0153245
279 4.98055 0.0152729
280 4.98178 0.015268
281 4.98157 0.015215
282 4.9797 0.0152755
283 4.9787 0.0152547
284 4.97844 0.0152031
285 4.97802 0.0151555
286 4.97792 0.0151027
287 4.97912 0.0150977
288 4.97827 0.0150695
289 4.97811 0.0150181
290 4.97716 0.0149963
291 4.97713 0.0149447
292 4.97718 0.0148935
293 4.97667 0.0148514
294 4.97642 0.0148028
295 4.97677 0.0147566
296 4.97612 0.0147207
297 4.97617 0.0146711
298 4.97625 0.0146221
299 4.97672 0.0145807
300 4.97772 0.0145658
301 4.97856 0.0145418
302 4.97854 0.0144936
303 4.97803 0.014455
304 4.9774 0.0144209
305 4.97657 0.0143973
306 4.97625 0.0143539
307 4.97741 0.0143543
308 4.97777 0.0143122
309 4.97801 0.0142677
310 4.9779 0.0142221
311 4.97723 0.0141919
312 4.9773 0.0141466
313 4.97767 0.0141062
314 4.97799 0.0140648
315 4.97726 0.0140392
316 4.97728 0.0139947
317 4.97825 0.0139839
318 4.9784 0.0139407
319 4.97784 0.0139082
320 4.97819 0.0138692
321 4.97734 0.0138521
322 4.97754 0.0138105
323 4.97699 0.0137789
324 4.97737 0.0137417
325 4.9783 0.0137308
326 4.97829 0.0136886
327 4.97861 0.0136505
328 4.97863 0.0136088
329 4.97771 0.0135983
330 4.97735 0.0135618
331 4.97752 0.0135218
332 4.97718 0.0134854
333 4.97762 0.0134521
334 4.9784 0.0134343
335 4.97928 0.0134234
336 4.97884 0.0133908
337 4.97956 0.0133703
338 4.97968 0.0133313
339 4.97983 0.0132928
340 4.9801 0.0132563
341 4.97998 0.013218
342 4.98034 0.0131844
343 4.98183 0.0132292
344 4.98322 0.0132638
345 4.9843 0.0132693
346 4.98574 0.0133098
347 4.98534 0.0132775
348 4.98417 0.0132908
349 4.9839 0.0132554
350 4.98356 0.0132219
351 4.98406 0.0131938
352 4.98448 0.013163
353 4.98436 0.0131263
354 4.9844 0.0130892
355 4.98349 0.0130842
356 4.98453 0.0130889
357 4.98364 0.0130825
358 4.98352 0.0130464
359 4.98444 0.0130424
360 4.98536 0.0130389
361 4.98469 0.0130203
362 4.98342 0.0130463
363 4.98369 0.0130132
364 4.98386 0.0129785
365 4.98457 0.0129625
366 4.98328 0.0129918
367 4.98326 0.0129563
368 4.98351 0.0129234
369 4.98337 0.0128891
370 4.98449 0.0129026
371 4.98369 0.0128923
372 4.98384 0.0128585
373 4.98314 0.0128433
374 4.98315 0.012809
375 4.98355 0.0127811
376 4.98374 0.0127484
377 4.98332 0.0127212
378 4.98313 0.012689
379 4.98346 0.0126598
380 4.98365 0.0126279
381 4.98316 0.0126042
382 4.98255 0.0125863
383 4.98282 0.0125565
384 4.98267 0.0125246
385 4.98286 0.0124935
386 4.98192 0.0124968
387 4.98327 0.0125381
388 4.98243 0.0125343
389 4.98245 0.012502
390 4.9827 0.0124723
391 4.98342 0.0124614
392 4.98449 0.0124755
393 4.98487 0.0124494
394 4.98481 0.0124179
395 4.98456 0.012389
396 4.98455 0.0123577
397 4.98555 0.0123667
398 4.98629 0.012358
399 4.98623 0.0123272
400 4.9856 0.0123124
401 4.98598 0.0122876
402 4.98751 0.0123525
403 4.98727 0.0123242
404 4.98751 0.012296
405 4.98787 0.0122711
406 4.98824 0.0122463
407 4.98807 0.0122174
408 4.98784 0.0121896
409 4.98892 0.0122079
410 4.98901 0.0121784
411 4.98824 0.0121729
412 4.98776 0.0121526
413 4.98797 0.0121249
414 4.98796 0.0120956
415 4.98783 0.0120671
416 4.98816 0.0120428
417 4.98791 0.0120166
418 4.98778 0.0119885
419 4.98767 0.0119604
420 4.98682 0.0119618
421 4.98694 0.011934
422 4.98763 0.0119258
423 4.98651 0.0119503
424 4.98591 0.0119374
425 4.98594 0.0119094
426 4.98643 0.0118916
427 4.98569 0.0118867
428 4.98571 0.011859
429 4.98548 0.0118336
430 4.98538 0.0118065
431 4.98506 0.0117834
432 4.98511 0.0117562
433 4.98503 0.0117293
434 4.98683 0.0118391
435 4.98687 0.0118119
436 4.98737 0.0117956
437 4.98743 0.0117687
438 4.98726 0.011743
439 4.98817 0.011752
440 4.98825 0.0117255
441 4.98856 0.011703
442 4.98932 0.0117008
443 4.98999 0.0116935
444 4.9896 0.0116733
445 4.98897 0.0116644
446 4.98792 0.0116856
447 4.98959 0.0117788
448 4.98968 0.0117529
449 4.98907 0.0117427
450 4.9888 0.0117195
451 4.98941 0.011709
452 4.9894 0.0116831
453 4.98899 0.0116647
454 4.98944 0.0116477
455 4.98939 0.0116222
456 4.989 0.011603
457 4.98938 0.0115839
458 4.98872 0.0115774
459 4.98872 0.0115522
460 4.9881 0.0115436
461 4.98873 0.0115355
462 4.98876 0.0115105
463 4.98803 0.0115088
464 4.98811 0.0114842
465 4.98831 0.0114613
466 4.98822 0.0114371
467 4.98796 0.0114157
468 4.98713 0.0114209
469 4.98685 0.0114
470 4.98767 0.0114048
471 4.98818 0.0113923
472 4.98798 0.01137
473 4.98737 0.0113622
474 4.98681 0.0113518
475 4.98689 0.0113281
476 4.9872 0.0113086
477 4.98757 0.0112909
478 4.98699 0.0112822
479 4.98737 0.011265
480 4.98651 0.0112749
481 4.98649 0.0112514
482 4.98587 0.011245
483 4.98564 0.0112241
484 4.98477 0.0112346
485 4.9854 0.0112292
486 4.98569 0.01121
487 4.98544 0.0111898
488 4.98562 0.0111682
489 4.98517 0.0111543
490 4.98573 0.0111457
491 4.98575 0.011123
492 4.98647 0.0111237
493 4.98668 0.0111029
494 4.98596 0.0111034
495 4.98594 0.011081
496 4.986 0.0110588
497 4.98611 0.011037
498 4.98606 0.0110149
499 4.98567 0.0109996
500 4.98513 0.010991
