1 7.63445 7.63445 0
2 7.43645 7.53545 0.0700012
3 7.55783 7.54291 0.0470631
4 7.54024 7.54224 0.035302
5 7.53425 7.54064 0.0282778
6 7.54815 7.54189 0.0235925
7 7.52601 7.53962 0.020331
8 7.56971 7.54338 0.018134
9 7.50223 7.53881 0.0166857
10 7.55415 7.54035 0.0150875
11 7.5425 7.54054 0.0137171
12 7.52898 7.53958 0.0126078
13 7.53219 7.53901 0.0116508
14 7.54142 7.53918 0.0108199
15 7.53434 7.53886 0.0101034
16 7.52244 7.53783 0.00952389
17 7.57138 7.53981 0.00916585
18 7.46452 7.53562 0.00956355
19 7.54813 7.53628 0.00908282
20 7.54813 7.53687 0.00864797
21 7.49558 7.53491 0.00845679
22 7.52584 7.5345 0.00808243
23 7.51668 7.53372 0.00776806
24 7.51799 7.53307 0.00747199
25 7.50598 7.53198 0.00725121
26 7.54636 7.53253 0.00699337
27 7.55963 7.53354 0.00680599
28 7.53369 7.53354 0.00656293
29 7.52873 7.53338 0.00633872
30 7.48974 7.53192 0.00629208
31 7.48753 7.53049 0.00624998
32 7.56118 7.53145 0.00612782
33 7.4899 7.53019 0.0060701
34 7.56867 7.53132 0.00599611
35 7.51193 7.53077 0.00585035
36 7.5151 7.53033 0.00570401
37 7.5011 7.52954 0.00560431
38 7.55873 7.53031 0.0055092
39 7.50828 7.52975 0.00539681
40 7.55039 7.53026 0.00528651
41 7.5126 7.52983 0.00517509
42 7.43666 7.52761 0.00550686
43 7.53522 7.52779 0.00538163
44 7.53955 7.52806 0.00526596
45 7.55543 7.52867 0.00518395
46 7.51456 7.52836 0.00508032
47 7.55371 7.5289 0.00500077
48 7.50094 7.52832 0.0049304
49 7.47585 7.52725 0.00494467
50 7.56017 7.5279 0.00488941
51 7.58883 7.5291 0.00493732
52 7.48667 7.52828 0.00490931
53 7.55448 7.52878 0.00484151
54 7.4788 7.52785 0.00483952
55 7.53753 7.52803 0.00475472
56 7.50116 7.52755 0.00469396
57 7.49982 7.52706 0.00463674
58 7.62243 7.52871 0.00483957
59 7.5446 7.52897 0.00476503
60 7.47364 7.52805 0.00477402
61 7.56659 7.52868 0.00473737
62 7.57447 7.52942 0.00471816
63 7.49855 7.52893 0.00466865
64 7.5939 7.52995 0.00470475
65 7.50325 7.52954 0.00465026
66 7.53571 7.52963 0.00458074
67 7.59444 7.5306 0.00461336
68 7.54822 7.53086 0.00455279
69 7.51543 7.53063 0.00449229
70 7.48473 7.52998 0.00447573
71 7.53706 7.53008 0.0044138
72 7.57167 7.53066 0.00439014
73 7.56251 7.53109 0.00435164
74 7.5781 7.53173 0.00433895
75 7.47654 7.53099 0.00434304
76 7.56043 7.53138 0.00430314
77 7.50801 7.53107 0.00425794
78 7.54113 7.5312 0.0042053
79 7.55338 7.53148 0.00416143
80 7.53308 7.5315 0.00410946
81 7.53027 7.53149 0.00405875
82 7.53787 7.53157 0.00401
83 7.57534 7.53209 0.00399621
84 7.50908 7.53182 0.00395802
85 7.54896 7.53202 0.00391659
86 7.51761 7.53185 0.00387463
87 7.55945 7.53217 0.00384306
88 7.51432 7.53197 0.00380474
89 7.58766 7.53259 0.0038131
90 7.49172 7.53214 0.00379768
91 7.5181 7.53199 0.00375908
92 7.56992 7.5324 0.00374077
93 7.53846 7.53246 0.00370111
94 7.50181 7.53214 0.00367607
95 7.49695 7.53177 0.00365599
96 7.51484 7.53159 0.00362216
97 7.53995 7.53168 0.00358584
98 7.56363 7.532 0.00356405
99 7.49023 7.53158 0.00355294
100 7.56281 7.53189 0.00353111
