1 1.15341 1.15341 0
2 1.18807 1.17074 0.0122551
3 1.16475 1.16874 0.0083314
4 1.16509 1.16783 0.00629838
5 1.1681 1.16788 0.00503894
6 1.16201 1.1669 0.00429326
7 1.1709 1.16748 0.00371765
8 1.15968 1.1665 0.0033781
9 1.17261 1.16718 0.00307011
10 1.16428 1.16689 0.0027768
11 1.17047 1.16722 0.00254341
12 1.17272 1.16767 0.00237242
13 1.16746 1.16766 0.00218998
14 1.16129 1.1672 0.00208027
15 1.16462 1.16703 0.00194867
16 1.1691 1.16716 0.00183117
17 1.15436 1.16641 0.00187193
18 1.17751 1.16702 0.00186685
19 1.16152 1.16673 0.00179095
20 1.16069 1.16643 0.00172671
21 1.17134 1.16667 0.00166024
22 1.16454 1.16657 0.00158758
23 1.1712 1.16677 0.00153125
24 1.16366 1.16664 0.00147291
25 1.16916 1.16674 0.00141745
26 1.16536 1.16669 0.00136393
27 1.16132 1.16649 0.00132784
28 1.1663 1.16648 0.00128044
29 1.16641 1.16648 0.00123629
30 1.17325 1.16671 0.00121551
31 1.17277 1.1669 0.00119192
32 1.1616 1.16674 0.00116611
33 1.17224 1.1669 0.00114265
34 1.16005 1.1667 0.0011267
35 1.16654 1.1667 0.00109451
36 1.16804 1.16673 0.00106475
37 1.17383 1.16693 0.00105312
38 1.16073 1.16676 0.00103793
39 1.1701 1.16685 0.00101484
40 1.16226 1.16673 0.00099593
41 1.16901 1.16679 0.000973187
42 1.18126 1.16713 0.00100913
43 1.16506 1.16709 0.000986816
44 1.16679 1.16708 0.00096441
45 1.16507 1.16703 0.000944007
46 1.17168 1.16714 0.000928871
47 1.16184 1.16702 0.000915922
48 1.17195 1.16713 0.00090258
49 1.17402 1.16727 0.000895056
50 1.16413 1.1672 0.000879354
51 1.15832 1.16703 0.000879177
52 1.1764 1.16721 0.000880544
53 1.16525 1.16717 0.000864705
54 1.17362 1.16729 0.000856903
55 1.16027 1.16716 0.000850776
56 1.1743 1.16729 0.000845072
57 1.17121 1.16736 0.000833036
58 1.1543 1.16713 0.000848574
59 1.167 1.16713 0.000834195
60 1.17913 1.16733 0.000843925
61 1.15679 1.16716 0.000847593
62 1.1577 1.16701 0.000847553
63 1.17272 1.1671 0.000838931
64 1.15563 1.16692 0.000844748
65 1.17348 1.16702 0.000837752
66 1.16621 1.16701 0.000825149
67 1.1584 1.16688 0.000822781
68 1.16887 1.16691 0.000811204
69 1.17183 1.16698 0.000802579
70 1.17852 1.16714 0.000807882
71 1.16798 1.16716 0.000796589
72 1.16402 1.16711 0.000786714
73 1.16409 1.16707 0.000777028
74 1.15987 1.16697 0.000772596
75 1.17589 1.16709 0.000771386
76 1.15852 1.16698 0.000769437
77 1.17068 1.16703 0.00076094
78 1.16687 1.16703 0.000751187
79 1.16528 1.167 0.000742003
80 1.16937 1.16703 0.000733314
81 1.17214 1.1671 0.000726971
82 1.16371 1.16706 0.000719275
83 1.15874 1.16695 0.00071756
84 1.1727 1.16702 0.000712273
85 1.16565 1.16701 0.000704076
86 1.17084 1.16705 0.000697295
87 1.16126 1.16699 0.000692454
88 1.17091 1.16703 0.000686021
89 1.15378 1.16688 0.000694274
90 1.17156 1.16693 0.000688505
91 1.1698 1.16696 0.00068166
92 1.16098 1.1669 0.00067735
93 1.16922 1.16692 0.000670525
94 1.17333 1.16699 0.000666846
95 1.17057 1.16703 0.000660887
96 1.16835 1.16704 0.000654146
97 1.16322 1.167 0.000648592
98 1.16066 1.16694 0.0006452
99 1.1755 1.16703 0.000644455
100 1.15732 1.16693 0.000645278
