1 -6.38604 -6.38604 0
2 -6.38581 -6.38592 8.14046e-05
3 -6.38543 -6.38576 0.000143827
4 -6.38602 -6.38582 0.000121385
5 -6.38543 -6.38575 0.000119711
6 -6.38574 -6.38575 9.97612e-05
7 -6.38604 -6.38579 9.38043e-05
8 -6.38625 -6.38585 9.83576e-05
9 -6.38552 -6.38581 9.39111e-05
10 -6.38503 -6.38573 0.000112223
11 -6.38528 -6.38569 0.000109275
12 -6.38554 -6.38568 0.000100866
13 -6.38523 -6.38564 9.87293e-05
14 -6.38505 -6.3856 0.000100492
15 -6.38628 -6.38565 0.000103358
16 -6.38651 -6.3857 0.000110096
17 -6.38593 -6.38571 0.000104469
18 -6.38619 -6.38574 0.000101934
19 -6.38574 -6.38574 9.65687e-05
20 -6.38552 -6.38573 9.23567e-05
21 -6.38598 -6.38574 8.87065e-05
22 -6.38672 -6.38579 9.5121e-05
23 -6.38664 -6.38582 9.80123e-05
24 -6.38579 -6.38582 9.39408e-05
25 -6.38699 -6.38587 0.000101213
26 -6.38633 -6.38589 9.88557e-05
27 -6.38591 -6.38589 9.51991e-05
28 -6.38749 -6.38594 0.000107645
29 -6.38637 -6.38596 0.000104909
30 -6.38766 -6.38602 0.000115744
31 -6.38685 -6.38604 0.000115134
32 -6.38625 -6.38605 0.00011172
33 -6.3857 -6.38604 0.000108839
34 -6.38579 -6.38603 0.00010588
35 -6.38651 -6.38604 0.000103737
36 -6.38586 -6.38604 0.000100981
37 -6.38691 -6.38606 0.000100974
38 -6.38582 -6.38606 9.85226e-05
39 -6.38585 -6.38605 9.61437e-05
40 -6.38584 -6.38605 9.38919e-05
41 -6.38551 -6.38603 9.2512e-05
42 -6.38659 -6.38605 9.12595e-05
43 -6.38613 -6.38605 8.91574e-05
44 -6.38524 -6.38603 8.90024e-05
45 -6.38574 -6.38602 8.72503e-05
46 -6.38655 -6.38603 8.61158e-05
47 -6.38535 -6.38602 8.5507e-05
48 -6.38582 -6.38602 8.3824e-05
49 -6.38707 -6.38604 8.48095e-05
50 -6.38598 -6.38604 8.31223e-05
51 -6.38528 -6.38602 8.28165e-05
52 -6.38466 -6.386 8.5235e-05
53 -6.38529 -6.38598 8.46727e-05
54 -6.38545 -6.38597 8.36789e-05
55 -6.38591 -6.38597 8.21639e-05
56 -6.38489 -6.38595 8.29526e-05
57 -6.38539 -6.38594 8.20764e-05
58 -6.38584 -6.38594 8.06799e-05
59 -6.38628 -6.38595 7.95223e-05
60 -6.38638 -6.38595 7.8519e-05
61 -6.38464 -6.38593 8.01085e-05
62 -6.38459 -6.38591 8.1693e-05
63 -6.38607 -6.38591 8.04338e-05
64 -6.38533 -6.3859 7.96875e-05
65 -6.38731 -6.38593 8.13668e-05
66 -6.38614 -6.38593 8.01978e-05
67 -6.38765 -6.38595 8.30204e-05
68 -6.38593 -6.38595 8.18003e-05
69 -6.38581 -6.38595 8.06419e-05
70 -6.38536 -6.38594 7.99274e-05
71 -6.38578 -6.38594 7.88331e-05
72 -6.38635 -6.38595 7.79418e-05
73 -6.38564 -6.38594 7.69869e-05
74 -6.38532 -6.38593 7.63974e-05
75 -6.38599 -6.38593 7.53826e-05
76 -6.38558 -6.38593 7.45332e-05
77 -6.38592 -6.38593 7.35654e-05
78 -6.38478 -6.38592 7.40891e-05
79 -6.38592 -6.38592 7.31513e-05
80 -6.38708 -6.38593 7.36716e-05
81 -6.38631 -6.38593 7.2914e-05
82 -6.38548 -6.38593 7.22399e-05
83 -6.38624 -6.38593 7.14673e-05
84 -6.38545 -6.38593 7.0851e-05
85 -6.38569 -6.38592 7.00705e-05
86 -6.38597 -6.38592 6.92581e-05
87 -6.38575 -6.38592 6.84905e-05
88 -6.38568 -6.38592 6.77673e-05
89 -6.38604 -6.38592 6.70186e-05
90 -6.38519 -6.38591 6.67662e-05
91 -6.38619 -6.38592 6.61038e-05
92 -6.38501 -6.38591 6.61109e-05
93 -6.38659 -6.38591 6.58066e-05
94 -6.38795 -6.38594 6.85733e-05
95 -6.38582 -6.38593 6.78615e-05
96 -6.38626 -6.38594 6.72417e-05
97 -6.38549 -6.38593 6.67045e-05
98 -6.38622 -6.38594 6.6086e-05
99 -6.38662 -6.38594 6.57819e-05
100 -6.38654 -6.38595 6.53904e-05
