0 0.0230664 0 0 0
1 0.0461329 0 0 0
2 0.0691993 0 0 0
3 0.0922657 0 0 0
4 0.115332 0 0 0
5 0.138399 0 0 0
6 0.161465 0 0 0
7 0.184531 0 0 0
8 0.207598 0 0 0
9 0.230664 0 0 0
10 0.253731 0 0 0
11 0.276797 0 0 0
12 0.299864 0 0 0
13 0.32293 0 0 0
14 0.345996 0 0 0
15 0.369063 0 0 0
16 0.392129 0 0 0
17 0.415196 0 0 0
18 0.438262 0 0 0
19 0.461329 0 0 0
20 0.484395 0 0 0
21 0.507461 0 0 0
22 0.530528 0 0 0
23 0.553594 0 0 0
24 0.576661 0 0 0
25 0.599727 0 0 0
26 0.622794 0 0 0
27 0.64586 0 0 0
28 0.668926 0 0 0
29 0.691993 0 0 0
30 0.715059 0 0 0
31 0.738126 0 0 0
32 0.761192 0 0 0
33 0.784259 0 0 0
34 0.807325 0 0 0
35 0.830391 0 0 0
36 0.853458 0 0 0
37 0.876524 0 0 0
38 0.899591 0 0.000104939 3.87943e-05
39 0.922657 0.00598926 0.00222933 0.000242213
40 0.945724 0.051337 0.0424829 0.00105892
41 0.96879 0.288863 0.275907 0.00201929
42 0.991856 0.989302 0.945664 0.0032806
43 1.01492 2.04227 2.13702 0.00616638
44 1.03799 3.34386 3.47194 0.00805912
45 1.06106 4.54342 4.44763 0.00890763
46 1.08412 4.83551 4.69377 0.00927993
47 1.10719 4.33004 4.31409 0.00865586
48 1.13026 3.4022 3.51654 0.00819561
49 1.15332 2.60023 2.58588 0.00718977
50 1.17639 1.75613 1.73866 0.00612696
51 1.19945 1.02929 1.09272 0.0046778
52 1.22252 0.619339 0.627146 0.00378129
53 1.24559 0.331485 0.335704 0.00264376
54 1.26865 0.194553 0.172925 0.00186478
55 1.29172 0.100189 0.0851439 0.00152117
56 1.31479 0.0478723 0.0457791 0.00107544
57 1.33785 0.0360428 0.0387125 0.00108994
58 1.36092 0.064133 0.0570507 0.0011779
59 1.38399 0.0999049 0.103409 0.00144699
60 1.40705 0.185284 0.178424 0.00183317
61 1.43012 0.317447 0.291585 0.00201888
62 1.45319 0.424204 0.441576 0.00234348
63 1.47625 0.601643 0.612329 0.00253002
64 1.49932 0.774745 0.771934 0.00323454
65 1.52238 0.872324 0.891315 0.00372694
66 1.54545 0.947052 0.93763 0.00459957
67 1.56852 0.928443 0.902933 0.00358074
68 1.59158 0.783275 0.788635 0.00347178
69 1.61465 0.603303 0.627585 0.00240984
70 1.63772 0.464838 0.451421 0.00206083
71 1.66078 0.322931 0.30568 0.00213653
72 1.68385 0.202262 0.214257 0.00202928
73 1.70692 0.193132 0.184658 0.00209748
74 1.72998 0.260628 0.242533 0.00223451
75 1.75305 0.425274 0.41813 0.00261042
76 1.77612 0.777488 0.73183 0.00316686
77 1.79918 1.18418 1.17302 0.00370199
78 1.82225 1.67652 1.68919 0.00355988
79 1.84531 2.17382 2.18774 0.00486546
80 1.86838 2.55367 2.53617 0.00514768
81 1.89145 2.58468 2.6435 0.00621044
82 1.91451 2.3993 2.48997 0.00609269
83 1.93758 2.12622 2.12446 0.00504211
84 1.96065 1.64195 1.65588 0.0034367
85 1.98371 1.17777 1.1811 0.00269071
86 2.00678 0.827502 0.780264 0.00278962
87 2.02985 0.545636 0.527313 0.00277076
88 2.05291 0.418769 0.423379 0.00260461
89 2.07598 0.465676 0.454317 0.00268182
90 2.09905 0.602232 0.579714 0.00233788
91 2.12211 0.739313 0.742362 0.00204948
92 2.14518 0.852567 0.895612 0.00233174
93 2.16824 1.00807 0.986485 0.00261671
94 2.19131 1.00514 0.978203 0.00244013
95 2.21438 0.908694 0.901503 0.00230491
96 2.23744 0.734558 0.77574 0.0020949
97 2.26051 0.630049 0.646675 0.00183094
98 2.28358 0.591538 0.566236 0.00269924
99 2.30664 0.571503 0.561867 0.00282701
