1 0.76894 0.76894 0
2 0.792048 0.780494 0.00817008
3 0.776498 0.779162 0.00555427
4 0.776727 0.778553 0.00419892
5 0.778734 0.778589 0.00335929
6 0.774671 0.777936 0.00286218
7 0.780599 0.778317 0.00247843
8 0.773123 0.777667 0.00225207
9 0.781738 0.77812 0.00204674
10 0.776184 0.777926 0.0018512
11 0.780316 0.778143 0.00169561
12 0.781811 0.778449 0.00158161
13 0.778306 0.778438 0.00145999
14 0.774192 0.778135 0.00138684
15 0.776416 0.77802 0.00129911
16 0.7794 0.778106 0.00122078
17 0.769571 0.777604 0.00124795
18 0.785009 0.778016 0.00124457
19 0.774344 0.777822 0.00119397
20 0.773794 0.777621 0.00115114
21 0.780894 0.777777 0.00110682
22 0.776359 0.777712 0.00105839
23 0.780797 0.777847 0.00102083
24 0.775775 0.77776 0.000981939
25 0.779443 0.777828 0.000944965
26 0.776906 0.777792 0.000909285
27 0.774211 0.777659 0.000885229
28 0.777536 0.777655 0.000853625
29 0.777607 0.777653 0.000824191
30 0.782168 0.777804 0.000810338
31 0.781845 0.777934 0.000794612
32 0.774403 0.777824 0.000777405
33 0.781495 0.777935 0.000761766
34 0.773364 0.777801 0.000751131
35 0.777693 0.777798 0.000729676
36 0.778692 0.777822 0.00070983
37 0.782556 0.77795 0.000702079
38 0.773823 0.777842 0.000691955
39 0.780066 0.777899 0.000676558
40 0.774839 0.777822 0.000663953
41 0.779341 0.777859 0.000648791
42 0.787504 0.778089 0.000672756
43 0.776708 0.778057 0.000657877
44 0.777863 0.778052 0.00064294
45 0.776716 0.778023 0.000629338
46 0.78112 0.77809 0.000619247
47 0.774558 0.778015 0.000610615
48 0.781301 0.778083 0.00060172
49 0.782679 0.778177 0.000596704
50 0.776084 0.778135 0.000586236
51 0.772216 0.778019 0.000586118
52 0.784266 0.778139 0.000587029
53 0.776834 0.778115 0.00057647
54 0.782415 0.778194 0.000571269
55 0.773514 0.778109 0.000567184
56 0.782866 0.778194 0.000563381
57 0.780806 0.77824 0.000555357
58 0.769531 0.77809 0.000565716
59 0.778003 0.778088 0.00055613
60 0.786088 0.778222 0.000562617
61 0.771195 0.778107 0.000565062
62 0.771798 0.778005 0.000565036
63 0.781811 0.778065 0.000559288
64 0.770419 0.777946 0.000563165
65 0.782317 0.778013 0.000558501
66 0.777471 0.778005 0.000550099
67 0.772264 0.777919 0.000548521
68 0.779249 0.777939 0.000540803
69 0.781221 0.777986 0.000535053
70 0.785683 0.778096 0.000538588
71 0.778654 0.778104 0.000531059
72 0.776015 0.778075 0.000524476
73 0.776058 0.778047 0.000518018
74 0.773247 0.777983 0.000515064
75 0.783926 0.778062 0.000514257
76 0.772347 0.777987 0.000512958
77 0.78045 0.778019 0.000507293
78 0.777911 0.778017 0.000500791
79 0.776855 0.778003 0.000494668
80 0.779577 0.778022 0.000488876
81 0.78143 0.778064 0.000484647
82 0.775809 0.778037 0.000479517
83 0.77249 0.77797 0.000478373
84 0.781802 0.778016 0.000474849
85 0.777102 0.778005 0.000469384
86 0.780557 0.778034 0.000464863
87 0.774172 0.77799 0.000461636
88 0.780607 0.77802 0.000457347
89 0.769188 0.777921 0.000462849
90 0.781042 0.777955 0.000459004
91 0.779867 0.777976 0.00045444
92 0.773985 0.777933 0.000451567
93 0.779478 0.77795 0.000447017
94 0.78222 0.777995 0.000444564
95 0.780378 0.77802 0.000440591
96 0.778902 0.778029 0.000436097
97 0.775477 0.778003 0.000432395
98 0.773771 0.77796 0.000430133
99 0.783669 0.778017 0.000429637
100 0.771547 0.777953 0.000430186
