1 -7.53945 -7.53945 0
2 -7.57388 -7.55666 0.0121737
3 -7.55018 -7.5545 0.00830547
4 -7.55111 -7.55365 0.00627232
5 -7.55354 -7.55363 0.0050179
6 -7.54775 -7.55265 0.00427625
7 -7.55694 -7.55326 0.00370891
8 -7.54594 -7.55235 0.00335649
9 -7.55812 -7.55299 0.00304433
10 -7.54931 -7.55262 0.00276208
11 -7.55575 -7.55291 0.00252562
12 -7.55826 -7.55335 0.00235421
13 -7.55269 -7.5533 0.00217367
14 -7.54633 -7.5528 0.00207459
15 -7.5509 -7.55268 0.00194016
16 -7.55561 -7.55286 0.00182754
17 -7.54029 -7.55212 0.00186363
18 -7.5637 -7.55276 0.00186785
19 -7.54726 -7.55247 0.00179187
20 -7.54621 -7.55216 0.00172941
21 -7.55732 -7.55241 0.0016644
22 -7.55126 -7.55235 0.00158957
23 -7.55784 -7.55259 0.00153823
24 -7.54945 -7.55246 0.00147971
25 -7.55616 -7.55261 0.00142789
26 -7.55169 -7.55257 0.00137341
27 -7.54723 -7.55238 0.00133674
28 -7.55379 -7.55243 0.00128996
29 -7.55278 -7.55244 0.00124553
30 -7.56091 -7.55272 0.00123562
31 -7.55962 -7.55294 0.00121565
32 -7.54786 -7.55278 0.00118802
33 -7.55794 -7.55294 0.00116225
34 -7.54584 -7.55273 0.00114669
35 -7.55305 -7.55274 0.00111396
36 -7.5539 -7.55277 0.00108348
37 -7.56075 -7.55299 0.00107542
38 -7.54655 -7.55282 0.00106037
39 -7.55595 -7.5529 0.00103621
40 -7.54809 -7.55278 0.00101724
41 -7.55452 -7.55282 0.000993317
42 -7.56785 -7.55318 0.00103208
43 -7.55119 -7.55313 0.00100911
44 -7.55203 -7.55311 0.000986488
45 -7.55082 -7.55306 0.000965878
46 -7.55823 -7.55317 0.000951415
47 -7.54719 -7.55304 0.000939649
48 -7.55778 -7.55314 0.000925231
49 -7.56108 -7.5533 0.000920441
50 -7.5501 -7.55324 0.000904256
51 -7.5436 -7.55305 0.00090606
52 -7.56106 -7.5532 0.000901647
53 -7.55054 -7.55315 0.000886039
54 -7.55907 -7.55326 0.000876381
55 -7.54619 -7.55314 0.000869843
56 -7.55918 -7.55324 0.000860992
57 -7.5566 -7.5533 0.0008479
58 -7.54014 -7.55308 0.000863126
59 -7.55329 -7.55308 0.000848505
60 -7.56551 -7.55329 0.00085928
61 -7.54144 -7.55309 0.000866867
62 -7.54229 -7.55292 0.000870231
63 -7.55878 -7.55301 0.000861384
64 -7.54096 -7.55282 0.00086826
65 -7.56079 -7.55294 0.000863512
66 -7.55234 -7.55294 0.000850476
67 -7.54605 -7.55283 0.000843974
68 -7.5548 -7.55286 0.00083206
69 -7.55764 -7.55293 0.000822877
70 -7.56389 -7.55309 0.000825872
71 -7.55376 -7.5531 0.000814296
72 -7.55037 -7.55306 0.000803865
73 -7.54973 -7.55301 0.000794148
74 -7.5452 -7.55291 0.000790413
75 -7.56188 -7.55303 0.000788876
76 -7.5441 -7.55291 0.000787186
77 -7.55659 -7.55296 0.000778415
78 -7.55165 -7.55294 0.000768618
79 -7.5512 -7.55292 0.000759202
80 -7.55645 -7.55296 0.000750991
81 -7.55846 -7.55303 0.000744777
82 -7.54919 -7.55298 0.000737167
83 -7.54498 -7.55289 0.000734571
84 -7.55815 -7.55295 0.000728492
85 -7.55135 -7.55293 0.000720166
86 -7.55681 -7.55298 0.000713202
87 -7.54701 -7.55291 0.000708295
88 -7.55659 -7.55295 0.000701482
89 -7.53982 -7.5528 0.000708946
90 -7.55675 -7.55285 0.000702426
91 -7.556 -7.55288 0.000695559
92 -7.54599 -7.55281 0.000692019
93 -7.55581 -7.55284 0.00068533
94 -7.56128 -7.55293 0.000683895
95 -7.55639 -7.55296 0.000677667
96 -7.55462 -7.55298 0.000670827
97 -7.54871 -7.55294 0.000665356
98 -7.54687 -7.55288 0.000661439
99 -7.56213 -7.55297 0.000661325
100 -7.54386 -7.55288 0.000660962
