1.5
1.48421
1.43694
1.35866
1.25046
1.11573
0.961579
0.799865
0.646738
0.519797
0.433195
0.393166
0.396583
0.433143
0.489314
0.551957
0.61051
0.657759
0.689793
0.705511
0.706145
0.694858
0.676278
0.655742
0.638595
0.629218
0.630252
0.642264
0.663937
0.692623
0.724913
0.757235
0.786385
0.810115
0.827446
0.83866
0.845144
0.848917
0.851857
0.855057
0.85871
0.862363
0.865247
0.866418
0.864792
0.859295
0.849018
0.833475
0.81296
0.788855
0.763766
0.741061
0.723972
0.714599
0.713442
0.719434
0.730316
0.743183
0.755307
0.764733
0.770509
0.772602
0.771581
0.768248
0.76343
0.757902
0.752534
0.748132
0.745386
0.744785
0.746792
0.751942
0.760868
0.774066
0.791428
0.811817
0.832986
0.851969
0.865929
0.87299
0.872751
0.866022
0.854187
0.83876
0.821286
0.80349
0.787252
0.774189
0.765426
0.761305
0.761373
0.764297
0.768156
0.770802
0.770502
0.766339
0.758302
0.747316
0.735019
0.723545
