0.5 84.95 78.421 1.03544
0.55 62.4326 60.8822 1.31075
0.6 36.9735 43.4768 0.82944
0.65 33.4461 32.5637 0.59594
0.7 21.3923 24.6834 0.425069
0.75 16.5667 18.47 0.296341
0.8 15.6372 15.3082 0.208761
0.85 12.6324 12.1842 0.158063
0.9 9.36531 10.5948 0.180618
0.95 9.21212 8.68587 0.0895162
1 6.97192 7.31861 0.106919
1.05 6.33912 6.48319 0.0642654
1.1 5.50289 5.60382 0.0474986
1.15 4.60255 4.94827 0.0517129
1.2 4.24147 4.3884 0.0315712
1.25 4.0868 3.95624 0.0358312
1.3 3.66266 3.5974 0.0323133
1.35 3.35015 3.29365 0.0235101
1.4 2.98086 2.98944 0.0173218
1.45 2.73823 2.7492 0.019498
1.5 2.49362 2.55344 0.0197261
1.55 2.22233 2.34253 0.0128686
1.6 2.10294 2.18798 0.0103673
1.65 1.98923 2.01692 0.012478
1.7 1.9071 1.9207 0.0110567
1.75 1.83584 1.80367 0.0112729
1.8 1.66752 1.69283 0.00864894
1.85 1.58344 1.58425 0.00824065
1.9 1.48771 1.516 0.00711437
1.95 1.44839 1.42892 0.00644758
2 1.40989 1.37231 0.00665732
