0.5 0.88312 0.88005 0.015534
0.55 0.615312 0.767055 0.0175018
0.6 0.69356 0.670214 0.0186536
0.65 0.486748 0.553413 0.0148444
0.7 0.490604 0.440648 0.0115264
0.75 0.403484 0.365712 0.00943005
0.8 0.31822 0.297771 0.00947136
0.85 0.221428 0.242356 0.00544875
0.9 0.186452 0.193553 0.00613009
0.95 0.17308 0.172234 0.00611246
1 0.159512 0.145956 0.00456963
1.05 0.1346 0.126121 0.00380705
1.1 0.105596 0.110474 0.00410455
1.15 0.113952 0.102527 0.00317693
1.2 0.096656 0.0891902 0.00361523
1.25 0.082864 0.081538 0.00227728
1.3 0.066172 0.0694168 0.00290321
1.35 0.057592 0.06886 0.00209451
1.4 0.055028 0.0568976 0.00176144
1.45 0.055716 0.0555488 0.00210405
1.5 0.044868 0.0497112 0.00172796
1.55 0.034448 0.048161 0.0016851
1.6 0.037128 0.0427854 0.00156306
1.65 0.034284 0.03863 0.00134254
1.7 0.04574 0.0384592 0.00167762
1.75 0.036872 0.0355888 0.00140969
1.8 0.035056 0.0346472 0.00168483
1.85 0.03196 0.0320284 0.00116738
1.9 0.036352 0.0302566 0.000879696
1.95 0.019488 0.027674 0.00111
2 0.031512 0.0254246 0.000906529
