0.5 -0.980512 -0.973482 0.00111834
0.55 -0.958088 -0.956815 0.00159085
0.6 -0.925768 -0.934228 0.00105013
0.65 -0.912216 -0.913904 0.000839596
0.7 -0.888008 -0.892254 0.00079866
0.75 -0.867624 -0.869582 0.000668936
0.8 -0.848336 -0.848942 0.000667319
0.85 -0.824232 -0.825578 0.000655127
0.9 -0.804752 -0.806392 0.000599881
0.95 -0.783448 -0.783028 0.000547363
1 -0.762008 -0.761452 0.00049412
1.05 -0.741312 -0.741265 0.000551205
1.1 -0.722656 -0.720821 0.000513126
1.15 -0.696184 -0.700471 0.000526179
1.2 -0.681912 -0.681914 0.000432766
1.25 -0.66512 -0.664036 0.00038716
1.3 -0.646696 -0.646632 0.000451575
1.35 -0.629824 -0.629296 0.000416798
1.4 -0.60992 -0.612896 0.000371156
1.45 -0.598584 -0.59782 0.000336336
1.5 -0.585264 -0.583135 0.000401923
1.55 -0.568832 -0.568667 0.000326501
1.6 -0.555216 -0.554232 0.000520249
1.65 -0.538992 -0.54102 0.000386696
1.7 -0.527832 -0.52849 0.000509618
1.75 -0.519088 -0.517074 0.000383819
1.8 -0.505528 -0.504864 0.000331367
1.85 -0.492928 -0.493054 0.000379748
1.9 -0.479904 -0.482682 0.000410626
1.95 -0.472024 -0.472204 0.000341729
2 -0.462 -0.462939 0.000422186
