0.5 0.277068 0.330572 0.00922553
0.55 0.40688 0.39193 0.00594987
0.6 0.400979 0.419535 0.00522481
0.65 0.480669 0.423499 0.00606729
0.7 0.415464 0.428236 0.00418625
0.75 0.419992 0.426749 0.00249701
0.8 0.433771 0.436697 0.00273484
0.85 0.43416 0.435289 0.00169901
0.9 0.412552 0.43731 0.00279742
0.95 0.438034 0.427575 0.00257153
1 0.406998 0.421582 0.0026413
1.05 0.420929 0.411349 0.00232988
1.1 0.41354 0.397274 0.00220116
1.15 0.379784 0.385145 0.00198991
1.2 0.368029 0.372655 0.00124882
1.25 0.356435 0.355874 0.00117036
1.3 0.337873 0.344527 0.000923945
1.35 0.31974 0.331366 0.00164385
1.4 0.315988 0.316288 0.00141575
1.45 0.304154 0.303777 0.00109657
1.5 0.297283 0.293116 0.00107781
1.55 0.28669 0.281474 0.00118118
1.6 0.271303 0.269685 0.000892229
1.65 0.255582 0.258636 0.00105023
1.7 0.248439 0.249828 0.000509383
1.75 0.242424 0.240203 0.00079113
1.8 0.233795 0.229703 0.000705905
1.85 0.224349 0.222116 0.000801535
1.9 0.20831 0.212248 0.000497311
1.95 0.205714 0.204226 0.000736802
2 0.199166 0.196477 0.000573817
