1 3.14465 0
2 3.14095 0.00369959
3 3.133 0.00823805
4 3.12705 0.00832448
5 3.13318 0.00889493
6 3.14389 0.0129408
7 3.13911 0.0119364
8 3.13514 0.011071
9 3.1389 0.0104611
10 3.13152 0.0119148
11 3.129 0.0110684
12 3.13113 0.0103263
13 3.13001 0.0095655
14 3.12947 0.00887188
15 3.13316 0.0090431
16 3.13295 0.00846151
17 3.13127 0.0081239
18 3.1326 0.00777375
19 3.13488 0.00769771
20 3.13611 0.00740621
21 3.13672 0.00707134
22 3.13553 0.00684746
23 3.13742 0.00681071
24 3.13832 0.00658209
25 3.13835 0.00631339
26 3.13974 0.00622393
27 3.13819 0.00618741
28 3.13659 0.0061715
29 3.13681 0.00595874
30 3.13674 0.00575708
31 3.13568 0.00566886
32 3.13596 0.00549601
33 3.13617 0.0053309
34 3.13463 0.00539419
35 3.1367 0.00563171
36 3.13706 0.00548477
37 3.13813 0.00543989
38 3.1378 0.00530504
39 3.13853 0.00521914
40 3.13789 0.00512737
41 3.1371 0.00506242
42 3.13725 0.00494271
43 3.13688 0.00484055
44 3.13745 0.00476374
45 3.13779 0.004669
46 3.13754 0.0045733
47 3.13824 0.00452856
48 3.13767 0.00446931
49 3.13924 0.0046515
50 3.1384 0.00463454
51 3.13834 0.00454314
52 3.13782 0.00448578
53 3.13795 0.00440222
54 3.13758 0.00433522
55 3.13698 0.00429826
56 3.13671 0.00422933
57 3.13649 0.00416009
58 3.1361 0.00410701
59 3.13651 0.00405738
60 3.1375 0.00411124
61 3.13719 0.00405551
62 3.13798 0.00406845
63 3.13837 0.0040225
64 3.13874 0.0039764
65 3.13912 0.00393294
66 3.13872 0.00389426
67 3.1381 0.00388548
68 3.13824 0.00383055
69 3.13823 0.00377463
70 3.13915 0.00383214
71 3.13952 0.00379553
72 3.13997 0.00376968
73 3.1405 0.00375475
74 3.14061 0.00370544
75 3.14075 0.00365824
76 3.14176 0.00374795
77 3.14236 0.00374849
78 3.1417 0.00375917
79 3.14215 0.00373828
80 3.14262 0.0037219
81 3.14256 0.00367627
82 3.14268 0.00363327
83 3.14338 0.00365652
84 3.14385 0.0036431
85 3.1442 0.00361667
86 3.14473 0.00361348
87 3.14456 0.00357577
88 3.14467 0.00353673
89 3.14487 0.00350262
90 3.14474 0.00346601
91 3.14409 0.00348954
92 3.14346 0.00350786
93 3.14338 0.00347085
94 3.14322 0.0034373
95 3.14365 0.00342801
96 3.14346 0.00339731
97 3.14332 0.00336529
98 3.14334 0.00333087
99 3.14364 0.00330981
100 3.14366 0.00327663
