1 -0.337977 -0.337977 0
2 -0.332924 -0.33545 0.00178641
3 -0.353843 -0.341581 0.00514564
4 -0.381845 -0.351647 0.00953336
5 -0.339202 -0.349158 0.00794495
6 -0.337304 -0.347182 0.00686206
7 -0.317722 -0.342974 0.00705528
8 -0.368924 -0.346218 0.00687877
9 -0.364831 -0.348286 0.00641785
10 -0.362846 -0.349742 0.00593893
11 -0.39263 -0.353641 0.00655509
12 -0.402479 -0.357711 0.00716167
13 -0.348783 -0.357024 0.00664362
14 -0.364049 -0.357526 0.006188
15 -0.383583 -0.359263 0.00601436
16 -0.380665 -0.3606 0.0057853
17 -0.335283 -0.359111 0.00563342
18 -0.354213 -0.358839 0.00532702
19 -0.348272 -0.358283 0.0050756
20 -0.360601 -0.358399 0.00482314
21 -0.410051 -0.360858 0.00518281
22 -0.414026 -0.363275 0.0054818
23 -0.429286 -0.366145 0.00594751
24 -0.438983 -0.36918 0.00642755
25 -0.442239 -0.372102 0.00680243
26 -0.447121 -0.374988 0.0071265
27 -0.402825 -0.376019 0.00693673
28 -0.432427 -0.378033 0.0069754
29 -0.475638 -0.381399 0.00750305
30 -0.438044 -0.383287 0.00748676
31 -0.39691 -0.383727 0.00725814
32 -0.383249 -0.383712 0.00703133
33 -0.4085 -0.384463 0.00685827
34 -0.416988 -0.38542 0.00672294
35 -0.401562 -0.385881 0.00654666
36 -0.422671 -0.386903 0.00644408
37 -0.436142 -0.388234 0.00640585
38 -0.403323 -0.388631 0.00624957
39 -0.372622 -0.38822 0.00610279
40 -0.409055 -0.388741 0.00597241
41 -0.436256 -0.3899 0.00593812
42 -0.420988 -0.39064 0.00584268
43 -0.381827 -0.390435 0.0057104
44 -0.362559 -0.389802 0.00561565
45 -0.401162 -0.390054 0.00549653
46 -0.461273 -0.391602 0.00559084
47 -0.42657 -0.392346 0.00552117
48 -0.408378 -0.39268 0.00541624
49 -0.396389 -0.392756 0.00530623
50 -0.398496 -0.392871 0.00520135
51 -0.403251 -0.393074 0.00510334
52 -0.382045 -0.392862 0.00500961
53 -0.371952 -0.392468 0.0049306
54 -0.35481 -0.39177 0.00488836
55 -0.369533 -0.391366 0.00481617
56 -0.302709 -0.389783 0.00498359
57 -0.343985 -0.388979 0.0049605
58 -0.363027 -0.388532 0.00489511
59 -0.384902 -0.38847 0.00481253
60 -0.3788 -0.388309 0.00473502
61 -0.361185 -0.387865 0.00467823
62 -0.352944 -0.387301 0.00463655
63 -0.335283 -0.386476 0.0046359
64 -0.358024 -0.386031 0.00458473
65 -0.37927 -0.385927 0.00451537
66 -0.358455 -0.385511 0.0044661
67 -0.407569 -0.38584 0.00441156
68 -0.407414 -0.386157 0.00435808
69 -0.434431 -0.386857 0.00435071
70 -0.416618 -0.387282 0.00430928
71 -0.444435 -0.388087 0.00432312
72 -0.421771 -0.388555 0.00428831
73 -0.413217 -0.388893 0.00424286
74 -0.361863 -0.388527 0.00420121
75 -0.393555 -0.388594 0.00414573
76 -0.373081 -0.38839 0.0040962
77 -0.413675 -0.388719 0.00405615
78 -0.35927 -0.388341 0.00402168
79 -0.368398 -0.388089 0.00397869
80 -0.422265 -0.388516 0.00395182
81 -0.419926 -0.388904 0.00392201
82 -0.380967 -0.388807 0.00387538
83 -0.387683 -0.388793 0.00382871
84 -0.360592 -0.388458 0.00379782
85 -0.367435 -0.38821 0.00376119
86 -0.418925 -0.388567 0.00373437
87 -0.471237 -0.389518 0.00381042
88 -0.384039 -0.389455 0.00376763
89 -0.403685 -0.389615 0.00372869
90 -0.473571 -0.390548 0.00380216
91 -0.463541 -0.39135 0.00384406
92 -0.441205 -0.391892 0.00384028
93 -0.364571 -0.391598 0.00381021
94 -0.378267 -0.391457 0.00377231
95 -0.383146 -0.391369 0.00373362
96 -0.422923 -0.391698 0.00370916
97 -0.474773 -0.392554 0.00376851
98 -0.455295 -0.393194 0.00378404
99 -0.489292 -0.394165 0.00386832
100 -0.465033 -0.394874 0.00389401
