1 1.80189 1.80189 0
2 1.79679 1.79934 0.0018043
3 1.81774 1.80547 0.00514899
4 1.84573 1.81554 0.00953248
5 1.80307 1.81304 0.00794559
6 1.80116 1.81106 0.00686358
7 1.78165 1.80686 0.00705261
8 1.83288 1.81011 0.00688024
9 1.82877 1.81219 0.00642056
10 1.82669 1.81364 0.00594008
11 1.85643 1.81753 0.00655132
12 1.86625 1.82159 0.00715377
13 1.81254 1.82089 0.00663728
14 1.82781 1.82139 0.00618155
15 1.84738 1.82312 0.00600736
16 1.84451 1.82446 0.00577875
17 1.79915 1.82297 0.0056273
18 1.81807 1.8227 0.00532123
19 1.81214 1.82214 0.00507009
20 1.82447 1.82226 0.00481792
21 1.8739 1.82472 0.00517812
22 1.87783 1.82713 0.00547671
23 1.89303 1.83 0.00594107
24 1.90276 1.83303 0.00642079
25 1.90603 1.83595 0.00679554
26 1.91088 1.83883 0.00711911
27 1.86665 1.83986 0.00692963
28 1.89629 1.84187 0.00696903
29 1.93949 1.84524 0.00749768
30 1.90181 1.84713 0.0074811
31 1.86063 1.84756 0.00725244
32 1.847 1.84754 0.00702582
33 1.87232 1.8483 0.00685293
34 1.88089 1.84925 0.00671807
35 1.86542 1.84972 0.00654199
36 1.88656 1.85074 0.00643981
37 1.9001 1.85207 0.00640243
38 1.86722 1.85247 0.00624634
39 1.83651 1.85206 0.00609957
40 1.87294 1.85258 0.00596936
41 1.90013 1.85374 0.00593532
42 1.88486 1.85448 0.00584004
43 1.84562 1.85428 0.00570786
44 1.8264 1.85364 0.00561321
45 1.86498 1.8539 0.00549412
46 1.92515 1.85545 0.00558874
47 1.89053 1.85619 0.00551945
48 1.87232 1.85653 0.00541467
49 1.86027 1.8566 0.00530471
50 1.86231 1.85672 0.00519984
51 1.86709 1.85692 0.00510186
52 1.8459 1.85671 0.00500815
53 1.8358 1.85632 0.00492917
54 1.81866 1.85562 0.00488697
55 1.83336 1.85521 0.00481484
56 1.76659 1.85363 0.00498218
57 1.8079 1.85283 0.00495896
58 1.82691 1.85238 0.00489355
59 1.84876 1.85232 0.00481099
60 1.84269 1.85216 0.00473349
61 1.82509 1.85172 0.00467664
62 1.81682 1.85115 0.00463496
63 1.79915 1.85033 0.00463432
64 1.82183 1.84988 0.00458325
65 1.84302 1.84978 0.00451396
66 1.82218 1.84936 0.00446489
67 1.87132 1.84969 0.00441027
68 1.87112 1.85 0.00435666
69 1.89809 1.8507 0.00434891
70 1.88024 1.85112 0.00430721
71 1.90803 1.85192 0.00432049
72 1.88534 1.85239 0.00428534
73 1.87685 1.85272 0.00423972
74 1.82557 1.85235 0.00419827
75 1.85733 1.85242 0.00414282
76 1.83686 1.85222 0.00409336
77 1.87745 1.85254 0.0040533
78 1.82303 1.85217 0.00401896
79 1.83213 1.85191 0.00397609
80 1.88599 1.85234 0.00394913
81 1.88363 1.85272 0.00391923
82 1.84465 1.85263 0.00387267
83 1.85136 1.85261 0.00382604
84 1.82434 1.85227 0.00379527
85 1.83119 1.85203 0.00375872
86 1.88268 1.85238 0.00373188
87 1.93501 1.85333 0.00380791
88 1.84775 1.85327 0.00376517
89 1.86747 1.85343 0.00372625
90 1.93741 1.85436 0.00379988
91 1.92739 1.85516 0.00384194
92 1.90504 1.85571 0.00383824
93 1.82836 1.85541 0.00380822
94 1.84204 1.85527 0.00377036
95 1.84694 1.85518 0.00373169
96 1.88674 1.85551 0.00370727
97 1.93854 1.85637 0.00376658
98 1.91903 1.85701 0.00378203
99 1.95304 1.85798 0.00386624
100 1.92878 1.85868 0.00389186
