1 0.0530006 0.0530006 0
2 0.0537301 0.0533654 0.000257887
3 0.0476834 0.0514714 0.00155595
4 0.0538146 0.0520572 0.00127246
5 0.0454235 0.0507304 0.00156347
6 0.0563523 0.0516674 0.00155857
7 0.0447047 0.0506727 0.00162256
8 0.0554331 0.0512678 0.00152495
9 0.0514398 0.0512869 0.00135563
10 0.0511304 0.0512712 0.00122016
11 0.0547625 0.0515886 0.00114977
12 0.0561822 0.0519714 0.00111586
13 0.0522133 0.05199 0.00103018
14 0.0488938 0.0517689 0.000980049
15 0.0476272 0.0514928 0.000952814
16 0.0554553 0.0517404 0.00092489
17 0.0540253 0.0518748 0.000880196
18 0.0499787 0.0517695 0.000837576
19 0.0482614 0.0515849 0.000813589
20 0.049612 0.0514862 0.000778867
21 0.0536226 0.0515879 0.000748392
22 0.0476003 0.0514067 0.000735997
23 0.0504895 0.0513668 0.000705077
24 0.0537169 0.0514647 0.000682464
25 0.0498186 0.0513989 0.000658334
26 0.0574173 0.0516304 0.000672478
27 0.0537801 0.05171 0.000652268
28 0.0508672 0.0516799 0.000629667
29 0.0517731 0.0516831 0.000607962
30 0.0575489 0.0518786 0.00061834
31 0.0545272 0.0519641 0.000604267
32 0.0506407 0.0519227 0.000586798
33 0.0567285 0.0520683 0.000586809
34 0.0506421 0.0520264 0.000571047
35 0.0474107 0.0518945 0.000569756
36 0.0498136 0.0518367 0.000556854
37 0.051262 0.0518212 0.00054202
38 0.0544501 0.0518904 0.000532153
39 0.0481646 0.0517948 0.000527013
40 0.0505056 0.0517626 0.000514823
41 0.0544446 0.051828 0.000506405
42 0.0549329 0.0519019 0.000499715
43 0.0521109 0.0519068 0.000488117
44 0.0544526 0.0519647 0.00048044
45 0.051628 0.0519572 0.000469822
46 0.0578846 0.052086 0.000476952
47 0.052233 0.0520892 0.000466814
48 0.0523163 0.0520939 0.000457113
49 0.0539471 0.0521317 0.000449346
50 0.0531183 0.0521514 0.000440792
51 0.0532481 0.0521729 0.000432673
52 0.0497412 0.0521262 0.000426873
53 0.0528283 0.0521394 0.000419024
54 0.050693 0.0521126 0.000412119
55 0.0541365 0.0521494 0.000406266
56 0.0466651 0.0520515 0.000410646
57 0.0527073 0.052063 0.000403603
58 0.0507509 0.0520404 0.000397277
59 0.0497386 0.0520014 0.000392455
60 0.0540053 0.0520348 0.000387332
61 0.0522318 0.052038 0.000380996
62 0.0514285 0.0520282 0.000374978
63 0.0453446 0.0519221 0.00038374
64 0.0506223 0.0519018 0.000378281
65 0.0488117 0.0518542 0.000375437
66 0.0483123 0.0518006 0.000373564
67 0.0562257 0.0518666 0.000373781
68 0.0509834 0.0518536 0.00036851
69 0.0584733 0.0519496 0.00037545
70 0.0512842 0.0519401 0.000370207
71 0.0522038 0.0519438 0.000365011
72 0.0517023 0.0519404 0.000359957
73 0.0580387 0.052024 0.000364591
74 0.0485292 0.0519767 0.00036271
75 0.0483131 0.0519279 0.000361148
76 0.0527586 0.0519388 0.000356561
77 0.0520758 0.0519406 0.000351935
78 0.0489439 0.0519022 0.000349514
79 0.0534745 0.0519221 0.000345656
80 0.0521434 0.0519248 0.000341346
81 0.0562111 0.0519778 0.000341209
82 0.0483389 0.0519334 0.000339921
83 0.0575056 0.0520005 0.000342391
84 0.0501582 0.0519786 0.000339017
85 0.0429288 0.0518721 0.000351349
86 0.0518977 0.0518724 0.000347264
87 0.0581961 0.0519451 0.000350797
88 0.0492716 0.0519147 0.000348124
89 0.0567731 0.0519693 0.000348466
90 0.0539115 0.0519909 0.000345261
91 0.0580193 0.0520571 0.000347765
92 0.0546755 0.0520856 0.000345147
93 0.0468555 0.0520294 0.000345987
94 0.04862 0.0519931 0.000344202
95 0.0474766 0.0519455 0.000343847
96 0.0505396 0.0519309 0.000340577
97 0.0541295 0.0519536 0.000337819
98 0.0487816 0.0519212 0.000335919
99 0.0507525 0.0519094 0.000332733
100 0.0609659 0.052 0.000341509
