1 1.20126 1.20126 0
2 1.19786 1.19956 0.00120287
3 1.21182 1.20365 0.00343266
4 1.23049 1.21036 0.00635499
5 1.20204 1.2087 0.00529706
6 1.20078 1.20738 0.00457572
7 1.18777 1.20457 0.00470174
8 1.22192 1.20674 0.00458683
9 1.21918 1.20813 0.00428037
10 1.21779 1.20909 0.00396005
11 1.23762 1.21169 0.00436755
12 1.24417 1.21439 0.00476918
13 1.20836 1.21393 0.00442485
14 1.21854 1.21426 0.00412103
15 1.23158 1.21541 0.00400491
16 1.22967 1.2163 0.0038525
17 1.19943 1.21531 0.00375153
18 1.21205 1.21513 0.00354749
19 1.20809 1.21476 0.00338006
20 1.21631 1.21484 0.00321195
21 1.24926 1.21648 0.00345208
22 1.25189 1.21809 0.00365114
23 1.26202 1.22 0.00396071
24 1.26851 1.22202 0.00428053
25 1.27068 1.22396 0.00453036
26 1.27392 1.22589 0.00474607
27 1.24444 1.22657 0.00461975
28 1.26419 1.22792 0.00464602
29 1.29299 1.23016 0.00499845
30 1.26787 1.23142 0.0049874
31 1.24042 1.23171 0.00483496
32 1.23133 1.2317 0.00468388
33 1.24822 1.2322 0.00456862
34 1.25392 1.23284 0.00447872
35 1.24361 1.23314 0.00436132
36 1.25771 1.23383 0.00429321
37 1.26673 1.23472 0.00426829
38 1.24481 1.23498 0.00416423
39 1.22434 1.23471 0.00406638
40 1.24862 1.23506 0.00397957
41 1.26675 1.23583 0.00395688
42 1.25657 1.23632 0.00389336
43 1.23042 1.23619 0.00380524
44 1.2176 1.23576 0.00374214
45 1.24332 1.23593 0.00366274
46 1.28343 1.23696 0.00372583
47 1.26035 1.23746 0.00367963
48 1.24821 1.23769 0.00360978
49 1.24018 1.23774 0.00353647
50 1.24154 1.23781 0.00346656
51 1.24473 1.23795 0.00340124
52 1.2306 1.23781 0.00333877
53 1.22387 1.23754 0.00328611
54 1.21244 1.23708 0.00325798
55 1.22224 1.23681 0.00320989
56 1.17772 1.23575 0.00332145
57 1.20526 1.23522 0.00330597
58 1.21794 1.23492 0.00326237
59 1.23251 1.23488 0.00320733
60 1.22846 1.23477 0.00315566
61 1.21673 1.23448 0.00311776
62 1.21121 1.2341 0.00308997
63 1.19943 1.23355 0.00308955
64 1.21455 1.23325 0.0030555
65 1.22868 1.23318 0.0030093
66 1.21479 1.23291 0.00297659
67 1.24755 1.23312 0.00294018
68 1.24742 1.23333 0.00290444
69 1.26539 1.2338 0.00289927
70 1.25349 1.23408 0.00287147
71 1.27202 1.23461 0.00288032
72 1.2569 1.23492 0.00285689
73 1.25123 1.23515 0.00282648
74 1.21705 1.2349 0.00279885
75 1.23822 1.23495 0.00276188
76 1.22457 1.23481 0.00272891
77 1.25164 1.23503 0.0027022
78 1.21535 1.23478 0.00267931
79 1.22142 1.23461 0.00265072
80 1.25732 1.23489 0.00263276
81 1.25575 1.23515 0.00261282
82 1.22976 1.23508 0.00258178
83 1.23424 1.23507 0.0025507
84 1.21622 1.23485 0.00253018
85 1.22079 1.23468 0.00250582
86 1.25512 1.23492 0.00248792
87 1.29 1.23555 0.00253861
88 1.23184 1.23551 0.00251011
89 1.24498 1.23562 0.00248416
90 1.29161 1.23624 0.00253325
91 1.28493 1.23678 0.00256129
92 1.27003 1.23714 0.00255882
93 1.2189 1.23694 0.00253881
94 1.22803 1.23685 0.00251357
95 1.23129 1.23679 0.00248779
96 1.25783 1.23701 0.00247151
97 1.29236 1.23758 0.00251105
98 1.27935 1.238 0.00252136
99 1.30203 1.23865 0.00257749
100 1.28585 1.23912 0.00259457
