1 1.46392 1.46392 0
2 1.46387 1.46389 1.78897e-05
3 1.46389 1.46389 1.19417e-05
4 1.46388 1.46389 9.19356e-06
5 1.46386 1.46389 8.72239e-06
6 1.46386 1.46388 8.2132e-06
7 1.46393 1.46389 9.79163e-06
8 1.46396 1.4639 1.17659e-05
9 1.46394 1.4639 1.1521e-05
10 1.46385 1.4639 1.1637e-05
11 1.4638 1.46389 1.33636e-05
12 1.46377 1.46388 1.53224e-05
13 1.46375 1.46387 1.68601e-05
14 1.46376 1.46386 1.73715e-05
15 1.46379 1.46386 1.67856e-05
16 1.46385 1.46386 1.57515e-05
17 1.46387 1.46386 1.48396e-05
18 1.46386 1.46386 1.4017e-05
19 1.46387 1.46386 1.32908e-05
20 1.46387 1.46386 1.26327e-05
21 1.46384 1.46386 1.20464e-05
22 1.4638 1.46385 1.1756e-05
23 1.46375 1.46385 1.21258e-05
24 1.46378 1.46385 1.19503e-05
25 1.46379 1.46384 1.17184e-05
26 1.46376 1.46384 1.17396e-05
27 1.46383 1.46384 1.13123e-05
28 1.46386 1.46384 1.09302e-05
29 1.46385 1.46384 1.05589e-05
30 1.46376 1.46384 1.05228e-05
31 1.46372 1.46384 1.08726e-05
32 1.46375 1.46383 1.08668e-05
33 1.46382 1.46383 1.05405e-05
34 1.4639 1.46383 1.0403e-05
35 1.46386 1.46383 1.01253e-05
36 1.46389 1.46384 9.94708e-06
37 1.46395 1.46384 1.01685e-05
38 1.4639 1.46384 1.00192e-05
39 1.46389 1.46384 9.84988e-06
40 1.46388 1.46384 9.65203e-06
41 1.46387 1.46384 9.4367e-06
42 1.46387 1.46384 9.22884e-06
43 1.4638 1.46384 9.08425e-06
44 1.46384 1.46384 8.879e-06
45 1.46382 1.46384 8.70014e-06
46 1.46387 1.46384 8.53485e-06
47 1.46396 1.46385 8.68265e-06
48 1.46394 1.46385 8.71022e-06
49 1.46388 1.46385 8.56174e-06
50 1.46381 1.46385 8.42131e-06
51 1.46384 1.46385 8.25673e-06
52 1.46385 1.46385 8.099e-06
53 1.46385 1.46385 7.94619e-06
54 1.46385 1.46385 7.79915e-06
55 1.46383 1.46385 7.66467e-06
56 1.46388 1.46385 7.54644e-06
57 1.46391 1.46385 7.49509e-06
58 1.46388 1.46385 7.39022e-06
59 1.46386 1.46385 7.26634e-06
60 1.46389 1.46385 7.17831e-06
61 1.46391 1.46385 7.12255e-06
62 1.46387 1.46385 7.01469e-06
63 1.46386 1.46385 6.90561e-06
64 1.46381 1.46385 6.8348e-06
65 1.46375 1.46385 6.90363e-06
66 1.46372 1.46385 7.05882e-06
67 1.46375 1.46385 7.08836e-06
68 1.46371 1.46384 7.26372e-06
69 1.46366 1.46384 7.6379e-06
70 1.46362 1.46384 8.17156e-06
71 1.4636 1.46384 8.72814e-06
72 1.46357 1.46383 9.34223e-06
73 1.46363 1.46383 9.62126e-06
74 1.46371 1.46383 9.63087e-06
75 1.46377 1.46383 9.53036e-06
76 1.46378 1.46383 9.4257e-06
77 1.46378 1.46383 9.32226e-06
78 1.46376 1.46382 9.24585e-06
79 1.46373 1.46382 9.20306e-06
80 1.46372 1.46382 9.17429e-06
81 1.46371 1.46382 9.17333e-06
82 1.46368 1.46382 9.22149e-06
83 1.46368 1.46382 9.25929e-06
84 1.46374 1.46382 9.1906e-06
85 1.46375 1.46382 9.11428e-06
86 1.46376 1.46381 9.03388e-06
87 1.46377 1.46381 8.94518e-06
88 1.46371 1.46381 8.91412e-06
89 1.46379 1.46381 8.81834e-06
90 1.46384 1.46381 8.7247e-06
91 1.46385 1.46381 8.6389e-06
92 1.46383 1.46381 8.54781e-06
93 1.46378 1.46381 8.46171e-06
94 1.46377 1.46381 8.38235e-06
95 1.46379 1.46381 8.29675e-06
96 1.46382 1.46381 8.21039e-06
97 1.46377 1.46381 8.13716e-06
98 1.46374 1.46381 8.09176e-06
99 1.46375 1.46381 8.03374e-06
100 1.46374 1.46381 7.98295e-06
