0 0.064633 0 0 0
1 0.129266 0 0 0
2 0.193899 0 0 0
3 0.258532 0 0 0
4 0.323165 0 0 0
5 0.387798 0 0 0
6 0.452431 0 0 0
7 0.517064 0 0 0
8 0.581697 0 0 0
9 0.64633 0 0 0
10 0.710963 0 0 0
11 0.775596 0 0 0
12 0.84023 0 0 0
13 0.904863 0 0.00108987 0.000410589
14 0.969496 0.263437 0.134353 0.00700272
15 1.03413 1.67948 0.92536 0.0243606
16 1.09876 2.47658 1.73557 0.0351277
17 1.16339 2.16513 1.94727 0.0373834
18 1.22803 2.21285 1.79055 0.0307342
19 1.29266 2.00227 1.56143 0.0284138
20 1.35729 1.40247 1.38323 0.0253544
21 1.42193 1.19867 1.26536 0.0202921
22 1.48656 1.38344 1.15497 0.0198639
23 1.55119 1.5383 1.09605 0.0197148
24 1.61583 1.24882 1.06017 0.0192458
25 1.68046 1.54026 1.00247 0.0182141
26 1.74509 1.18782 0.968525 0.014993
27 1.80973 1.21612 0.973206 0.0151554
28 1.87436 1.28308 0.965481 0.0156033
29 1.93899 1.00321 0.970001 0.0154579
30 2.00362 0.998828 0.940681 0.0139749
31 2.06826 0.871142 0.952583 0.0133414
32 2.13289 0.802407 0.944769 0.0131623
33 2.19752 0.838186 0.930524 0.0116161
34 2.26216 0.93714 0.953995 0.0137106
35 2.32679 0.85864 0.955294 0.0131391
36 2.39142 0.980342 0.962901 0.0124078
37 2.45606 1.00372 0.959874 0.0125033
38 2.52069 1.06408 0.967628 0.0115724
39 2.58532 1.03681 0.956638 0.0126324
40 2.64995 1.16998 0.962486 0.0110794
41 2.71459 1.02976 0.949321 0.0111659
42 2.77922 0.971997 0.949719 0.010522
43 2.84385 0.918882 0.949073 0.0100422
44 2.90849 1.09564 0.938075 0.010047
45 2.97312 1.01015 0.926322 0.00976261
46 3.03775 1.0358 0.925979 0.00901269
47 3.10239 0.943411 0.921731 0.00919746
48 3.16702 0.940874 0.922546 0.00891143
49 3.23165 0.950636 0.921291 0.00892955
50 3.29629 1.02767 0.93773 0.00975762
51 3.36092 0.967111 0.936102 0.00927266
52 3.42555 1.0499 0.921526 0.00846535
53 3.49018 1.12271 0.931043 0.00820794
54 3.55482 1.10247 0.936337 0.00716145
55 3.61945 0.945132 0.929915 0.00725049
56 3.68408 0.94589 0.948419 0.00800647
57 3.74872 0.918613 0.944181 0.00780608
58 3.81335 0.861171 0.944485 0.00791765
59 3.87798 0.878865 0.950325 0.00734885
60 3.94262 0.941716 0.941661 0.0060921
61 4.00725 0.924956 0.948089 0.00609017
62 4.07188 0.935036 0.936707 0.00611664
63 4.13651 0.94825 0.940087 0.00728547
64 4.20115 0.832247 0.941373 0.00637935
65 4.26578 0.900216 0.943944 0.00598018
66 4.33041 0.903689 0.943538 0.00678272
67 4.39505 0.925885 0.950313 0.006579
68 4.45968 0.955252 0.951916 0.00718071
69 4.52431 0.939106 0.944489 0.00683502
70 4.58895 0.939926 0.9382 0.00595918
71 4.65358 0.898393 0.941516 0.00591554
72 4.71821 0.919577 0.940015 0.00593316
73 4.78285 0.929277 0.953041 0.00593143
74 4.84748 0.932208 0.966973 0.00580139
75 4.91211 0.954814 0.961096 0.00566764
76 4.97674 0.947962 0.960035 0.00558648
77 5.04138 0.939021 0.961163 0.00572329
78 5.10601 0.95078 0.971105 0.00507184
79 5.17064 0.980198 0.974472 0.00551773
80 5.23528 1.03468 0.96992 0.00503446
81 5.29991 1.00173 0.961778 0.00547738
82 5.36454 0.945161 0.96519 0.0054159
83 5.42918 0.971996 0.972076 0.00514378
84 5.49381 1.05944 0.970786 0.00538019
85 5.55844 1.05697 0.969451 0.00552109
86 5.62307 1.07273 0.972161 0.0046138
87 5.68771 0.988835 0.97038 0.00464192
88 5.75234 0.965227 0.977118 0.0052643
89 5.81697 1.00692 0.972057 0.00478303
90 5.88161 1.06078 0.979203 0.00515128
91 5.94624 1.03721 0.987664 0.00521372
92 6.01087 0.997908 0.982781 0.00499815
93 6.07551 0.985702 0.98008 0.00468843
94 6.14014 0.990182 0.975549 0.00484776
95 6.20477 0.965312 0.975607 0.00428777
96 6.2694 0.96077 0.970572 0.00501022
97 6.33404 0.973426 0.974009 0.00432843
98 6.39867 0.948445 0.975151 0.00454406
99 6.4633 0.940688 0.974625 0.00455267
