1
1
1.00001
1.00002
1.00003
1.00004
1.00006
1.00009
1.00012
1.00015
1.00018
1.00022
1.00026
1.00031
1.00036
1.00041
1.00047
1.00053
1.0006
1.00067
1.00075
1.00083
1.00091
1.001
1.00109
1.00119
1.0013
1.00141
1.00152
1.00164
1.00177
1.0019
1.00204
1.00218
1.00233
1.00249
1.00265
1.00282
1.00299
1.00318
1.00337
1.00356
1.00377
1.00398
1.0042
1.00443
1.00467
1.00492
1.00517
1.00544
1.00571
1.006
1.0063
1.0066
1.00692
1.00725
1.0076
1.00795
1.00832
1.00871
1.0091
1.00952
1.00994
1.01039
1.01085
1.01132
1.01182
1.01233
1.01287
1.01342
1.01399
1.01459
1.01521
1.01585
1.01652
1.01721
1.01792
1.01867
1.01944
1.02024
1.02107
1.02194
1.02283
1.02376
1.02473
1.02573
1.02677
1.02785
1.02896
1.03013
1.03133
1.03258
1.03388
1.03522
1.03661
1.03806
1.03955
1.0411
1.04271
1.04437
1.04608
1.04786
1.04968
1.05157
1.05351
1.05549
1.05753
1.05961
1.06172
1.06385
1.066
1.06814
1.07027
1.07235
1.07436
1.07629
1.07811
1.0798
1.08134
1.08274
1.08398
1.08509
1.08607
1.08694
1.08768
1.08826
1.0886
1.0886
1.08813
1.08712
1.0855
1.08332
1.08076
1.07814
1.07591
1.07457
1.07457
1.07614
1.07925
1.08364
1.08884
1.0943
1.0995
1.10406
1.10775
1.11054
1.11258
1.1141
1.11526
1.11609
1.11641
1.11601
1.11469
1.11241
1.10935
1.10586
1.10243
1.09956
1.09767
1.09706
1.09785
1.10002
1.10336
1.10759
1.11235
1.11733
1.1223
1.1271
1.13167
1.13592
1.13977
1.14314
1.14592
1.14804
1.14947
1.15021
1.15027
1.14973
1.14866
1.14717
1.14541
1.14352
1.14163
1.13986
1.13829
1.13694
1.13582
1.1349
1.13423
1.1339
1.13405
1.13482
1.13624
1.13824
1.14061
1.14305
1.14528
1.14709
1.14835
1.14903
1.14915
1.14881
1.14812
1.14722
1.14624
1.14533
1.14462
1.14422
1.14422
1.14465
1.14554
1.14683
1.14847
1.15036
1.15238
1.15444
1.15643
1.15828
1.15992
1.16132
1.16245
1.1633
1.16388
1.16418
1.16421
1.16399
1.16351
1.16278
1.16179
1.16054
1.15901
1.15719
1.15509
1.15275
1.15024
1.1477
1.14535
1.14343
1.1422
1.14188
1.14255
1.14417
1.14651
1.14926
1.15203
1.15446
1.15626
1.15723
1.15733
1.1567
1.15564
1.15462
1.15416
1.15469
1.15641
1.15916
1.16257
1.16612
1.16935
1.17191
1.17357
1.17423
1.17389
1.17262
1.17058
1.16803
1.16529
1.1627
1.16053
1.15893
1.1579
1.15737
1.15732
1.15778
1.15884
1.16054
1.1628
1.16537
1.16793
1.17021
1.17199
1.17322
1.17396
1.17434
1.17452
1.17467
1.1749
1.17526
1.17574
1.17627
1.17678
1.17719
1.17743
1.17746
1.17727
1.17687
1.17625
1.17541
1.17435
1.17302
1.17138
1.16939
1.16701
1.16426
1.16122
1.15807
1.1551
1.15264
1.15108
1.15073
1.15172
1.15401
1.15736
1.16138
1.16567
1.1699
1.1738
1.17723
1.18012
1.18248
1.18435
1.18579
1.18688
1.18768
1.18826
1.18869
1.18901
1.18928
1.18953
1.18979
1.19008
1.19043
1.19084
1.19131
1.19184
1.19241
1.19301
1.1936
1.19416
1.19462
1.19494
1.19505
1.19488
1.19433
1.19333
1.19183
1.18983
1.18744
1.18486
1.18245
1.18057
1.17957
1.17963
1.1807
1.18256
1.18489
1.18734
1.1896
1.19144
1.19266
1.19311
1.1927
1.19134
1.18893
1.18541
1.18074
1.17499
1.16842
1.16156
1.15517
1.15016
1.14726
1.1469
1.14898
1.15303
1.15836
1.1643
1.1703
1.17603
1.18131
1.18603
1.19011
1.1935
1.19614
1.19799
1.19904
1.19932
1.19886
1.19773
1.19603
1.19386
1.19138
1.18874
1.18615
1.1838
1.18187
1.18048
1.17969
1.17948
1.17975
1.18037
1.18119
1.18207
1.18292
1.18368
1.18434
1.18492
1.18546
1.18599
1.18657
1.18719
1.18786
1.18857
1.18926
1.18992
1.19049
1.19096
1.19129
1.19147
1.19149
1.19136
1.19107
1.19061
1.18996
1.18909
1.18793
1.18638
1.18429
1.18152
1.17788
1.17328
1.16777
1.16171
1.15582
1.15116
1.14875
1.14912
1.15205
1.15671
1.16211
1.16746
1.1723
1.17651
1.18012
1.18325
1.18599
1.18844
1.19063
1.19256
1.19419
1.19547
1.19634
1.19671
1.19652
1.19567
1.19408
1.19168
1.1884
1.18422
1.17923
1.17365
1.1679
1.16268
1.15885
1.1572
1.15802
1.16091
1.16493
1.16898
1.17227
1.1744
1.17535
1.17531
1.17455
1.17335
1.17198
1.17067
1.16965
1.16911
1.16917
1.16987
1.17113
1.17279
1.17461
1.17634
1.17778
1.17875
1.17916
1.17894
1.17813
1.17681
1.1751
1.1732
1.17132
1.1697
1.16851
1.16784
1.16767
1.1679
1.16836
1.1689
1.16941
1.16985
1.17023
1.17061
1.17105
1.17159
1.17224
1.17297
1.17374
1.17454
1.17533
1.17612
1.1769
1.17769
1.17846
1.17923
1.17997
1.18066
1.18129
1.18185
1.18231
1.18268
1.18295
1.18311
1.18316
1.18307
1.18285
1.18247
1.18191
1.18113
1.18011
1.17883
1.17727
1.17541
1.17326
1.17081
1.1681
1.16516
1.162
1.15865
1.15512
1.15146
1.14771
1.144
1.14052
1.13756
1.13544
1.13444
1.1347
1.13621
1.1388
1.1422
1.14612
1.1503
1.1545
1.15853
1.16223
1.1655
1.16826
1.17049
1.1722
1.17343
1.17424
1.17466
1.17476
1.17459
1.17419
1.17358
1.17279
1.17184
1.17074
1.16948
1.16808
1.16655
1.16489
1.16312
1.16126
1.15933
1.15738
1.15545
1.15357
1.15179
1.15014
1.14865
1.14735
1.14625
1.14537
1.14475
1.14441
1.1444
1.14474
1.14543
1.14646
1.14777
1.14925
1.15079
1.15232
1.15376
1.15513
1.15646
1.15781
1.15923
1.16072
1.16222
1.16361
1.16473
1.16537
1.16531
1.16436
1.1624
1.15949
1.15592
1.15234
1.14962
1.14861
1.1497
1.15262
1.15657
1.16059
1.16389
1.16604
1.16692
1.16662
1.16539
1.16352
1.16141
1.15942
1.15794
1.15726
1.15755
1.15882
1.16093
1.16361
1.16654
1.16938
1.17185
1.17374
1.17491
1.1753
1.17494
1.17392
1.17238
1.17054
1.16863
1.16685
1.16535
1.16422
1.16349
1.16314
1.16316
1.16352
1.16421
1.16521
1.16649
1.16801
1.16971
1.17151
1.17328
1.17482
1.17596
1.17658
1.17665
1.17632
1.17588
1.17566
1.17594
1.17684
1.17823
1.17985
1.18132
1.18236
1.18276
1.18245
1.18149
1.18001
1.17821
1.17634
1.17464
1.17332
1.17251
1.17227
1.17256
1.17328
1.1743
1.17549
1.17679
1.17813
1.17948
1.18081
1.18203
1.18305
1.18374
1.18396
1.18361
1.18265
1.1811
1.17912
1.17696
1.17491
1.17326
1.17216
1.17157
1.17123
1.17074
1.16967
1.1677
1.16474
1.16106
1.15735
1.1546
1.15378
1.1553
1.15881
1.16332
1.1677
1.1711
1.17313
1.17387
1.17379
1.17356
1.17387
1.17515
1.17747
1.18049
1.18367
1.18648
1.18855
1.18966
1.18977
1.1889
1.18715
1.1846
1.18137
1.1776
1.17343
1.1691
1.16488
1.16111
1.1581
1.15612
1.15532
1.15567
1.15707
1.15934
1.16229
1.16578
1.16964
1.17366
1.17762
1.1813
1.1845
1.18708
1.18897
1.19015
1.19065
1.19055
1.18996
1.18901
1.1879
1.18683
1.186
1.18557
1.18565
1.18622
1.1872
1.18843
1.18975
1.19099
1.19204
1.19286
1.19345
1.19389
1.19427
1.19471
1.19533
1.19622
1.19738
1.19879
1.20037
1.20198
1.20349
1.20478
1.20574
1.2063
1.20644
1.20617
1.20559
1.20483
1.2041
1.20368
1.20384
1.20479
1.20664
1.2093
1.21255
1.21604
1.21937
1.22219
1.22419
1.22518
1.22504
1.2238
1.22158
1.21864
1.21531
1.21198
1.20894
1.20639
1.20439
1.20287
1.20174
1.20091
1.20036
1.20009
1.20017
1.20061
1.20141
1.20251
1.20382
1.20525
1.20671
1.20815
1.20955
1.21089
1.21219
1.21344
1.21464
1.21576
1.21676
1.21758
1.21818
1.2185
1.2185
1.21818
1.21755
1.21663
1.21549
1.2142
1.21285
1.21152
1.21029
1.20919
1.20826
1.20748
1.20684
1.20627
1.20573
1.20515
1.20448
1.2037
1.20277
1.20169
1.20046
1.19909
1.19761
1.19604
1.19442
1.19276
1.19111
1.18949
1.18793
1.18646
1.18509
1.18385
1.18275
1.1818
1.18099
1.18033
1.1798
1.1794
1.17911
1.17889
1.17873
1.1786
1.17847
1.17831
1.17808
1.17777
1.17736
1.17683
1.17617
1.17538
1.17447
1.17345
1.17235
1.17118
1.16998
1.16879
1.16762
1.16652
1.16548
1.1645
1.16356
1.16266
1.16178
1.16097
1.1603
1.15993
1.15998
1.16058
1.16175
1.16343
1.16547
1.1677
1.16995
1.17209
1.17405
1.17579
1.17731
1.17863
1.17976
1.18072
1.18152
1.18216
1.18264
1.18295
1.18308
1.18303
1.1828
1.18238
1.18179
1.18102
1.18009
1.17903
1.17786
1.17661
1.17531
1.17402
1.17278
1.17165
1.1707
1.17001
1.16961
1.16955
1.16982
1.1704
1.17122
1.17219
1.17323
1.17424
1.17513
1.17585
1.17634
1.17659
1.17663
1.17654
1.17646
1.17656
1.17701
1.17794
1.17937
1.18122
1.18327
1.1853
1.18707
1.1884
1.18921
1.18946
1.18923
1.18861
1.18776
1.18683
1.18599
1.18538
1.18508
1.18513
1.18549
1.18608
1.18677
1.18744
1.18797
1.18829
1.18834
1.18814
1.18775
1.18726
1.18684
1.18665
1.18686
1.1876
1.18889
1.19068
1.19282
1.19515
1.19747
1.19964
1.20153
1.20307
1.20423
1.20497
1.2053
1.20521
1.20468
1.20371
1.20227
1.20036
1.19797
1.19511
1.19181
