1 31.7634 1.81882
2 29.5659 1.58888
3 28.0017 1.16367
4 26.7905 1.03389
5 25.9231 0.472684
6 25.6032 0.108072
7 25.4892 0.160767
8 25.2692 0.178323
9 24.9774 0.409551
10 24.5705 0.4763
11 24.0096 0.41843
12 23.244 0.934527
13 22.2495 0.941291
14 21.506 0.17766
15 21.3236 0.379169
16 20.8962 0.508287
17 20.4506 0.0227071
18 20.4302 0.0385368
19 20.3819 0.0656816
20 20.3058 0.0801523
21 20.2406 0.0424767
22 20.2249 0.010823
23 20.218 0.0118752
24 20.1962 0.105653
25 20.1314 0.235439
26 19.8688 0.446566
27 19.2861 0.247635
28 19.096 0.173696
29 18.9704 0.216777
30 18.8627 0.190473
31 18.7504 2.14237e-14
32 18.7425 0.0682232
33 18.6783 0.197302
34 18.4763 0.318866
35 18.2056 0.258839
36 18.0662 0.0309348
37 18.0417 0.0470942
38 18.0113 0.0457724
39 17.9794 2.85649e-14
40 17.9794 2.85649e-14
41 17.9794 2.85649e-14
42 17.9794 2.85649e-14
43 17.9794 2.85649e-14
44 17.9755 0.0391331
45 17.9419 0.114167
46 17.7602 0.188346
47 17.6073 0.0559308
48 17.582 0.0610888
49 17.5031 0.217991
50 17.3012 0.358185
51 17.0583 0.387521
52 16.7561 0.186656
53 16.6181 0.0992854
54 16.5127 0.163585
55 16.3602 0.185301
56 16.1315 0.219964
57 15.8975 0.289315
58 15.6886 0.182206
59 15.6106 0.040963
60 15.5779 0.0596714
61 15.5155 0.0694611
62 15.4374 0.185896
63 15.1538 0.314582
64 14.8913 0.194771
65 14.7524 0.0770135
66 14.7241 2.14237e-14
67 14.7241 2.14237e-14
68 14.7141 0.0999842
69 14.6414 0.273201
70 14.3914 0.471364
71 13.9142 0.394215
72 13.7243 1.78531e-15
73 13.7243 1.78531e-15
74 13.7243 1.78531e-15
75 13.7243 1.78531e-15
76 13.7243 1.78531e-15
77 13.7243 1.78531e-15
78 13.7243 1.78531e-15
79 13.7196 0.046759
80 13.6541 0.167804
81 13.4531 0.231945
82 13.2931 0.128217
83 13.2432 0.0349735
84 13.2112 0.0516212
85 13.1677 0.0360845
86 13.1532 1.24971e-14
87 13.1532 1.24971e-14
88 13.1532 1.24971e-14
89 13.1532 1.24971e-14
90 13.1532 1.24971e-14
91 13.1532 1.24971e-14
92 13.1532 1.24971e-14
93 13.1532 1.24971e-14
94 13.1532 1.24971e-14
95 13.1532 1.24971e-14
96 13.1532 1.24971e-14
97 13.1532 1.24971e-14
98 13.1532 1.24971e-14
99 13.1532 1.24971e-14
100 13.1473 0.0479017
101 13.0523 0.18811
102 12.8579 0.215353
103 12.7018 0.0560651
104 12.692 1.60678e-14
105 12.692 1.60678e-14
106 12.692 1.60678e-14
107 12.6892 0.0197965
108 12.679 0.0414724
109 12.6456 0.0679945
110 12.5896 0.0674462
111 12.5451 2.49943e-14
112 12.5451 2.49943e-14
113 12.5451 2.49943e-14
114 12.5438 0.0134184
115 12.533 0.0385944
116 12.4834 0.0672138
117 12.4284 0.0453539
118 12.4109 7.14122e-15
119 12.4109 7.14122e-15
120 12.4109 7.14122e-15
121 12.4109 7.14122e-15
122 12.4094 0.015287
123 12.3819 0.060273
124 12.3219 0.0861362
125 12.2353 0.105128
126 12.1431 0.161003
127 11.9774 0.127669
128 11.9199 1.78531e-14
129 11.9199 1.78531e-14
130 11.9199 1.78531e-14
131 11.919 0.00841384
132 11.9047 0.0324878
133 11.8871 0.0412453
134 11.8601 0.0383712
135 11.8357 5.35592e-15
136 11.8357 5.35592e-15
137 11.8357 5.35592e-15
138 11.8357 5.35592e-15
139 11.8357 5.35592e-15
140 11.8357 5.35592e-15
141 11.8338 0.0193847
142 11.8067 0.0695658
143 11.7424 0.0970791
144 11.6419 0
145 11.6419 0
146 11.6419 0
147 11.6419 0
148 11.6419 0
149 11.6419 0
150 11.6419 0
151 11.6419 0
152 11.6419 0
153 11.6419 0
154 11.6419 0
155 11.6419 0
156 11.6419 0
157 11.6419 0
158 11.6419 0
159 11.6419 0
160 11.6419 0
161 11.6419 0
162 11.6419 0
163 11.6419 0
164 11.6419 0
165 11.6403 0.0163103
166 11.6191 0.0568796
167 11.5766 0.0803061
168 11.5106 0.0644483
169 11.4788 1.24971e-14
170 11.4788 1.24971e-14
171 11.4788 1.24971e-14
172 11.4788 1.24971e-14
173 11.4788 1.24971e-14
174 11.4788 1.24971e-14
175 11.4788 1.24971e-14
176 11.4788 1.24971e-14
177 11.4788 1.24971e-14
178 11.4788 1.24971e-14
179 11.4788 1.24971e-14
180 11.4788 1.24971e-14
181 11.4788 1.24971e-14
182 11.4788 1.24971e-14
183 11.4788 1.24971e-14
184 11.4788 1.24971e-14
185 11.4788 1.24971e-14
186 11.4788 1.24971e-14
187 11.4788 1.24971e-14
188 11.4788 1.24971e-14
189 11.4788 1.24971e-14
190 11.4788 1.24971e-14
191 11.4788 1.24971e-14
192 11.4788 1.24971e-14
193 11.4788 1.24971e-14
194 11.4788 1.24971e-14
195 11.4788 1.24971e-14
196 11.4788 1.24971e-14
197 11.4788 1.24971e-14
198 11.4788 1.24971e-14
199 11.4788 1.24971e-14
200 11.4788 1.24971e-14
201 11.4788 1.24971e-14
202 11.4788 1.24971e-14
203 11.4788 1.24971e-14
204 11.4788 1.24971e-14
205 11.4788 1.24971e-14
206 11.4788 1.24971e-14
207 11.4788 1.24971e-14
208 11.4788 1.24971e-14
209 11.4788 1.24971e-14
210 11.4788 1.24971e-14
211 11.4788 1.24971e-14
212 11.4788 1.24971e-14
213 11.4788 1.24971e-14
214 11.4788 1.24971e-14
215 11.4788 1.24971e-14
216 11.4788 1.24971e-14
217 11.4788 1.24971e-14
218 11.4788 1.24971e-14
219 11.4788 1.24971e-14
220 11.4788 1.24971e-14
221 11.4788 1.24971e-14
222 11.4788 1.24971e-14
223 11.4788 1.24971e-14
224 11.4788 1.24971e-14
225 11.4788 1.24971e-14
226 11.4788 1.24971e-14
227 11.4788 1.24971e-14
228 11.4788 1.24971e-14
229 11.4788 1.24971e-14
230 11.4788 1.24971e-14
231 11.4788 1.24971e-14
232 11.4788 1.24971e-14
233 11.4788 1.24971e-14
234 11.4788 1.24971e-14
235 11.4788 1.24971e-14
236 11.4788 1.24971e-14
237 11.4788 1.24971e-14
238 11.4788 1.24971e-14
239 11.4788 1.24971e-14
240 11.4788 1.24971e-14
241 11.4788 1.24971e-14
242 11.4788 1.24971e-14
243 11.4788 1.24971e-14
244 11.4788 1.24971e-14
245 11.4788 1.24971e-14
246 11.4788 1.24971e-14
247 11.4788 1.24971e-14
248 11.4788 1.24971e-14
249 11.4788 1.24971e-14
250 11.4788 1.24971e-14
251 11.4788 1.24971e-14
252 11.4788 1.24971e-14
253 11.4788 1.24971e-14
254 11.4788 1.24971e-14
255 11.4788 1.24971e-14
256 11.4788 1.24971e-14
257 11.4788 1.24971e-14
258 11.4788 1.24971e-14
259 11.4788 1.24971e-14
260 11.4788 1.24971e-14
261 11.4788 1.24971e-14
262 11.4788 1.24971e-14
263 11.4788 1.24971e-14
264 11.4788 1.24971e-14
265 11.4788 1.24971e-14
266 11.4788 1.24971e-14
267 11.4788 1.24971e-14
268 11.4788 1.24971e-14
269 11.4788 1.24971e-14
270 11.4788 1.24971e-14
271 11.4788 1.24971e-14
272 11.4788 1.24971e-14
273 11.4788 1.24971e-14
274 11.4788 1.24971e-14
275 11.4788 1.24971e-14
276 11.4788 1.24971e-14
277 11.4788 1.24971e-14
278 11.4788 1.24971e-14
279 11.4788 1.24971e-14
280 11.4788 1.24971e-14
281 11.4788 1.24971e-14
282 11.4788 1.24971e-14
283 11.4788 1.24971e-14
284 11.4788 1.24971e-14
285 11.4788 1.24971e-14
286 11.4788 1.24971e-14
287 11.4788 1.24971e-14
288 11.4788 1.24971e-14
289 11.4788 1.24971e-14
290 11.4788 1.24971e-14
291 11.4788 1.24971e-14
292 11.4788 1.24971e-14
293 11.4788 1.24971e-14
294 11.4788 1.24971e-14
295 11.4788 1.24971e-14
296 11.4788 1.24971e-14
297 11.4788 1.24971e-14
298 11.4788 1.24971e-14
299 11.4788 1.24971e-14
300 11.4788 1.24971e-14
301 11.4788 1.24971e-14
302 11.4788 1.24971e-14
303 11.4788 1.24971e-14
304 11.4788 1.24971e-14
305 11.4788 1.24971e-14
306 11.4788 1.24971e-14
307 11.4788 1.24971e-14
308 11.4788 1.24971e-14
309 11.4788 1.24971e-14
310 11.4788 1.24971e-14
311 11.4788 1.24971e-14
312 11.4788 1.24971e-14
313 11.4788 1.24971e-14
314 11.4788 1.24971e-14
315 11.4788 1.24971e-14
316 11.4788 1.24971e-14
317 11.4788 1.24971e-14
318 11.4788 1.24971e-14
319 11.4788 1.24971e-14
320 11.4788 1.24971e-14
321 11.4788 1.24971e-14
322 11.4788 1.24971e-14
323 11.4788 1.24971e-14
324 11.4788 1.24971e-14
325 11.4788 1.24971e-14
326 11.4788 1.24971e-14
327 11.4788 1.24971e-14
328 11.4788 1.24971e-14
329 11.4788 1.24971e-14
330 11.4788 1.24971e-14
331 11.4788 1.24971e-14
332 11.4788 1.24971e-14
333 11.4788 1.24971e-14
334 11.4788 1.24971e-14
335 11.4788 1.24971e-14
336 11.4788 1.24971e-14
337 11.4788 1.24971e-14
338 11.4788 1.24971e-14
339 11.4788 1.24971e-14
340 11.4788 1.24971e-14
341 11.4788 1.24971e-14
342 11.4788 1.24971e-14
343 11.4788 1.24971e-14
344 11.4788 1.24971e-14
345 11.4788 1.24971e-14
346 11.4788 1.24971e-14
347 11.4788 1.24971e-14
348 11.4788 1.24971e-14
349 11.4788 1.24971e-14
350 11.4788 1.24971e-14
351 11.4788 1.24971e-14
352 11.4788 1.24971e-14
353 11.4788 1.24971e-14
354 11.4788 1.24971e-14
355 11.4788 1.24971e-14
356 11.4788 1.24971e-14
357 11.4788 1.24971e-14
358 11.4788 1.24971e-14
359 11.4788 1.24971e-14
360 11.4788 1.24971e-14
361 11.4788 1.24971e-14
362 11.4788 1.24971e-14
363 11.4788 1.24971e-14
364 11.4788 1.24971e-14
365 11.4788 1.24971e-14
366 11.4788 1.24971e-14
367 11.4788 1.24971e-14
368 11.4788 1.24971e-14
369 11.4788 1.24971e-14
370 11.4788 1.24971e-14
371 11.4788 1.24971e-14
372 11.4788 1.24971e-14
373 11.4788 1.24971e-14
374 11.4788 1.24971e-14
375 11.4788 1.24971e-14
376 11.4788 1.24971e-14
377 11.4788 1.24971e-14
378 11.4788 1.24971e-14
379 11.4788 1.24971e-14
380 11.4788 1.24971e-14
381 11.4788 1.24971e-14
382 11.4788 1.24971e-14
383 11.4788 1.24971e-14
384 11.4788 1.24971e-14
385 11.4788 1.24971e-14
386 11.4788 1.24971e-14
387 11.4788 1.24971e-14
388 11.4788 1.24971e-14
389 11.4788 1.24971e-14
390 11.4788 1.24971e-14
391 11.4788 1.24971e-14
392 11.4788 1.24971e-14
393 11.4788 1.24971e-14
394 11.4788 1.24971e-14
395 11.4788 1.24971e-14
396 11.4788 1.24971e-14
397 11.4788 1.24971e-14
398 11.4788 1.24971e-14
399 11.4788 1.24971e-14
400 11.4788 1.24971e-14
401 11.4788 1.24971e-14
402 11.4788 1.24971e-14
403 11.4788 1.24971e-14
404 11.4788 1.24971e-14
405 11.4788 1.24971e-14
406 11.4788 1.24971e-14
407 11.4788 1.24971e-14
408 11.4788 1.24971e-14
409 11.4788 1.24971e-14
410 11.4788 1.24971e-14
411 11.4788 1.24971e-14
412 11.4788 1.24971e-14
413 11.4788 1.24971e-14
414 11.4788 1.24971e-14
415 11.4788 1.24971e-14
416 11.4788 1.24971e-14
417 11.4788 1.24971e-14
418 11.4788 1.24971e-14
419 11.4788 1.24971e-14
420 11.4788 1.24971e-14
421 11.4788 1.24971e-14
422 11.4788 1.24971e-14
423 11.4788 1.24971e-14
424 11.4788 1.24971e-14
425 11.4788 1.24971e-14
426 11.4788 1.24971e-14
427 11.4788 1.24971e-14
428 11.4788 1.24971e-14
429 11.4788 1.24971e-14
430 11.4788 1.24971e-14
431 11.4788 1.24971e-14
432 11.4788 1.24971e-14
433 11.4788 1.24971e-14
434 11.4788 1.24971e-14
435 11.4788 1.24971e-14
436 11.4788 1.24971e-14
437 11.4788 1.24971e-14
438 11.4788 1.24971e-14
439 11.4788 1.24971e-14
440 11.4788 1.24971e-14
441 11.4788 1.24971e-14
442 11.4788 1.24971e-14
443 11.4788 1.24971e-14
444 11.4788 1.24971e-14
445 11.4788 1.24971e-14
446 11.4788 1.24971e-14
447 11.4788 1.24971e-14
448 11.4788 1.24971e-14
449 11.4788 1.24971e-14
450 11.4788 1.24971e-14
451 11.4788 1.24971e-14
452 11.4788 1.24971e-14
453 11.4788 1.24971e-14
454 11.4788 1.24971e-14
455 11.4788 1.24971e-14
456 11.4788 1.24971e-14
457 11.4788 1.24971e-14
458 11.4788 1.24971e-14
459 11.4788 1.24971e-14
460 11.4788 1.24971e-14
461 11.4788 1.24971e-14
462 11.4788 1.24971e-14
463 11.4788 1.24971e-14
464 11.4788 1.24971e-14
465 11.4788 1.24971e-14
466 11.4788 1.24971e-14
467 11.4788 1.24971e-14
468 11.4788 1.24971e-14
469 11.4788 1.24971e-14
470 11.4788 1.24971e-14
471 11.4788 1.24971e-14
472 11.4788 1.24971e-14
473 11.4788 1.24971e-14
474 11.4788 1.24971e-14
475 11.4788 1.24971e-14
476 11.4788 1.24971e-14
477 11.4788 1.24971e-14
478 11.4788 1.24971e-14
479 11.4788 1.24971e-14
480 11.4788 1.24971e-14
481 11.4788 1.24971e-14
482 11.4788 1.24971e-14
483 11.4788 1.24971e-14
484 11.4788 1.24971e-14
485 11.4788 1.24971e-14
486 11.4788 1.24971e-14
487 11.4788 1.24971e-14
488 11.4788 1.24971e-14
489 11.4788 1.24971e-14
490 11.4788 1.24971e-14
491 11.4788 1.24971e-14
492 11.4788 1.24971e-14
493 11.4788 1.24971e-14
494 11.4788 1.24971e-14
495 11.4788 1.24971e-14
496 11.4788 1.24971e-14
497 11.4788 1.24971e-14
498 11.4788 1.24971e-14
499 11.4788 1.24971e-14
500 11.4788 1.24971e-14
501 11.4788 1.24971e-14
502 11.4788 1.24971e-14
503 11.4788 1.24971e-14
504 11.4788 1.24971e-14
505 11.4788 1.24971e-14
506 11.4788 1.24971e-14
507 11.4788 1.24971e-14
508 11.4788 1.24971e-14
509 11.4788 1.24971e-14
510 11.4788 1.24971e-14
511 11.4788 1.24971e-14
512 11.4788 1.24971e-14
513 11.4788 1.24971e-14
514 11.4788 1.24971e-14
515 11.4788 1.24971e-14
516 11.4788 1.24971e-14
517 11.4788 1.24971e-14
518 11.4788 1.24971e-14
519 11.4788 1.24971e-14
520 11.4788 1.24971e-14
521 11.4788 1.24971e-14
522 11.4788 1.24971e-14
523 11.4788 1.24971e-14
524 11.4788 1.24971e-14
525 11.4788 1.24971e-14
526 11.4788 1.24971e-14
527 11.4788 1.24971e-14
528 11.4788 1.24971e-14
529 11.4788 1.24971e-14
530 11.4788 1.24971e-14
531 11.4788 1.24971e-14
532 11.4788 1.24971e-14
533 11.4788 1.24971e-14
534 11.4788 1.24971e-14
535 11.4788 1.24971e-14
536 11.4788 1.24971e-14
537 11.4788 1.24971e-14
538 11.4788 1.24971e-14
539 11.4788 1.24971e-14
540 11.4788 1.24971e-14
541 11.4788 1.24971e-14
542 11.4788 1.24971e-14
543 11.4788 1.24971e-14
544 11.4788 1.24971e-14
545 11.4788 1.24971e-14
546 11.4788 1.24971e-14
547 11.4788 1.24971e-14
548 11.4788 1.24971e-14
549 11.4788 1.24971e-14
550 11.4788 1.24971e-14
551 11.4788 1.24971e-14
552 11.4788 1.24971e-14
553 11.4788 1.24971e-14
554 11.4788 1.24971e-14
555 11.4788 1.24971e-14
556 11.4788 1.24971e-14
557 11.4788 1.24971e-14
558 11.4788 1.24971e-14
559 11.4788 1.24971e-14
560 11.4788 1.24971e-14
561 11.4788 1.24971e-14
562 11.4788 1.24971e-14
563 11.4788 1.24971e-14
564 11.4788 1.24971e-14
565 11.4788 1.24971e-14
566 11.4788 1.24971e-14
567 11.4788 1.24971e-14
568 11.4788 1.24971e-14
569 11.4788 1.24971e-14
570 11.4788 1.24971e-14
571 11.4788 1.24971e-14
572 11.4788 1.24971e-14
573 11.4788 1.24971e-14
574 11.4788 1.24971e-14
575 11.4788 1.24971e-14
576 11.4788 1.24971e-14
577 11.4788 1.24971e-14
578 11.4788 1.24971e-14
579 11.4788 1.24971e-14
580 11.4788 1.24971e-14
581 11.4788 1.24971e-14
582 11.4788 1.24971e-14
583 11.4788 1.24971e-14
584 11.4788 1.24971e-14
585 11.4788 1.24971e-14
586 11.4788 1.24971e-14
587 11.4788 1.24971e-14
588 11.4788 1.24971e-14
589 11.4788 1.24971e-14
590 11.4788 1.24971e-14
591 11.4788 1.24971e-14
592 11.4788 1.24971e-14
593 11.4788 1.24971e-14
594 11.4788 1.24971e-14
595 11.4788 1.24971e-14
596 11.4788 1.24971e-14
597 11.4788 1.24971e-14
598 11.4788 1.24971e-14
599 11.4788 1.24971e-14
600 11.4788 1.24971e-14
601 11.4788 1.24971e-14
602 11.4788 1.24971e-14
603 11.4788 1.24971e-14
604 11.4788 1.24971e-14
605 11.4788 1.24971e-14
606 11.4788 1.24971e-14
607 11.4788 1.24971e-14
608 11.4788 1.24971e-14
609 11.4788 1.24971e-14
610 11.4788 1.24971e-14
611 11.4788 1.24971e-14
612 11.4788 1.24971e-14
613 11.4788 1.24971e-14
614 11.4788 1.24971e-14
615 11.4788 1.24971e-14
616 11.4788 1.24971e-14
617 11.4788 1.24971e-14
618 11.4788 1.24971e-14
619 11.4788 1.24971e-14
620 11.4788 1.24971e-14
621 11.4788 1.24971e-14
622 11.4788 1.24971e-14
623 11.4788 1.24971e-14
624 11.4788 1.24971e-14
625 11.4788 1.24971e-14
626 11.4788 1.24971e-14
627 11.4788 1.24971e-14
628 11.4788 1.24971e-14
629 11.4788 1.24971e-14
630 11.4788 1.24971e-14
631 11.4788 1.24971e-14
632 11.4788 1.24971e-14
633 11.4788 1.24971e-14
634 11.4788 1.24971e-14
635 11.4788 1.24971e-14
636 11.4788 1.24971e-14
637 11.4788 1.24971e-14
638 11.4788 1.24971e-14
639 11.4788 1.24971e-14
640 11.4788 1.24971e-14
641 11.4788 1.24971e-14
642 11.4788 1.24971e-14
643 11.4788 1.24971e-14
644 11.4788 1.24971e-14
645 11.4788 1.24971e-14
646 11.4788 1.24971e-14
647 11.4788 1.24971e-14
648 11.4788 1.24971e-14
649 11.4788 1.24971e-14
650 11.4788 1.24971e-14
651 11.4788 1.24971e-14
652 11.4788 1.24971e-14
653 11.4788 1.24971e-14
654 11.4788 1.24971e-14
655 11.4788 1.24971e-14
656 11.4788 1.24971e-14
657 11.4788 1.24971e-14
658 11.4788 1.24971e-14
659 11.4788 1.24971e-14
660 11.4788 1.24971e-14
661 11.4788 1.24971e-14
662 11.4788 1.24971e-14
663 11.4788 1.24971e-14
664 11.4788 1.24971e-14
665 11.4788 1.24971e-14
666 11.4788 1.24971e-14
667 11.4788 1.24971e-14
668 11.4788 1.24971e-14
669 11.4788 1.24971e-14
670 11.4788 1.24971e-14
671 11.4788 1.24971e-14
672 11.4788 1.24971e-14
673 11.4788 1.24971e-14
674 11.4788 1.24971e-14
675 11.4788 1.24971e-14
676 11.4788 1.24971e-14
677 11.4788 1.24971e-14
678 11.4788 1.24971e-14
679 11.4788 1.24971e-14
680 11.4788 1.24971e-14
681 11.4788 1.24971e-14
682 11.4788 1.24971e-14
683 11.4788 1.24971e-14
684 11.4788 1.24971e-14
685 11.4788 1.24971e-14
686 11.4788 1.24971e-14
687 11.4788 1.24971e-14
688 11.4788 1.24971e-14
689 11.4788 1.24971e-14
690 11.4788 1.24971e-14
691 11.4788 1.24971e-14
692 11.4788 1.24971e-14
693 11.4788 1.24971e-14
694 11.4788 1.24971e-14
695 11.4788 1.24971e-14
696 11.4788 1.24971e-14
697 11.4788 1.24971e-14
698 11.4788 1.24971e-14
699 11.4788 1.24971e-14
700 11.4788 1.24971e-14
701 11.4788 1.24971e-14
702 11.4788 1.24971e-14
703 11.4788 1.24971e-14
704 11.4788 1.24971e-14
705 11.4788 1.24971e-14
706 11.4788 1.24971e-14
707 11.4788 1.24971e-14
708 11.4788 1.24971e-14
709 11.4788 1.24971e-14
710 11.4788 1.24971e-14
711 11.4788 1.24971e-14
712 11.4788 1.24971e-14
713 11.4788 1.24971e-14
714 11.4788 1.24971e-14
715 11.4788 1.24971e-14
716 11.4788 1.24971e-14
717 11.4788 1.24971e-14
718 11.4788 1.24971e-14
719 11.4788 1.24971e-14
720 11.4788 1.24971e-14
721 11.4788 1.24971e-14
722 11.4788 1.24971e-14
723 11.4788 1.24971e-14
724 11.4788 1.24971e-14
725 11.4788 1.24971e-14
726 11.4788 1.24971e-14
727 11.4788 1.24971e-14
728 11.4788 1.24971e-14
729 11.4788 1.24971e-14
730 11.4788 1.24971e-14
731 11.4788 1.24971e-14
732 11.4788 1.24971e-14
733 11.4788 1.24971e-14
734 11.4788 1.24971e-14
735 11.4788 1.24971e-14
736 11.4788 1.24971e-14
737 11.4788 1.24971e-14
738 11.4788 1.24971e-14
739 11.4788 1.24971e-14
740 11.4788 1.24971e-14
741 11.4788 1.24971e-14
742 11.4788 1.24971e-14
743 11.4788 1.24971e-14
744 11.4788 1.24971e-14
745 11.4788 1.24971e-14
746 11.4788 1.24971e-14
747 11.4788 1.24971e-14
748 11.4788 1.24971e-14
749 11.4788 1.24971e-14
750 11.4788 1.24971e-14
751 11.4788 1.24971e-14
752 11.4788 1.24971e-14
753 11.4788 1.24971e-14
754 11.4788 1.24971e-14
755 11.4788 1.24971e-14
756 11.4788 1.24971e-14
757 11.4788 1.24971e-14
758 11.4788 1.24971e-14
759 11.4788 1.24971e-14
760 11.4788 1.24971e-14
761 11.4788 1.24971e-14
762 11.4788 1.24971e-14
763 11.4788 1.24971e-14
764 11.4788 1.24971e-14
765 11.4788 1.24971e-14
766 11.4788 1.24971e-14
767 11.4788 1.24971e-14
768 11.4788 1.24971e-14
769 11.4788 1.24971e-14
770 11.4788 1.24971e-14
771 11.4788 1.24971e-14
772 11.4788 1.24971e-14
773 11.4788 1.24971e-14
774 11.4788 1.24971e-14
775 11.4788 1.24971e-14
776 11.4788 1.24971e-14
777 11.4788 1.24971e-14
778 11.4788 1.24971e-14
779 11.4788 1.24971e-14
780 11.4788 1.24971e-14
781 11.4788 1.24971e-14
782 11.4788 1.24971e-14
783 11.4788 1.24971e-14
784 11.4788 1.24971e-14
785 11.4788 1.24971e-14
786 11.4788 1.24971e-14
787 11.4788 1.24971e-14
788 11.4788 1.24971e-14
789 11.4788 1.24971e-14
790 11.4788 1.24971e-14
791 11.4788 1.24971e-14
792 11.4788 1.24971e-14
793 11.4788 1.24971e-14
794 11.4788 1.24971e-14
795 11.4788 1.24971e-14
796 11.4788 1.24971e-14
797 11.4788 1.24971e-14
798 11.4788 1.24971e-14
799 11.4788 1.24971e-14
800 11.4788 1.24971e-14
801 11.4788 1.24971e-14
802 11.4788 1.24971e-14
803 11.4788 1.24971e-14
804 11.4788 1.24971e-14
805 11.4788 1.24971e-14
806 11.4788 1.24971e-14
807 11.4788 1.24971e-14
808 11.4788 1.24971e-14
809 11.4788 1.24971e-14
810 11.4788 1.24971e-14
811 11.4788 1.24971e-14
812 11.4788 1.24971e-14
813 11.4788 1.24971e-14
814 11.4788 1.24971e-14
815 11.4788 1.24971e-14
816 11.4788 1.24971e-14
817 11.4788 1.24971e-14
818 11.4788 1.24971e-14
819 11.4788 1.24971e-14
820 11.4788 1.24971e-14
821 11.4788 1.24971e-14
822 11.4788 1.24971e-14
823 11.4788 1.24971e-14
824 11.4788 1.24971e-14
825 11.4788 1.24971e-14
826 11.4788 1.24971e-14
827 11.4788 1.24971e-14
828 11.4788 1.24971e-14
829 11.4788 1.24971e-14
830 11.4788 1.24971e-14
831 11.4788 1.24971e-14
832 11.4788 1.24971e-14
833 11.4788 1.24971e-14
834 11.4788 1.24971e-14
835 11.4788 1.24971e-14
836 11.4788 1.24971e-14
837 11.4788 1.24971e-14
838 11.4788 1.24971e-14
839 11.4788 1.24971e-14
840 11.4788 1.24971e-14
841 11.4788 1.24971e-14
842 11.4788 1.24971e-14
843 11.4788 1.24971e-14
844 11.4788 1.24971e-14
845 11.4788 1.24971e-14
846 11.4788 1.24971e-14
847 11.4788 1.24971e-14
848 11.4788 1.24971e-14
849 11.4788 1.24971e-14
850 11.4788 1.24971e-14
851 11.4788 1.24971e-14
852 11.4788 1.24971e-14
853 11.4788 1.24971e-14
854 11.4788 1.24971e-14
855 11.4788 1.24971e-14
856 11.4788 1.24971e-14
857 11.4788 1.24971e-14
858 11.4788 1.24971e-14
859 11.4788 1.24971e-14
860 11.4788 1.24971e-14
861 11.4788 1.24971e-14
862 11.4788 1.24971e-14
863 11.4788 1.24971e-14
864 11.4788 1.24971e-14
865 11.4788 1.24971e-14
866 11.4788 1.24971e-14
867 11.4788 1.24971e-14
868 11.4788 1.24971e-14
869 11.4788 1.24971e-14
870 11.4788 1.24971e-14
871 11.4788 1.24971e-14
872 11.4788 1.24971e-14
873 11.4788 1.24971e-14
874 11.4788 1.24971e-14
875 11.4788 1.24971e-14
876 11.4788 1.24971e-14
877 11.4788 1.24971e-14
878 11.4788 1.24971e-14
879 11.4788 1.24971e-14
880 11.4788 1.24971e-14
881 11.4788 1.24971e-14
882 11.4788 1.24971e-14
883 11.4788 1.24971e-14
884 11.4788 1.24971e-14
885 11.4788 1.24971e-14
886 11.4788 1.24971e-14
887 11.4788 1.24971e-14
888 11.4788 1.24971e-14
889 11.4788 1.24971e-14
890 11.4788 1.24971e-14
891 11.4788 1.24971e-14
892 11.4788 1.24971e-14
893 11.4788 1.24971e-14
894 11.4788 1.24971e-14
895 11.4788 1.24971e-14
896 11.4788 1.24971e-14
897 11.4788 1.24971e-14
898 11.4788 1.24971e-14
899 11.4788 1.24971e-14
900 11.4788 1.24971e-14
901 11.4788 1.24971e-14
902 11.4788 1.24971e-14
903 11.4788 1.24971e-14
904 11.4788 1.24971e-14
905 11.4788 1.24971e-14
906 11.4788 1.24971e-14
907 11.4788 1.24971e-14
908 11.4788 1.24971e-14
909 11.4788 1.24971e-14
910 11.4788 1.24971e-14
911 11.4788 1.24971e-14
912 11.4788 1.24971e-14
913 11.4788 1.24971e-14
914 11.4788 1.24971e-14
915 11.4788 1.24971e-14
916 11.4788 1.24971e-14
917 11.4788 1.24971e-14
918 11.4788 1.24971e-14
919 11.4788 1.24971e-14
920 11.4788 1.24971e-14
921 11.4788 1.24971e-14
922 11.4788 1.24971e-14
923 11.4788 1.24971e-14
924 11.4788 1.24971e-14
925 11.4788 1.24971e-14
926 11.4788 1.24971e-14
927 11.4788 1.24971e-14
928 11.4788 1.24971e-14
929 11.4788 1.24971e-14
930 11.4788 1.24971e-14
931 11.4788 1.24971e-14
932 11.4788 1.24971e-14
933 11.4788 1.24971e-14
934 11.4788 1.24971e-14
935 11.4788 1.24971e-14
936 11.4788 1.24971e-14
937 11.4788 1.24971e-14
938 11.4788 1.24971e-14
939 11.4788 1.24971e-14
940 11.4788 1.24971e-14
941 11.4788 1.24971e-14
942 11.4788 1.24971e-14
943 11.4788 1.24971e-14
944 11.4788 1.24971e-14
945 11.4788 1.24971e-14
946 11.4788 1.24971e-14
947 11.4788 1.24971e-14
948 11.4788 1.24971e-14
949 11.4788 1.24971e-14
950 11.4788 1.24971e-14
951 11.4788 1.24971e-14
952 11.4788 1.24971e-14
953 11.4788 1.24971e-14
954 11.4788 1.24971e-14
955 11.4788 1.24971e-14
956 11.4788 1.24971e-14
957 11.4788 1.24971e-14
958 11.4788 1.24971e-14
959 11.4788 1.24971e-14
960 11.4788 1.24971e-14
961 11.4788 1.24971e-14
962 11.4788 1.24971e-14
963 11.4788 1.24971e-14
964 11.4788 1.24971e-14
965 11.4788 1.24971e-14
966 11.4788 1.24971e-14
967 11.4788 1.24971e-14
968 11.4788 1.24971e-14
969 11.4788 1.24971e-14
970 11.4788 1.24971e-14
971 11.4788 1.24971e-14
972 11.4788 1.24971e-14
973 11.4788 1.24971e-14
974 11.4788 1.24971e-14
975 11.4788 1.24971e-14
976 11.4788 1.24971e-14
977 11.4788 1.24971e-14
978 11.4788 1.24971e-14
979 11.4788 1.24971e-14
980 11.4788 1.24971e-14
981 11.4788 1.24971e-14
982 11.4788 1.24971e-14
983 11.4788 1.24971e-14
984 11.4788 1.24971e-14
985 11.4788 1.24971e-14
986 11.4788 1.24971e-14
987 11.4788 1.24971e-14
988 11.4788 1.24971e-14
989 11.4788 1.24971e-14
990 11.4788 1.24971e-14
991 11.4788 1.24971e-14
992 11.4788 1.24971e-14
993 11.4788 1.24971e-14
994 11.4788 1.24971e-14
995 11.4788 1.24971e-14
996 11.4788 1.24971e-14
997 11.4788 1.24971e-14
998 11.4788 1.24971e-14
999 11.4788 1.24971e-14
1000 11.4788 1.24971e-14
1001 11.4788 1.24971e-14
1002 11.4788 1.24971e-14
1003 11.4788 1.24971e-14
1004 11.4788 1.24971e-14
1005 11.4788 1.24971e-14
1006 11.4788 1.24971e-14
1007 11.4788 1.24971e-14
1008 11.4788 1.24971e-14
1009 11.4788 1.24971e-14
1010 11.4788 1.24971e-14
1011 11.4788 1.24971e-14
1012 11.4788 1.24971e-14
1013 11.4788 1.24971e-14
1014 11.4788 1.24971e-14
1015 11.4788 1.24971e-14
1016 11.4788 1.24971e-14
1017 11.4788 1.24971e-14
1018 11.4788 1.24971e-14
1019 11.4788 1.24971e-14
1020 11.4788 1.24971e-14
1021 11.4788 1.24971e-14
1022 11.4788 1.24971e-14
1023 11.4788 1.24971e-14
1024 11.4788 1.24971e-14
1025 11.4788 1.24971e-14
1026 11.4788 1.24971e-14
1027 11.4788 1.24971e-14
1028 11.4788 1.24971e-14
1029 11.4788 1.24971e-14
1030 11.4788 1.24971e-14
1031 11.4788 1.24971e-14
1032 11.4788 1.24971e-14
1033 11.4788 1.24971e-14
1034 11.4788 1.24971e-14
1035 11.4788 1.24971e-14
1036 11.4788 1.24971e-14
1037 11.4788 1.24971e-14
1038 11.4788 1.24971e-14
1039 11.4788 1.24971e-14
1040 11.4788 1.24971e-14
1041 11.4788 1.24971e-14
1042 11.4788 1.24971e-14
1043 11.4788 1.24971e-14
1044 11.4788 1.24971e-14
1045 11.4788 1.24971e-14
1046 11.4788 1.24971e-14
1047 11.4788 1.24971e-14
1048 11.4788 1.24971e-14
1049 11.4788 1.24971e-14
1050 11.4788 1.24971e-14
1051 11.4788 1.24971e-14
1052 11.4788 1.24971e-14
1053 11.4788 1.24971e-14
1054 11.4788 1.24971e-14
1055 11.4788 1.24971e-14
1056 11.4788 1.24971e-14
1057 11.4788 1.24971e-14
1058 11.4788 1.24971e-14
1059 11.4788 1.24971e-14
1060 11.4788 1.24971e-14
1061 11.4788 1.24971e-14
1062 11.4788 1.24971e-14
1063 11.4788 1.24971e-14
1064 11.4788 1.24971e-14
1065 11.4788 1.24971e-14
1066 11.4788 1.24971e-14
1067 11.4788 1.24971e-14
1068 11.4788 1.24971e-14
1069 11.4788 1.24971e-14
1070 11.4788 1.24971e-14
1071 11.4788 1.24971e-14
1072 11.4788 1.24971e-14
1073 11.4788 1.24971e-14
1074 11.4788 1.24971e-14
1075 11.4788 1.24971e-14
1076 11.4788 1.24971e-14
1077 11.4788 1.24971e-14
1078 11.4788 1.24971e-14
1079 11.4788 1.24971e-14
1080 11.4788 1.24971e-14
1081 11.4788 1.24971e-14
1082 11.4788 1.24971e-14
1083 11.4788 1.24971e-14
1084 11.4788 1.24971e-14
1085 11.4788 1.24971e-14
1086 11.4788 1.24971e-14
1087 11.4788 1.24971e-14
1088 11.4788 1.24971e-14
1089 11.4788 1.24971e-14
1090 11.4788 1.24971e-14
1091 11.4788 1.24971e-14
1092 11.4788 1.24971e-14
1093 11.4788 1.24971e-14
1094 11.4788 1.24971e-14
1095 11.4788 1.24971e-14
1096 11.4788 1.24971e-14
1097 11.4788 1.24971e-14
1098 11.4788 1.24971e-14
1099 11.4788 1.24971e-14
1100 11.4788 1.24971e-14
1101 11.4788 1.24971e-14
1102 11.4788 1.24971e-14
1103 11.4788 1.24971e-14
1104 11.4788 1.24971e-14
1105 11.4788 1.24971e-14
1106 11.4788 1.24971e-14
1107 11.4788 1.24971e-14
1108 11.4788 1.24971e-14
1109 11.4788 1.24971e-14
1110 11.4788 1.24971e-14
1111 11.4788 1.24971e-14
1112 11.4788 1.24971e-14
1113 11.4788 1.24971e-14
1114 11.4788 1.24971e-14
1115 11.4788 1.24971e-14
1116 11.4788 1.24971e-14
1117 11.4788 1.24971e-14
1118 11.4788 1.24971e-14
1119 11.4788 1.24971e-14
1120 11.4788 1.24971e-14
1121 11.4788 1.24971e-14
1122 11.4788 1.24971e-14
1123 11.4788 1.24971e-14
1124 11.4788 1.24971e-14
1125 11.4788 1.24971e-14
1126 11.4788 1.24971e-14
1127 11.4788 1.24971e-14
1128 11.4788 1.24971e-14
1129 11.4788 1.24971e-14
1130 11.4788 1.24971e-14
1131 11.4788 1.24971e-14
1132 11.4788 1.24971e-14
1133 11.4788 1.24971e-14
1134 11.4788 1.24971e-14
1135 11.4788 1.24971e-14
1136 11.4788 1.24971e-14
1137 11.4788 1.24971e-14
1138 11.4788 1.24971e-14
1139 11.4788 1.24971e-14
1140 11.4788 1.24971e-14
1141 11.4788 1.24971e-14
1142 11.4788 1.24971e-14
1143 11.4788 1.24971e-14
1144 11.4788 1.24971e-14
1145 11.4788 1.24971e-14
1146 11.4788 1.24971e-14
1147 11.4788 1.24971e-14
1148 11.4788 1.24971e-14
1149 11.4788 1.24971e-14
1150 11.4788 1.24971e-14
1151 11.4788 1.24971e-14
1152 11.4788 1.24971e-14
1153 11.4788 1.24971e-14
1154 11.4788 1.24971e-14
1155 11.4788 1.24971e-14
1156 11.4788 1.24971e-14
1157 11.4788 1.24971e-14
1158 11.4788 1.24971e-14
1159 11.4788 1.24971e-14
1160 11.4788 1.24971e-14
1161 11.4788 1.24971e-14
1162 11.4788 1.24971e-14
1163 11.4788 1.24971e-14
1164 11.4788 1.24971e-14
1165 11.4788 1.24971e-14
1166 11.4788 1.24971e-14
1167 11.4788 1.24971e-14
1168 11.4788 1.24971e-14
1169 11.4788 1.24971e-14
1170 11.4788 1.24971e-14
1171 11.4788 1.24971e-14
1172 11.4788 1.24971e-14
1173 11.4788 1.24971e-14
1174 11.4788 1.24971e-14
1175 11.4788 1.24971e-14
1176 11.4788 1.24971e-14
1177 11.4788 1.24971e-14
1178 11.4788 1.24971e-14
1179 11.4788 1.24971e-14
1180 11.4788 1.24971e-14
1181 11.4788 1.24971e-14
1182 11.4788 1.24971e-14
1183 11.4788 1.24971e-14
1184 11.4788 1.24971e-14
1185 11.4788 1.24971e-14
1186 11.4788 1.24971e-14
1187 11.4788 1.24971e-14
1188 11.4788 1.24971e-14
1189 11.4788 1.24971e-14
1190 11.4788 1.24971e-14
1191 11.4788 1.24971e-14
1192 11.4788 1.24971e-14
1193 11.4788 1.24971e-14
1194 11.4788 1.24971e-14
1195 11.4788 1.24971e-14
1196 11.4788 1.24971e-14
1197 11.4788 1.24971e-14
1198 11.4788 1.24971e-14
1199 11.4788 1.24971e-14
1200 11.4788 1.24971e-14
1201 11.4788 1.24971e-14
1202 11.4788 1.24971e-14
1203 11.4788 1.24971e-14
1204 11.4788 1.24971e-14
1205 11.4788 1.24971e-14
1206 11.4788 1.24971e-14
1207 11.4788 1.24971e-14
1208 11.4788 1.24971e-14
1209 11.4788 1.24971e-14
1210 11.4788 1.24971e-14
1211 11.4788 1.24971e-14
1212 11.4788 1.24971e-14
1213 11.4788 1.24971e-14
1214 11.4788 1.24971e-14
1215 11.4788 1.24971e-14
1216 11.4788 1.24971e-14
1217 11.4788 1.24971e-14
1218 11.4788 1.24971e-14
1219 11.4788 1.24971e-14
1220 11.4788 1.24971e-14
1221 11.4788 1.24971e-14
1222 11.4788 1.24971e-14
1223 11.4788 1.24971e-14
1224 11.4788 1.24971e-14
1225 11.4788 1.24971e-14
1226 11.4788 1.24971e-14
1227 11.4788 1.24971e-14
1228 11.4788 1.24971e-14
1229 11.4788 1.24971e-14
1230 11.4788 1.24971e-14
1231 11.4788 1.24971e-14
1232 11.4788 1.24971e-14
1233 11.4788 1.24971e-14
1234 11.4788 1.24971e-14
1235 11.4788 1.24971e-14
1236 11.4788 1.24971e-14
1237 11.4788 1.24971e-14
1238 11.4788 1.24971e-14
1239 11.4788 1.24971e-14
1240 11.4788 1.24971e-14
1241 11.4788 1.24971e-14
1242 11.4788 1.24971e-14
1243 11.4788 1.24971e-14
1244 11.4788 1.24971e-14
1245 11.4788 1.24971e-14
1246 11.4788 1.24971e-14
1247 11.4788 1.24971e-14
1248 11.4788 1.24971e-14
1249 11.4788 1.24971e-14
1250 11.4788 1.24971e-14
1251 11.4788 1.24971e-14
1252 11.4788 1.24971e-14
1253 11.4788 1.24971e-14
1254 11.4788 1.24971e-14
1255 11.4788 1.24971e-14
1256 11.4788 1.24971e-14
1257 11.4788 1.24971e-14
1258 11.4788 1.24971e-14
1259 11.4788 1.24971e-14
1260 11.4788 1.24971e-14
1261 11.4788 1.24971e-14
1262 11.4788 1.24971e-14
1263 11.4788 1.24971e-14
1264 11.4788 1.24971e-14
1265 11.4788 1.24971e-14
1266 11.4788 1.24971e-14
1267 11.4788 1.24971e-14
1268 11.4788 1.24971e-14
1269 11.4788 1.24971e-14
1270 11.4788 1.24971e-14
1271 11.4788 1.24971e-14
1272 11.4788 1.24971e-14
1273 11.4788 1.24971e-14
1274 11.4788 1.24971e-14
1275 11.4788 1.24971e-14
1276 11.4788 1.24971e-14
1277 11.4788 1.24971e-14
1278 11.4788 1.24971e-14
1279 11.4788 1.24971e-14
1280 11.4788 1.24971e-14
1281 11.4788 1.24971e-14
1282 11.4788 1.24971e-14
1283 11.4788 1.24971e-14
1284 11.4788 1.24971e-14
1285 11.4788 1.24971e-14
1286 11.4788 1.24971e-14
1287 11.4788 1.24971e-14
1288 11.4788 1.24971e-14
1289 11.4788 1.24971e-14
1290 11.4788 1.24971e-14
1291 11.4788 1.24971e-14
1292 11.4788 1.24971e-14
1293 11.4788 1.24971e-14
1294 11.4788 1.24971e-14
1295 11.4788 1.24971e-14
1296 11.4788 1.24971e-14
1297 11.4788 1.24971e-14
1298 11.4788 1.24971e-14
1299 11.4788 1.24971e-14
1300 11.4788 1.24971e-14
1301 11.4788 1.24971e-14
1302 11.4788 1.24971e-14
1303 11.4788 1.24971e-14
1304 11.4788 1.24971e-14
1305 11.4788 1.24971e-14
1306 11.4788 1.24971e-14
1307 11.4788 1.24971e-14
1308 11.4788 1.24971e-14
1309 11.4788 1.24971e-14
1310 11.4788 1.24971e-14
1311 11.4788 1.24971e-14
1312 11.4788 1.24971e-14
1313 11.4788 1.24971e-14
1314 11.4788 1.24971e-14
1315 11.4788 1.24971e-14
1316 11.4788 1.24971e-14
1317 11.4788 1.24971e-14
1318 11.4788 1.24971e-14
1319 11.4788 1.24971e-14
1320 11.4788 1.24971e-14
1321 11.4788 1.24971e-14
1322 11.4788 1.24971e-14
1323 11.4788 1.24971e-14
1324 11.4788 1.24971e-14
1325 11.4788 1.24971e-14
1326 11.4788 1.24971e-14
1327 11.4788 1.24971e-14
1328 11.4788 1.24971e-14
1329 11.4788 1.24971e-14
1330 11.4788 1.24971e-14
1331 11.4788 1.24971e-14
1332 11.4788 1.24971e-14
1333 11.4788 1.24971e-14
1334 11.4788 1.24971e-14
1335 11.4788 1.24971e-14
1336 11.4788 1.24971e-14
1337 11.4788 1.24971e-14
1338 11.4788 1.24971e-14
1339 11.4788 1.24971e-14
1340 11.4788 1.24971e-14
1341 11.4788 1.24971e-14
1342 11.4788 1.24971e-14
1343 11.4788 1.24971e-14
1344 11.4788 1.24971e-14
1345 11.4788 1.24971e-14
1346 11.4788 1.24971e-14
1347 11.4788 1.24971e-14
1348 11.4788 1.24971e-14
1349 11.4788 1.24971e-14
1350 11.4788 1.24971e-14
1351 11.4788 1.24971e-14
1352 11.4788 1.24971e-14
1353 11.4788 1.24971e-14
1354 11.4788 1.24971e-14
1355 11.4788 1.24971e-14
1356 11.4788 1.24971e-14
1357 11.4788 1.24971e-14
1358 11.4788 1.24971e-14
1359 11.4788 1.24971e-14
1360 11.4788 1.24971e-14
1361 11.4788 1.24971e-14
1362 11.4788 1.24971e-14
1363 11.4788 1.24971e-14
1364 11.4788 1.24971e-14
1365 11.4788 1.24971e-14
1366 11.4788 1.24971e-14
1367 11.4788 1.24971e-14
1368 11.4788 1.24971e-14
1369 11.4788 1.24971e-14
1370 11.4788 1.24971e-14
1371 11.4788 1.24971e-14
1372 11.4788 1.24971e-14
1373 11.4788 1.24971e-14
1374 11.4788 1.24971e-14
1375 11.4788 1.24971e-14
1376 11.4788 1.24971e-14
1377 11.4788 1.24971e-14
1378 11.4788 1.24971e-14
1379 11.4788 1.24971e-14
1380 11.4788 1.24971e-14
1381 11.4788 1.24971e-14
1382 11.4788 1.24971e-14
1383 11.4788 1.24971e-14
1384 11.4788 1.24971e-14
1385 11.4788 1.24971e-14
1386 11.4788 1.24971e-14
1387 11.4788 1.24971e-14
1388 11.4788 1.24971e-14
1389 11.4788 1.24971e-14
1390 11.4788 1.24971e-14
1391 11.4788 1.24971e-14
1392 11.4788 1.24971e-14
1393 11.4788 1.24971e-14
1394 11.4788 1.24971e-14
1395 11.4788 1.24971e-14
1396 11.4788 1.24971e-14
1397 11.4788 1.24971e-14
1398 11.4788 1.24971e-14
1399 11.4788 1.24971e-14
1400 11.4788 1.24971e-14
1401 11.4788 1.24971e-14
1402 11.4788 1.24971e-14
1403 11.4788 1.24971e-14
1404 11.4788 1.24971e-14
1405 11.4788 1.24971e-14
1406 11.4788 1.24971e-14
1407 11.4788 1.24971e-14
1408 11.4788 1.24971e-14
1409 11.4788 1.24971e-14
1410 11.4788 1.24971e-14
1411 11.4788 1.24971e-14
1412 11.4788 1.24971e-14
1413 11.4788 1.24971e-14
1414 11.4788 1.24971e-14
1415 11.4788 1.24971e-14
1416 11.4788 1.24971e-14
1417 11.4788 1.24971e-14
1418 11.4788 1.24971e-14
1419 11.4788 1.24971e-14
1420 11.4788 1.24971e-14
1421 11.4788 1.24971e-14
1422 11.4788 1.24971e-14
1423 11.4788 1.24971e-14
1424 11.4788 1.24971e-14
1425 11.4788 1.24971e-14
1426 11.4788 1.24971e-14
1427 11.4788 1.24971e-14
1428 11.4788 1.24971e-14
1429 11.4788 1.24971e-14
1430 11.4788 1.24971e-14
1431 11.4788 1.24971e-14
1432 11.4788 1.24971e-14
1433 11.4788 1.24971e-14
1434 11.4788 1.24971e-14
1435 11.4788 1.24971e-14
1436 11.4788 1.24971e-14
1437 11.4788 1.24971e-14
1438 11.4788 1.24971e-14
1439 11.4788 1.24971e-14
1440 11.4788 1.24971e-14
1441 11.4788 1.24971e-14
1442 11.4788 1.24971e-14
1443 11.4788 1.24971e-14
1444 11.4788 1.24971e-14
1445 11.4788 1.24971e-14
1446 11.4788 1.24971e-14
1447 11.4788 1.24971e-14
1448 11.4788 1.24971e-14
1449 11.4788 1.24971e-14
1450 11.4788 1.24971e-14
1451 11.4788 1.24971e-14
1452 11.4788 1.24971e-14
1453 11.4788 1.24971e-14
1454 11.4788 1.24971e-14
1455 11.4788 1.24971e-14
1456 11.4788 1.24971e-14
1457 11.4788 1.24971e-14
1458 11.4788 1.24971e-14
1459 11.4788 1.24971e-14
1460 11.4788 1.24971e-14
1461 11.4788 1.24971e-14
1462 11.4788 1.24971e-14
1463 11.4788 1.24971e-14
1464 11.4788 1.24971e-14
1465 11.4788 1.24971e-14
1466 11.4788 1.24971e-14
1467 11.4788 1.24971e-14
1468 11.4788 1.24971e-14
1469 11.4788 1.24971e-14
1470 11.4788 1.24971e-14
1471 11.4788 1.24971e-14
1472 11.4788 1.24971e-14
1473 11.4788 1.24971e-14
1474 11.4788 1.24971e-14
1475 11.4788 1.24971e-14
1476 11.4788 1.24971e-14
1477 11.4788 1.24971e-14
1478 11.4788 1.24971e-14
1479 11.4788 1.24971e-14
1480 11.4788 1.24971e-14
1481 11.4788 1.24971e-14
1482 11.4788 1.24971e-14
1483 11.4788 1.24971e-14
1484 11.4788 1.24971e-14
1485 11.4788 1.24971e-14
1486 11.4788 1.24971e-14
1487 11.4788 1.24971e-14
1488 11.4788 1.24971e-14
1489 11.4788 1.24971e-14
1490 11.4788 1.24971e-14
1491 11.4788 1.24971e-14
1492 11.4788 1.24971e-14
1493 11.4788 1.24971e-14
1494 11.4788 1.24971e-14
1495 11.4788 1.24971e-14
1496 11.4788 1.24971e-14
1497 11.4788 1.24971e-14
1498 11.4788 1.24971e-14
1499 11.4788 1.24971e-14
1500 11.4788 1.24971e-14
1501 11.4788 1.24971e-14
1502 11.4788 1.24971e-14
1503 11.4788 1.24971e-14
1504 11.4788 1.24971e-14
1505 11.4788 1.24971e-14
1506 11.4788 1.24971e-14
1507 11.4788 1.24971e-14
1508 11.4788 1.24971e-14
1509 11.4788 1.24971e-14
1510 11.4788 1.24971e-14
1511 11.4788 1.24971e-14
1512 11.4788 1.24971e-14
1513 11.4788 1.24971e-14
1514 11.4788 1.24971e-14
1515 11.4788 1.24971e-14
1516 11.4788 1.24971e-14
1517 11.4788 1.24971e-14
1518 11.4788 1.24971e-14
1519 11.4788 1.24971e-14
1520 11.4788 1.24971e-14
1521 11.4788 1.24971e-14
1522 11.4788 1.24971e-14
1523 11.4788 1.24971e-14
1524 11.4788 1.24971e-14
1525 11.4788 1.24971e-14
1526 11.4788 1.24971e-14
1527 11.4788 1.24971e-14
1528 11.4788 1.24971e-14
1529 11.4788 1.24971e-14
1530 11.4788 1.24971e-14
1531 11.4788 1.24971e-14
1532 11.4788 1.24971e-14
1533 11.4788 1.24971e-14
1534 11.4788 1.24971e-14
1535 11.4788 1.24971e-14
1536 11.4788 1.24971e-14
1537 11.4788 1.24971e-14
1538 11.4788 1.24971e-14
1539 11.4788 1.24971e-14
1540 11.4788 1.24971e-14
1541 11.4788 1.24971e-14
1542 11.4788 1.24971e-14
1543 11.4788 1.24971e-14
1544 11.4788 1.24971e-14
1545 11.4788 1.24971e-14
1546 11.4788 1.24971e-14
1547 11.4788 1.24971e-14
1548 11.4788 1.24971e-14
1549 11.4788 1.24971e-14
1550 11.4788 1.24971e-14
1551 11.4788 1.24971e-14
1552 11.4788 1.24971e-14
1553 11.4788 1.24971e-14
1554 11.4788 1.24971e-14
1555 11.4788 1.24971e-14
1556 11.4788 1.24971e-14
1557 11.4788 1.24971e-14
1558 11.4788 1.24971e-14
1559 11.4788 1.24971e-14
1560 11.4788 1.24971e-14
1561 11.4788 1.24971e-14
1562 11.4788 1.24971e-14
1563 11.4788 1.24971e-14
1564 11.4788 1.24971e-14
1565 11.4788 1.24971e-14
1566 11.4788 1.24971e-14
1567 11.4788 1.24971e-14
1568 11.4788 1.24971e-14
1569 11.4788 1.24971e-14
1570 11.4788 1.24971e-14
1571 11.4788 1.24971e-14
1572 11.4788 1.24971e-14
1573 11.4788 1.24971e-14
1574 11.4788 1.24971e-14
1575 11.4788 1.24971e-14
1576 11.4788 1.24971e-14
1577 11.4788 1.24971e-14
1578 11.4788 1.24971e-14
1579 11.4788 1.24971e-14
1580 11.4788 1.24971e-14
1581 11.4788 1.24971e-14
1582 11.4788 1.24971e-14
1583 11.4788 1.24971e-14
1584 11.4788 1.24971e-14
1585 11.4788 1.24971e-14
1586 11.4788 1.24971e-14
1587 11.4788 1.24971e-14
1588 11.4788 1.24971e-14
1589 11.4788 1.24971e-14
1590 11.4788 1.24971e-14
1591 11.4788 1.24971e-14
1592 11.4788 1.24971e-14
1593 11.4788 1.24971e-14
1594 11.4788 1.24971e-14
1595 11.4788 1.24971e-14
1596 11.4788 1.24971e-14
1597 11.4788 1.24971e-14
1598 11.4788 1.24971e-14
1599 11.4788 1.24971e-14
1600 11.4788 1.24971e-14
1601 11.4788 1.24971e-14
1602 11.4788 1.24971e-14
1603 11.4788 1.24971e-14
1604 11.4788 1.24971e-14
1605 11.4788 1.24971e-14
1606 11.4788 1.24971e-14
1607 11.4788 1.24971e-14
1608 11.4788 1.24971e-14
1609 11.4788 1.24971e-14
1610 11.4788 1.24971e-14
1611 11.4788 1.24971e-14
1612 11.4788 1.24971e-14
1613 11.4788 1.24971e-14
1614 11.4788 1.24971e-14
1615 11.4788 1.24971e-14
1616 11.4788 1.24971e-14
1617 11.4788 1.24971e-14
1618 11.4788 1.24971e-14
1619 11.4788 1.24971e-14
1620 11.4788 1.24971e-14
1621 11.4788 1.24971e-14
1622 11.4788 1.24971e-14
1623 11.4788 1.24971e-14
1624 11.4788 1.24971e-14
1625 11.4788 1.24971e-14
1626 11.4788 1.24971e-14
1627 11.4788 1.24971e-14
1628 11.4788 1.24971e-14
1629 11.4788 1.24971e-14
1630 11.4788 1.24971e-14
1631 11.4788 1.24971e-14
1632 11.4788 1.24971e-14
1633 11.4788 1.24971e-14
1634 11.4788 1.24971e-14
1635 11.4788 1.24971e-14
1636 11.4788 1.24971e-14
1637 11.4788 1.24971e-14
1638 11.4788 1.24971e-14
1639 11.4788 1.24971e-14
1640 11.4788 1.24971e-14
1641 11.4788 1.24971e-14
1642 11.4788 1.24971e-14
1643 11.4788 1.24971e-14
1644 11.4788 1.24971e-14
1645 11.4788 1.24971e-14
1646 11.4788 1.24971e-14
1647 11.4788 1.24971e-14
1648 11.4788 1.24971e-14
1649 11.4788 1.24971e-14
1650 11.4788 1.24971e-14
1651 11.4788 1.24971e-14
1652 11.4788 1.24971e-14
1653 11.4788 1.24971e-14
1654 11.4788 1.24971e-14
1655 11.4788 1.24971e-14
1656 11.4788 1.24971e-14
1657 11.4788 1.24971e-14
1658 11.4788 1.24971e-14
1659 11.4788 1.24971e-14
1660 11.4788 1.24971e-14
1661 11.4788 1.24971e-14
1662 11.4788 1.24971e-14
1663 11.4788 1.24971e-14
1664 11.4788 1.24971e-14
1665 11.4788 1.24971e-14
1666 11.4788 1.24971e-14
1667 11.4788 1.24971e-14
1668 11.4788 1.24971e-14
1669 11.4788 1.24971e-14
1670 11.4788 1.24971e-14
1671 11.4788 1.24971e-14
1672 11.4788 1.24971e-14
1673 11.4788 1.24971e-14
1674 11.4788 1.24971e-14
1675 11.4788 1.24971e-14
1676 11.4788 1.24971e-14
1677 11.4788 1.24971e-14
1678 11.4788 1.24971e-14
1679 11.4788 1.24971e-14
1680 11.4788 1.24971e-14
1681 11.4788 1.24971e-14
1682 11.4788 1.24971e-14
1683 11.4788 1.24971e-14
1684 11.4788 1.24971e-14
1685 11.4788 1.24971e-14
1686 11.4788 1.24971e-14
1687 11.4788 1.24971e-14
1688 11.4788 1.24971e-14
1689 11.4788 1.24971e-14
1690 11.4788 1.24971e-14
1691 11.4788 1.24971e-14
1692 11.4788 1.24971e-14
1693 11.4788 1.24971e-14
1694 11.4788 1.24971e-14
1695 11.4788 1.24971e-14
1696 11.4788 1.24971e-14
1697 11.4788 1.24971e-14
1698 11.4788 1.24971e-14
1699 11.4788 1.24971e-14
1700 11.4788 1.24971e-14
1701 11.4788 1.24971e-14
1702 11.4788 1.24971e-14
1703 11.4788 1.24971e-14
1704 11.4788 1.24971e-14
1705 11.4788 1.24971e-14
1706 11.4788 1.24971e-14
1707 11.4788 1.24971e-14
1708 11.4788 1.24971e-14
1709 11.4788 1.24971e-14
1710 11.4788 1.24971e-14
1711 11.4788 1.24971e-14
1712 11.4788 1.24971e-14
1713 11.4788 1.24971e-14
1714 11.4788 1.24971e-14
1715 11.4788 1.24971e-14
1716 11.4788 1.24971e-14
1717 11.4788 1.24971e-14
1718 11.4788 1.24971e-14
1719 11.4788 1.24971e-14
1720 11.4788 1.24971e-14
1721 11.4788 1.24971e-14
1722 11.4788 1.24971e-14
1723 11.4788 1.24971e-14
1724 11.4788 1.24971e-14
1725 11.4788 1.24971e-14
1726 11.4788 1.24971e-14
1727 11.4788 1.24971e-14
1728 11.4788 1.24971e-14
1729 11.4788 1.24971e-14
1730 11.4788 1.24971e-14
1731 11.4788 1.24971e-14
1732 11.4788 1.24971e-14
1733 11.4788 1.24971e-14
1734 11.4788 1.24971e-14
1735 11.4788 1.24971e-14
1736 11.4788 1.24971e-14
1737 11.4788 1.24971e-14
1738 11.4788 1.24971e-14
1739 11.4788 1.24971e-14
1740 11.4788 1.24971e-14
1741 11.4788 1.24971e-14
1742 11.4788 1.24971e-14
1743 11.4788 1.24971e-14
1744 11.4788 1.24971e-14
1745 11.4788 1.24971e-14
1746 11.4788 1.24971e-14
1747 11.4788 1.24971e-14
1748 11.4788 1.24971e-14
1749 11.4788 1.24971e-14
1750 11.4788 1.24971e-14
1751 11.4788 1.24971e-14
1752 11.4788 1.24971e-14
1753 11.4788 1.24971e-14
1754 11.4788 1.24971e-14
1755 11.4788 1.24971e-14
1756 11.4788 1.24971e-14
1757 11.4788 1.24971e-14
1758 11.4788 1.24971e-14
1759 11.4788 1.24971e-14
1760 11.4788 1.24971e-14
1761 11.4788 1.24971e-14
1762 11.4788 1.24971e-14
1763 11.4788 1.24971e-14
1764 11.4788 1.24971e-14
1765 11.4788 1.24971e-14
1766 11.4788 1.24971e-14
1767 11.4788 1.24971e-14
1768 11.4788 1.24971e-14
1769 11.4788 1.24971e-14
1770 11.4788 1.24971e-14
1771 11.4788 1.24971e-14
1772 11.4788 1.24971e-14
1773 11.4788 1.24971e-14
1774 11.4788 1.24971e-14
1775 11.4788 1.24971e-14
1776 11.4788 1.24971e-14
1777 11.4788 1.24971e-14
1778 11.4788 1.24971e-14
1779 11.4788 1.24971e-14
1780 11.4788 1.24971e-14
1781 11.4788 1.24971e-14
1782 11.4788 1.24971e-14
1783 11.4788 1.24971e-14
1784 11.4788 1.24971e-14
1785 11.4788 1.24971e-14
1786 11.4788 1.24971e-14
1787 11.4788 1.24971e-14
1788 11.4788 1.24971e-14
1789 11.4788 1.24971e-14
1790 11.4788 1.24971e-14
1791 11.4788 1.24971e-14
1792 11.4788 1.24971e-14
1793 11.4788 1.24971e-14
1794 11.4788 1.24971e-14
1795 11.4788 1.24971e-14
1796 11.4788 1.24971e-14
1797 11.4788 1.24971e-14
1798 11.4788 1.24971e-14
1799 11.4788 1.24971e-14
1800 11.4788 1.24971e-14
1801 11.4788 1.24971e-14
1802 11.4788 1.24971e-14
1803 11.4788 1.24971e-14
1804 11.4788 1.24971e-14
1805 11.4788 1.24971e-14
1806 11.4788 1.24971e-14
1807 11.4788 1.24971e-14
1808 11.4788 1.24971e-14
1809 11.4788 1.24971e-14
1810 11.4788 1.24971e-14
1811 11.4788 1.24971e-14
1812 11.4788 1.24971e-14
1813 11.4788 1.24971e-14
1814 11.4788 1.24971e-14
1815 11.4788 1.24971e-14
1816 11.4788 1.24971e-14
1817 11.4788 1.24971e-14
1818 11.4788 1.24971e-14
1819 11.4788 1.24971e-14
1820 11.4788 1.24971e-14
1821 11.4788 1.24971e-14
1822 11.4788 1.24971e-14
1823 11.4788 1.24971e-14
1824 11.4788 1.24971e-14
1825 11.4788 1.24971e-14
1826 11.4788 1.24971e-14
1827 11.4788 1.24971e-14
1828 11.4788 1.24971e-14
1829 11.4788 1.24971e-14
1830 11.4788 1.24971e-14
1831 11.4788 1.24971e-14
1832 11.4788 1.24971e-14
1833 11.4788 1.24971e-14
1834 11.4788 1.24971e-14
1835 11.4788 1.24971e-14
1836 11.4788 1.24971e-14
1837 11.4788 1.24971e-14
1838 11.4788 1.24971e-14
1839 11.4788 1.24971e-14
1840 11.4788 1.24971e-14
1841 11.4788 1.24971e-14
1842 11.4788 1.24971e-14
1843 11.4788 1.24971e-14
1844 11.4788 1.24971e-14
1845 11.4788 1.24971e-14
1846 11.4788 1.24971e-14
1847 11.4788 1.24971e-14
1848 11.4788 1.24971e-14
1849 11.4788 1.24971e-14
1850 11.4788 1.24971e-14
1851 11.4788 1.24971e-14
1852 11.4788 1.24971e-14
1853 11.4788 1.24971e-14
1854 11.4788 1.24971e-14
1855 11.4788 1.24971e-14
1856 11.4788 1.24971e-14
1857 11.4788 1.24971e-14
1858 11.4788 1.24971e-14
1859 11.4788 1.24971e-14
1860 11.4788 1.24971e-14
1861 11.4788 1.24971e-14
1862 11.4788 1.24971e-14
1863 11.4788 1.24971e-14
1864 11.4788 1.24971e-14
1865 11.4788 1.24971e-14
1866 11.4788 1.24971e-14
1867 11.4788 1.24971e-14
1868 11.4788 1.24971e-14
1869 11.4788 1.24971e-14
1870 11.4788 1.24971e-14
1871 11.4788 1.24971e-14
1872 11.4788 1.24971e-14
1873 11.4788 1.24971e-14
1874 11.4788 1.24971e-14
1875 11.4788 1.24971e-14
1876 11.4788 1.24971e-14
1877 11.4788 1.24971e-14
1878 11.4788 1.24971e-14
1879 11.4788 1.24971e-14
1880 11.4788 1.24971e-14
1881 11.4788 1.24971e-14
1882 11.4788 1.24971e-14
1883 11.4788 1.24971e-14
1884 11.4788 1.24971e-14
1885 11.4788 1.24971e-14
1886 11.4788 1.24971e-14
1887 11.4788 1.24971e-14
1888 11.4788 1.24971e-14
1889 11.4788 1.24971e-14
1890 11.4788 1.24971e-14
1891 11.4788 1.24971e-14
1892 11.4788 1.24971e-14
1893 11.4788 1.24971e-14
1894 11.4788 1.24971e-14
1895 11.4788 1.24971e-14
1896 11.4788 1.24971e-14
1897 11.4788 1.24971e-14
1898 11.4788 1.24971e-14
1899 11.4788 1.24971e-14
1900 11.4788 1.24971e-14
1901 11.4788 1.24971e-14
1902 11.4788 1.24971e-14
1903 11.4788 1.24971e-14
1904 11.4788 1.24971e-14
1905 11.4788 1.24971e-14
1906 11.4788 1.24971e-14
1907 11.4788 1.24971e-14
1908 11.4788 1.24971e-14
1909 11.4788 1.24971e-14
1910 11.4788 1.24971e-14
1911 11.4788 1.24971e-14
1912 11.4788 1.24971e-14
1913 11.4788 1.24971e-14
1914 11.4788 1.24971e-14
1915 11.4788 1.24971e-14
1916 11.4788 1.24971e-14
1917 11.4788 1.24971e-14
1918 11.4788 1.24971e-14
1919 11.4788 1.24971e-14
1920 11.4788 1.24971e-14
1921 11.4788 1.24971e-14
1922 11.4788 1.24971e-14
1923 11.4788 1.24971e-14
1924 11.4788 1.24971e-14
1925 11.4788 1.24971e-14
1926 11.4788 1.24971e-14
1927 11.4788 1.24971e-14
1928 11.4788 1.24971e-14
1929 11.4788 1.24971e-14
1930 11.4788 1.24971e-14
1931 11.4788 1.24971e-14
1932 11.4788 1.24971e-14
1933 11.4788 1.24971e-14
1934 11.4788 1.24971e-14
1935 11.4788 1.24971e-14
1936 11.4788 1.24971e-14
1937 11.4788 1.24971e-14
1938 11.4788 1.24971e-14
1939 11.4788 1.24971e-14
1940 11.4788 1.24971e-14
1941 11.4788 1.24971e-14
1942 11.4788 1.24971e-14
1943 11.4788 1.24971e-14
1944 11.4788 1.24971e-14
1945 11.4788 1.24971e-14
1946 11.4788 1.24971e-14
1947 11.4788 1.24971e-14
1948 11.4788 1.24971e-14
1949 11.4788 1.24971e-14
1950 11.4788 1.24971e-14
1951 11.4788 1.24971e-14
1952 11.4788 1.24971e-14
1953 11.4788 1.24971e-14
1954 11.4788 1.24971e-14
1955 11.4788 1.24971e-14
1956 11.4788 1.24971e-14
1957 11.4788 1.24971e-14
1958 11.4788 1.24971e-14
1959 11.4788 1.24971e-14
1960 11.4788 1.24971e-14
1961 11.4788 1.24971e-14
1962 11.4788 1.24971e-14
1963 11.4788 1.24971e-14
1964 11.4788 1.24971e-14
1965 11.4788 1.24971e-14
1966 11.4788 1.24971e-14
1967 11.4788 1.24971e-14
1968 11.4788 1.24971e-14
1969 11.4788 1.24971e-14
1970 11.4788 1.24971e-14
1971 11.4788 1.24971e-14
1972 11.4788 1.24971e-14
1973 11.4788 1.24971e-14
1974 11.4788 1.24971e-14
1975 11.4788 1.24971e-14
1976 11.4788 1.24971e-14
1977 11.4788 1.24971e-14
1978 11.4788 1.24971e-14
1979 11.4788 1.24971e-14
1980 11.4788 1.24971e-14
1981 11.4788 1.24971e-14
1982 11.4788 1.24971e-14
1983 11.4788 1.24971e-14
1984 11.4788 1.24971e-14
1985 11.4788 1.24971e-14
1986 11.4788 1.24971e-14
1987 11.4788 1.24971e-14
1988 11.4788 1.24971e-14
1989 11.4788 1.24971e-14
1990 11.4788 1.24971e-14
1991 11.4788 1.24971e-14
1992 11.4788 1.24971e-14
1993 11.4788 1.24971e-14
1994 11.4788 1.24971e-14
1995 11.4788 1.24971e-14
1996 11.4788 1.24971e-14
1997 11.4788 1.24971e-14
1998 11.4788 1.24971e-14
1999 11.4788 1.24971e-14
2000 11.4788 1.24971e-14
