1 35.6921 2.20176
2 33.0447 1.916
3 30.9747 1.77284
4 29.2794 1.7095
5 27.1803 2.06402
6 24.4168 1.86859
7 22.8265 0.0996991
8 22.6775 0.20889
9 22.3918 0.324703
10 22.1398 0.480763
11 21.6669 0.355182
12 21.4545 0.110189
13 21.3424 0.141348
14 21.1827 0.167575
15 21.0331 0.220077
16 20.8166 0.0930731
17 20.7407 0.138743
18 20.6095 0.209054
19 20.3862 0.149611
20 20.2273 0.194884
21 19.9211 0.532472
22 19.5481 0.669529
23 19.0862 0.569578
24 18.7233 0.1446
25 18.6846 2.49943e-14
26 18.6846 2.49943e-14
27 18.6818 0.0194014
28 18.6407 0.101771
29 18.5515 0.204466
30 18.3873 0.352369
31 18.0828 0.48106
32 17.5494 0.608111
33 17.0146 0.784088
34 16.1635 0.685445
35 15.5795 0.566241
36 15.2763 1.78531e-14
37 15.2763 1.78531e-14
38 15.2763 1.78531e-14
39 15.264 0.116324
40 15.1564 0.34949
41 14.8364 0.556753
42 14.4116 0.495488
43 14.1113 0.0276041
44 14.0892 0.079395
45 14.023 0.130452
46 13.8521 0.0604567
47 13.838 1.24971e-14
48 13.838 1.24971e-14
49 13.8357 0.023122
50 13.8126 0.0727107
51 13.7617 0.10927
52 13.6877 0.11084
53 13.6151 0.0413691
54 13.6068 0
55 13.5982 0.0611285
56 13.5017 0.198666
57 13.2762 0.236898
58 13.1006 0.075516
59 13.0729 2.3209e-14
60 13.0729 2.3209e-14
61 13.0725 0.0032744
62 13.0693 0.0102969
63 13.055 0.0163046
64 13.035 0.0817458
65 12.9026 0.305434
66 12.5951 0.404522
67 12.3202 0.250167
68 12.2311 7.14122e-15
69 12.231 0.000747362
70 12.2306 0.00191648
71 12.2279 0.00370725
72 12.2247 0.00393349
73 12.2169 0.0371157
74 12.1806 0.106911
75 12.082 0.170296
76 11.9414 0.15883
77 11.8206 0.0545704
78 11.7584 0.0729122
79 11.6859 0.0145146
80 11.6842 0.000546365
81 11.6835 0.000755208
82 11.683 0.000437895
83 11.6829 1.78531e-14
84 11.6829 1.78531e-14
85 11.6829 1.78531e-14
86 11.6829 3.72874e-05
87 11.6825 0.00319517
88 11.6799 0.00916436
89 11.6684 0.0158554
90 11.6544 0.00997198
91 11.6509 2.65004e-05
92 11.6509 8.33347e-05
93 11.6506 0.00127089
94 11.6497 0.00341363
95 11.6463 0.00600162
96 11.6414 0.00551925
97 11.6381 0
98 11.638 0.00155015
99 11.6355 0.00585219
100 11.6305 0.00804876
101 11.6194 0.00620834
102 11.6132 0.00739844
103 11.6073 0.00381972
104 11.6047 0.00938818
105 11.5947 0.0167076
106 11.5837 0.0160047
107 11.573 1.78531e-14
108 11.573 1.78531e-14
109 11.573 1.78531e-14
110 11.573 1.78531e-14
111 11.573 1.78531e-14
112 11.573 1.78531e-14
113 11.5706 0.024814
114 11.5358 0.08905
115 11.476 0.121976
116 11.3552 0.0888407
117 11.3125 0.0124464
118 11.3015 0.0635935
119 11.244 0.177455
120 11.0458 0.304245
121 10.8083 0.252841
122 10.6641 0.0678822
123 10.5583 0.132786
124 10.455 0.0923163
125 10.418 1.96384e-14
126 10.4179 0.000280554
127 10.4176 0.000948266
128 10.4165 0.00140955
129 10.415 0.00185067
130 10.4134 0.0054345
131 10.4032 0.029982
132 10.3491 0.107952
133 10.2891 0.135805
134 10.2004 0.126341
135 10.1201 2.67796e-14
136 10.1201 2.67796e-14
137 10.1201 2.67796e-14
138 10.1201 2.67796e-14
139 10.1201 2.67796e-14
140 10.1201 2.67796e-14
141 10.1201 2.67796e-14
142 10.1201 2.67796e-14
143 10.1201 2.67796e-14
144 10.1201 2.67796e-14
145 10.1201 2.67796e-14
146 10.1201 2.67796e-14
147 10.1201 2.67796e-14
148 10.1201 2.67796e-14
149 10.1201 2.67796e-14
150 10.1201 2.67796e-14
151 10.1201 2.67796e-14
152 10.1201 2.67796e-14
153 10.1201 2.67796e-14
154 10.1147 0.0542894
155 10.0658 0.163689
156 9.89751 0.268359
157 9.71907 0.237523
158 9.5772 1.07118e-14
159 9.5772 1.07118e-14
160 9.5772 1.07118e-14
161 9.57702 0.00180242
162 9.57504 0.00588668
163 9.56228 0.0859625
164 9.49746 0.231885
165 9.27601 0.398177
166 8.99323 0.393248
167 8.71637 0.00834147
168 8.71554 8.92653e-15
169 8.71554 8.92653e-15
170 8.71554 8.92653e-15
171 8.71554 8.92653e-15
172 8.71554 8.92653e-15
173 8.71554 8.92653e-15
174 8.71554 8.92653e-15
175 8.71554 8.92653e-15
176 8.71554 8.92653e-15
177 8.71554 8.92653e-15
178 8.71554 8.92653e-15
179 8.71554 8.92653e-15
180 8.71554 8.92653e-15
181 8.71419 0.0134529
182 8.70074 0.0423048
183 8.66172 0.0662375
184 8.60926 0.0550708
185 8.58101 8.92653e-15
186 8.58101 8.92653e-15
187 8.58097 0.000412995
188 8.58047 0.00139591
189 8.5794 0.00202453
190 8.57762 0.00159467
191 8.57688 1.96384e-14
192 8.57688 1.96384e-14
193 8.57688 1.96384e-14
194 8.57688 1.96384e-14
195 8.57688 1.96384e-14
196 8.57688 1.96384e-14
197 8.57688 1.96384e-14
198 8.57688 1.96384e-14
199 8.57688 1.96384e-14
200 8.57688 1.96384e-14
201 8.57688 1.96384e-14
202 8.57688 1.96384e-14
203 8.57688 1.96384e-14
204 8.57688 1.96384e-14
205 8.57688 1.96384e-14
206 8.57688 1.96384e-14
207 8.57688 1.96384e-14
208 8.57688 1.96384e-14
209 8.57688 1.96384e-14
210 8.57688 1.96384e-14
211 8.57688 1.96384e-14
212 8.57688 1.96384e-14
213 8.57688 1.96384e-14
214 8.57688 1.96384e-14
215 8.57688 1.96384e-14
216 8.57688 1.96384e-14
217 8.57688 1.96384e-14
218 8.5768 0.000757597
219 8.57604 0.00238238
220 8.57423 0.00363171
221 8.57074 0.00298703
222 8.5693 1.24971e-14
223 8.5693 1.24971e-14
224 8.5693 1.24971e-14
225 8.5693 1.24971e-14
226 8.5693 1.24971e-14
227 8.5693 1.24971e-14
228 8.5693 1.24971e-14
229 8.5693 1.24971e-14
230 8.5693 1.24971e-14
231 8.5693 1.24971e-14
232 8.5693 1.24971e-14
233 8.5693 1.24971e-14
234 8.5693 1.24971e-14
235 8.5693 1.24971e-14
236 8.5693 1.24971e-14
237 8.5693 1.24971e-14
238 8.5693 1.24971e-14
239 8.5693 1.24971e-14
240 8.5693 1.24971e-14
241 8.5693 1.24971e-14
242 8.5693 1.24971e-14
243 8.5693 1.24971e-14
244 8.5693 1.24971e-14
245 8.5693 1.24971e-14
246 8.5693 1.24971e-14
247 8.5693 1.24971e-14
248 8.5693 1.24971e-14
249 8.5693 1.24971e-14
250 8.5693 1.24971e-14
251 8.5693 1.24971e-14
252 8.5693 1.24971e-14
253 8.5693 1.24971e-14
254 8.5693 1.24971e-14
255 8.5693 1.24971e-14
256 8.5693 1.24971e-14
257 8.5693 1.24971e-14
258 8.5693 1.24971e-14
259 8.5693 1.24971e-14
260 8.56878 0.00525269
261 8.563 0.0171552
262 8.54094 0.0263112
263 8.51677 0
264 8.51677 0
265 8.51677 0
266 8.51677 0
267 8.51677 0
268 8.51677 0
269 8.51677 0
270 8.51677 0
271 8.51677 0
272 8.51677 0
273 8.51677 0
274 8.51677 0
275 8.51677 0
276 8.51677 0
277 8.51677 0
278 8.51677 0
279 8.51677 0
280 8.51677 0
281 8.51677 0
282 8.51677 0
283 8.51677 0
284 8.51677 0
285 8.51677 0
286 8.51677 0
287 8.51677 0
288 8.51677 0
289 8.51677 0
290 8.51677 0
291 8.51677 0
292 8.51677 0
293 8.51677 0
294 8.51677 0
295 8.51677 0
296 8.51677 0
297 8.51677 0
298 8.51677 0
299 8.51677 0
300 8.51677 0
301 8.51677 0
302 8.51677 0
303 8.51677 0
304 8.51677 0
305 8.51677 0
306 8.51677 0
307 8.51677 0
308 8.51677 0
309 8.51677 0
310 8.51677 0
311 8.51677 0
312 8.51677 0
313 8.51677 0
314 8.51677 0
315 8.51677 0
316 8.51677 0
317 8.51677 0
318 8.51677 0
319 8.51677 0
320 8.51677 0
321 8.51677 0
322 8.51677 0
323 8.51677 0
324 8.51677 0
325 8.51677 0
326 8.51677 0
327 8.51677 0
328 8.51677 0
329 8.51677 0
330 8.51677 0
331 8.51677 0
332 8.51677 0
333 8.51677 0
334 8.51677 0
335 8.51677 0
336 8.51677 0
337 8.51677 0
338 8.51677 0
339 8.51677 0
340 8.51677 0
341 8.51677 0
342 8.51656 0.00215573
343 8.51419 0.00704057
344 8.50513 0.0107982
345 8.49586 0.00369592
346 8.49522 5.35592e-15
347 8.49522 5.35592e-15
348 8.49522 5.35592e-15
349 8.49522 5.35592e-15
350 8.49522 5.35592e-15
351 8.49522 5.35592e-15
352 8.49522 5.35592e-15
353 8.49522 5.35592e-15
354 8.49522 5.35592e-15
355 8.49522 5.35592e-15
356 8.49522 5.35592e-15
357 8.49522 5.35592e-15
358 8.49522 5.35592e-15
359 8.49522 5.35592e-15
360 8.49522 5.35592e-15
361 8.49522 5.35592e-15
362 8.49522 5.35592e-15
363 8.49522 5.35592e-15
364 8.49522 5.35592e-15
365 8.49522 5.35592e-15
366 8.49522 5.35592e-15
367 8.49522 5.35592e-15
368 8.49522 5.35592e-15
369 8.49522 5.35592e-15
370 8.49522 5.35592e-15
371 8.49522 5.35592e-15
372 8.49522 5.35592e-15
373 8.49522 5.35592e-15
374 8.49522 5.35592e-15
375 8.49522 5.35592e-15
376 8.49522 5.35592e-15
377 8.49522 5.35592e-15
378 8.49522 5.35592e-15
379 8.49522 5.35592e-15
380 8.49522 5.35592e-15
381 8.49522 5.35592e-15
382 8.49522 5.35592e-15
383 8.49522 5.35592e-15
384 8.49522 5.35592e-15
385 8.49522 5.35592e-15
386 8.49522 5.35592e-15
387 8.49522 5.35592e-15
388 8.49522 5.35592e-15
389 8.49522 5.35592e-15
390 8.49522 5.35592e-15
391 8.49522 5.35592e-15
392 8.49522 5.35592e-15
393 8.49522 5.35592e-15
394 8.49522 5.35592e-15
395 8.49522 5.35592e-15
396 8.49522 5.35592e-15
397 8.49522 5.35592e-15
398 8.49522 5.35592e-15
399 8.49522 5.35592e-15
400 8.49522 5.35592e-15
401 8.49522 5.35592e-15
402 8.49522 5.35592e-15
403 8.49522 5.35592e-15
404 8.49522 5.35592e-15
405 8.49522 5.35592e-15
406 8.49522 5.35592e-15
407 8.49522 5.35592e-15
408 8.49522 5.35592e-15
409 8.49522 5.35592e-15
410 8.49522 5.35592e-15
411 8.49522 5.35592e-15
412 8.49522 5.35592e-15
413 8.49522 5.35592e-15
414 8.49522 5.35592e-15
415 8.49522 5.35592e-15
416 8.49484 0.00372249
417 8.48852 0.0143734
418 8.47891 0.0185005
419 8.4673 0.0162001
420 8.45799 1.07118e-14
421 8.45799 1.07118e-14
422 8.45799 1.07118e-14
423 8.45799 1.07118e-14
424 8.45799 1.07118e-14
425 8.45799 1.07118e-14
426 8.45799 1.07118e-14
427 8.45799 1.07118e-14
428 8.45799 1.07118e-14
429 8.45799 1.07118e-14
430 8.45799 1.07118e-14
431 8.45799 1.07118e-14
432 8.45799 1.07118e-14
433 8.45799 1.07118e-14
434 8.45799 1.07118e-14
435 8.45799 1.07118e-14
436 8.45799 1.07118e-14
437 8.45799 1.07118e-14
438 8.45799 1.07118e-14
439 8.45799 1.07118e-14
440 8.45783 0.00163643
441 8.45603 0.00534456
442 8.45194 0.00794055
443 8.43713 0.0865733
444 8.33859 0.280443
445 8.1325 0.414241
446 7.90047 0.41642
447 7.58295 7.14122e-15
448 7.58295 7.14122e-15
449 7.58295 7.14122e-15
450 7.58295 7.14122e-15
451 7.58295 7.14122e-15
452 7.58295 7.14122e-15
453 7.58295 7.14122e-15
454 7.58295 7.14122e-15
455 7.58295 7.14122e-15
456 7.58295 7.14122e-15
457 7.58295 7.14122e-15
458 7.58295 7.14122e-15
459 7.58295 7.14122e-15
460 7.58295 7.14122e-15
461 7.58295 7.14122e-15
462 7.58295 7.14122e-15
463 7.58295 7.14122e-15
464 7.58295 7.14122e-15
465 7.58295 7.14122e-15
466 7.58295 7.14122e-15
467 7.58295 7.14122e-15
468 7.58295 7.14122e-15
469 7.58295 7.14122e-15
470 7.58295 7.14122e-15
471 7.58295 7.14122e-15
472 7.58295 7.14122e-15
473 7.58295 7.14122e-15
474 7.58295 7.14122e-15
475 7.58049 0.0246016
476 7.54113 0.0928773
477 7.47964 0.122016
478 7.36403 0.0773526
479 7.33693 7.14122e-15
480 7.33693 7.14122e-15
481 7.33693 7.14122e-15
482 7.33693 7.14122e-15
483 7.33693 7.14122e-15
484 7.33693 7.14122e-15
485 7.33693 7.14122e-15
486 7.33693 7.14122e-15
487 7.33693 7.14122e-15
488 7.33693 7.14122e-15
489 7.33693 7.14122e-15
490 7.33693 7.14122e-15
491 7.33693 7.14122e-15
492 7.33693 7.14122e-15
493 7.33693 7.14122e-15
494 7.33693 7.14122e-15
495 7.33693 7.14122e-15
496 7.33693 7.14122e-15
497 7.33693 7.14122e-15
498 7.33693 7.14122e-15
499 7.33693 7.14122e-15
500 7.33693 7.14122e-15
501 7.33693 7.14122e-15
502 7.33693 7.14122e-15
503 7.33693 7.14122e-15
504 7.33693 7.14122e-15
505 7.33693 7.14122e-15
506 7.33693 7.14122e-15
507 7.33693 7.14122e-15
508 7.33693 7.14122e-15
509 7.33693 7.14122e-15
510 7.33693 7.14122e-15
511 7.33693 7.14122e-15
512 7.33693 7.14122e-15
513 7.33693 7.14122e-15
514 7.33693 7.14122e-15
515 7.33693 7.14122e-15
516 7.33693 7.14122e-15
517 7.33693 7.14122e-15
518 7.33693 7.14122e-15
519 7.33693 7.14122e-15
520 7.33693 7.14122e-15
521 7.33693 7.14122e-15
522 7.33693 7.14122e-15
523 7.33693 7.14122e-15
524 7.33693 7.14122e-15
525 7.33693 7.14122e-15
526 7.33693 7.14122e-15
527 7.33693 7.14122e-15
528 7.33693 7.14122e-15
529 7.33693 7.14122e-15
530 7.33693 7.14122e-15
531 7.33693 7.14122e-15
532 7.33693 7.14122e-15
533 7.33693 7.14122e-15
534 7.33693 7.14122e-15
535 7.33693 7.14122e-15
536 7.33693 7.14122e-15
537 7.33693 7.14122e-15
538 7.33693 7.14122e-15
539 7.33693 7.14122e-15
540 7.33693 7.14122e-15
541 7.33693 7.14122e-15
542 7.33693 7.14122e-15
543 7.33693 7.14122e-15
544 7.33693 7.14122e-15
545 7.33693 7.14122e-15
546 7.33693 7.14122e-15
547 7.33693 7.14122e-15
548 7.33684 0.000934714
549 7.33591 0.00293936
550 7.33357 0.00450923
551 7.3289 0.00325968
552 7.32759 2.67796e-15
553 7.32759 2.67796e-15
554 7.32759 2.67796e-15
555 7.32759 2.67796e-15
556 7.32759 2.67796e-15
557 7.32759 2.67796e-15
558 7.32759 2.67796e-15
559 7.32759 2.67796e-15
560 7.32759 2.67796e-15
561 7.32759 2.67796e-15
562 7.32759 2.67796e-15
563 7.32759 2.67796e-15
564 7.32759 2.67796e-15
565 7.32759 2.67796e-15
566 7.32759 2.67796e-15
567 7.32759 2.67796e-15
568 7.32759 2.67796e-15
569 7.32759 2.67796e-15
570 7.32759 2.67796e-15
571 7.32759 2.67796e-15
572 7.32759 2.67796e-15
573 7.32759 2.67796e-15
574 7.32759 2.67796e-15
575 7.32759 2.67796e-15
576 7.32759 2.67796e-15
577 7.32759 2.67796e-15
578 7.32759 2.67796e-15
579 7.32759 2.67796e-15
580 7.32759 2.67796e-15
581 7.32759 2.67796e-15
582 7.32759 2.67796e-15
583 7.32759 2.67796e-15
584 7.32759 2.67796e-15
585 7.32759 2.67796e-15
586 7.32759 2.67796e-15
587 7.32759 2.67796e-15
588 7.32759 2.67796e-15
589 7.32759 2.67796e-15
590 7.32532 0.0226432
591 7.30947 0.0617388
592 7.25287 0.107007
593 7.15776 0.0985417
594 7.10116 8.92653e-16
595 7.10116 8.92653e-16
596 7.10116 8.92653e-16
597 7.10116 8.92653e-16
598 7.10116 8.92653e-16
599 7.10116 8.92653e-16
600 7.10116 8.92653e-16
601 7.10116 8.92653e-16
602 7.10116 8.92653e-16
603 7.10116 8.92653e-16
604 7.10116 8.92653e-16
605 7.10116 8.92653e-16
606 7.10116 8.92653e-16
607 7.10116 8.92653e-16
608 7.10116 8.92653e-16
609 7.10116 8.92653e-16
610 7.10116 8.92653e-16
611 7.10116 8.92653e-16
612 7.10116 8.92653e-16
613 7.10116 8.92653e-16
614 7.10116 8.92653e-16
615 7.10116 8.92653e-16
616 7.10116 8.92653e-16
617 7.10116 8.92653e-16
618 7.10116 8.92653e-16
619 7.10116 8.92653e-16
620 7.10116 8.92653e-16
621 7.10116 8.92653e-16
622 7.10116 8.92653e-16
623 7.10116 8.92653e-16
624 7.10116 8.92653e-16
625 7.10116 8.92653e-16
626 7.10116 8.92653e-16
627 7.10116 8.92653e-16
628 7.10116 8.92653e-16
629 7.10116 8.92653e-16
630 7.10116 8.92653e-16
631 7.10116 8.92653e-16
632 7.10116 8.92653e-16
633 7.10116 8.92653e-16
634 7.10116 8.92653e-16
635 7.10116 8.92653e-16
636 7.10116 8.92653e-16
637 7.10116 8.92653e-16
638 7.09752 0.0363389
639 7.06118 0.114274
640 6.9449 0.180811
641 6.75303 0.0717183
642 6.73777 6.24857e-15
643 6.73777 6.24857e-15
644 6.73777 6.24857e-15
645 6.73777 6.24857e-15
646 6.73777 6.24857e-15
647 6.73777 6.24857e-15
648 6.73777 6.24857e-15
649 6.73777 6.24857e-15
650 6.73777 6.24857e-15
651 6.73777 6.24857e-15
652 6.73777 6.24857e-15
653 6.73777 6.24857e-15
654 6.73777 6.24857e-15
655 6.73777 6.24857e-15
656 6.73777 6.24857e-15
657 6.73777 6.24857e-15
658 6.73777 6.24857e-15
659 6.73777 6.24857e-15
660 6.73777 6.24857e-15
661 6.73777 6.24857e-15
662 6.73777 6.24857e-15
663 6.73777 6.24857e-15
664 6.73777 6.24857e-15
665 6.73777 6.24857e-15
666 6.73777 6.24857e-15
667 6.73777 6.24857e-15
668 6.73777 6.24857e-15
669 6.73777 6.24857e-15
670 6.73777 6.24857e-15
671 6.73777 6.24857e-15
672 6.73777 6.24857e-15
673 6.73777 6.24857e-15
674 6.73777 6.24857e-15
675 6.73777 6.24857e-15
676 6.73777 6.24857e-15
677 6.73777 6.24857e-15
678 6.73777 6.24857e-15
679 6.73777 6.24857e-15
680 6.73777 6.24857e-15
681 6.73777 6.24857e-15
682 6.73777 6.24857e-15
683 6.73777 6.24857e-15
684 6.73777 6.24857e-15
685 6.73777 6.24857e-15
686 6.73777 6.24857e-15
687 6.73777 6.24857e-15
688 6.73777 6.24857e-15
689 6.73777 6.24857e-15
690 6.73777 6.24857e-15
691 6.73777 6.24857e-15
692 6.73279 0.0497466
693 6.71289 0.108966
694 6.6134 0.216494
695 6.44924 0.246766
696 6.2602 0.0979742
697 6.2403 6.24857e-15
698 6.2403 6.24857e-15
699 6.2403 6.24857e-15
700 6.2403 6.24857e-15
701 6.2403 6.24857e-15
702 6.2403 6.24857e-15
703 6.2403 6.24857e-15
704 6.2403 6.24857e-15
705 6.2403 6.24857e-15
706 6.2403 6.24857e-15
707 6.2403 6.24857e-15
708 6.2403 6.24857e-15
709 6.2403 6.24857e-15
710 6.2403 6.24857e-15
711 6.2403 6.24857e-15
712 6.2403 6.24857e-15
713 6.2403 6.24857e-15
714 6.2403 6.24857e-15
715 6.2403 6.24857e-15
716 6.2403 6.24857e-15
717 6.2403 6.24857e-15
718 6.2403 6.24857e-15
719 6.2403 6.24857e-15
720 6.2403 6.24857e-15
721 6.2403 6.24857e-15
722 6.2403 6.24857e-15
723 6.2403 6.24857e-15
724 6.2403 6.24857e-15
725 6.2403 6.24857e-15
726 6.2403 6.24857e-15
727 6.2403 6.24857e-15
728 6.2403 6.24857e-15
729 6.2403 6.24857e-15
730 6.2403 6.24857e-15
731 6.2403 6.24857e-15
732 6.2403 6.24857e-15
733 6.2403 6.24857e-15
734 6.2403 6.24857e-15
735 6.2403 6.24857e-15
736 6.2403 6.24857e-15
737 6.2403 6.24857e-15
738 6.2403 6.24857e-15
739 6.2403 6.24857e-15
740 6.2403 6.24857e-15
741 6.2403 6.24857e-15
742 6.2403 6.24857e-15
743 6.2403 6.24857e-15
744 6.2403 6.24857e-15
745 6.2403 6.24857e-15
746 6.2403 6.24857e-15
747 6.2403 6.24857e-15
748 6.2403 6.24857e-15
749 6.2403 6.24857e-15
750 6.2403 6.24857e-15
751 6.2403 6.24857e-15
752 6.2403 6.24857e-15
753 6.2403 6.24857e-15
754 6.2403 6.24857e-15
755 6.2403 6.24857e-15
756 6.2403 6.24857e-15
757 6.2403 6.24857e-15
758 6.2403 6.24857e-15
759 6.2403 6.24857e-15
760 6.2403 6.24857e-15
761 6.2403 6.24857e-15
762 6.2403 6.24857e-15
763 6.2403 6.24857e-15
764 6.2403 6.24857e-15
765 6.2403 6.24857e-15
766 6.2403 6.24857e-15
767 6.2403 6.24857e-15
768 6.2403 6.24857e-15
769 6.2403 6.24857e-15
770 6.2403 6.24857e-15
771 6.2403 6.24857e-15
772 6.2403 6.24857e-15
773 6.2403 6.24857e-15
774 6.2403 6.24857e-15
775 6.2403 6.24857e-15
776 6.2403 6.24857e-15
777 6.2403 6.24857e-15
778 6.2403 6.24857e-15
779 6.2403 6.24857e-15
780 6.2403 6.24857e-15
781 6.2403 6.24857e-15
782 6.2403 6.24857e-15
783 6.2403 6.24857e-15
784 6.2403 6.24857e-15
785 6.2403 6.24857e-15
786 6.2403 6.24857e-15
787 6.2403 6.24857e-15
788 6.2403 6.24857e-15
789 6.2403 6.24857e-15
790 6.2403 6.24857e-15
791 6.2403 6.24857e-15
792 6.2403 6.24857e-15
793 6.2403 6.24857e-15
794 6.2403 6.24857e-15
795 6.2403 6.24857e-15
796 6.2403 6.24857e-15
797 6.2403 6.24857e-15
798 6.2403 6.24857e-15
799 6.2403 6.24857e-15
800 6.2403 6.24857e-15
801 6.2403 6.24857e-15
802 6.2403 6.24857e-15
803 6.2403 6.24857e-15
804 6.2403 6.24857e-15
805 6.2403 6.24857e-15
806 6.2403 6.24857e-15
807 6.2403 6.24857e-15
808 6.2403 6.24857e-15
809 6.2403 6.24857e-15
810 6.2403 6.24857e-15
811 6.2403 6.24857e-15
812 6.2403 6.24857e-15
813 6.2403 6.24857e-15
814 6.2403 6.24857e-15
815 6.2403 6.24857e-15
816 6.2403 6.24857e-15
817 6.2403 6.24857e-15
818 6.2403 6.24857e-15
819 6.2403 6.24857e-15
820 6.2403 6.24857e-15
821 6.2403 6.24857e-15
822 6.2403 6.24857e-15
823 6.2403 6.24857e-15
824 6.2403 6.24857e-15
825 6.2403 6.24857e-15
826 6.2403 6.24857e-15
827 6.2403 6.24857e-15
828 6.2403 6.24857e-15
829 6.2403 6.24857e-15
830 6.2403 6.24857e-15
831 6.2403 6.24857e-15
832 6.2403 6.24857e-15
833 6.2403 6.24857e-15
834 6.2403 6.24857e-15
835 6.2403 6.24857e-15
836 6.2403 6.24857e-15
837 6.2403 6.24857e-15
838 6.2403 6.24857e-15
839 6.2403 6.24857e-15
840 6.2403 6.24857e-15
841 6.2403 6.24857e-15
842 6.2403 6.24857e-15
843 6.2403 6.24857e-15
844 6.2403 6.24857e-15
845 6.2403 6.24857e-15
846 6.2403 6.24857e-15
847 6.2403 6.24857e-15
848 6.2403 6.24857e-15
849 6.2403 6.24857e-15
850 6.2403 6.24857e-15
851 6.2403 6.24857e-15
852 6.2403 6.24857e-15
853 6.2403 6.24857e-15
854 6.2403 6.24857e-15
855 6.2403 6.24857e-15
856 6.2403 6.24857e-15
857 6.2403 6.24857e-15
858 6.2403 6.24857e-15
859 6.2403 6.24857e-15
860 6.2403 6.24857e-15
861 6.2403 6.24857e-15
862 6.2403 6.24857e-15
863 6.2403 6.24857e-15
864 6.2403 6.24857e-15
865 6.2403 6.24857e-15
866 6.2403 6.24857e-15
867 6.2403 6.24857e-15
868 6.2403 6.24857e-15
869 6.2403 6.24857e-15
870 6.2403 6.24857e-15
871 6.2403 6.24857e-15
872 6.2403 6.24857e-15
873 6.2403 6.24857e-15
874 6.2403 6.24857e-15
875 6.2403 6.24857e-15
876 6.2403 6.24857e-15
877 6.2403 6.24857e-15
878 6.2403 6.24857e-15
879 6.2403 6.24857e-15
880 6.2403 6.24857e-15
881 6.2403 6.24857e-15
882 6.2403 6.24857e-15
883 6.2403 6.24857e-15
884 6.2403 6.24857e-15
885 6.2403 6.24857e-15
886 6.2403 6.24857e-15
887 6.2403 6.24857e-15
888 6.2403 6.24857e-15
889 6.2403 6.24857e-15
890 6.2403 6.24857e-15
891 6.2403 6.24857e-15
892 6.2403 6.24857e-15
893 6.2403 6.24857e-15
894 6.2403 6.24857e-15
895 6.2403 6.24857e-15
896 6.2403 6.24857e-15
897 6.2403 6.24857e-15
898 6.2403 6.24857e-15
899 6.2403 6.24857e-15
900 6.2403 6.24857e-15
901 6.2403 6.24857e-15
902 6.2403 6.24857e-15
903 6.2403 6.24857e-15
904 6.2403 6.24857e-15
905 6.2403 6.24857e-15
906 6.2403 6.24857e-15
907 6.2403 6.24857e-15
908 6.2403 6.24857e-15
909 6.2403 6.24857e-15
910 6.2403 6.24857e-15
911 6.2403 6.24857e-15
912 6.2403 6.24857e-15
913 6.2403 6.24857e-15
914 6.2403 6.24857e-15
915 6.2403 6.24857e-15
916 6.2403 6.24857e-15
917 6.2403 6.24857e-15
918 6.2403 6.24857e-15
919 6.2403 6.24857e-15
920 6.2403 6.24857e-15
921 6.2403 6.24857e-15
922 6.2403 6.24857e-15
923 6.2403 6.24857e-15
924 6.2403 6.24857e-15
925 6.2403 6.24857e-15
926 6.2403 6.24857e-15
927 6.2403 6.24857e-15
928 6.2403 6.24857e-15
929 6.2403 6.24857e-15
930 6.2403 6.24857e-15
931 6.2403 6.24857e-15
932 6.2403 6.24857e-15
933 6.2403 6.24857e-15
934 6.2403 6.24857e-15
935 6.2403 6.24857e-15
936 6.2403 6.24857e-15
937 6.2403 6.24857e-15
938 6.2403 6.24857e-15
939 6.2403 6.24857e-15
940 6.2403 6.24857e-15
941 6.2403 6.24857e-15
942 6.2403 6.24857e-15
943 6.2403 6.24857e-15
944 6.2403 6.24857e-15
945 6.2403 6.24857e-15
946 6.2403 6.24857e-15
947 6.2403 6.24857e-15
948 6.2403 6.24857e-15
949 6.2403 6.24857e-15
950 6.2403 6.24857e-15
951 6.2403 6.24857e-15
952 6.2403 6.24857e-15
953 6.2403 6.24857e-15
954 6.2403 6.24857e-15
955 6.2403 6.24857e-15
956 6.2403 6.24857e-15
957 6.2403 6.24857e-15
958 6.2403 6.24857e-15
959 6.2403 6.24857e-15
960 6.2403 6.24857e-15
961 6.2403 6.24857e-15
962 6.2403 6.24857e-15
963 6.2403 6.24857e-15
964 6.2403 6.24857e-15
965 6.2403 6.24857e-15
966 6.2403 6.24857e-15
967 6.2403 6.24857e-15
968 6.2403 6.24857e-15
969 6.2403 6.24857e-15
970 6.2403 6.24857e-15
971 6.2403 6.24857e-15
972 6.2403 6.24857e-15
973 6.2403 6.24857e-15
974 6.2403 6.24857e-15
975 6.2403 6.24857e-15
976 6.2403 6.24857e-15
977 6.2403 6.24857e-15
978 6.2403 6.24857e-15
979 6.2403 6.24857e-15
980 6.2403 6.24857e-15
981 6.2403 6.24857e-15
982 6.2403 6.24857e-15
983 6.2403 6.24857e-15
984 6.2403 6.24857e-15
985 6.2403 6.24857e-15
986 6.2403 6.24857e-15
987 6.2403 6.24857e-15
988 6.2403 6.24857e-15
989 6.2403 6.24857e-15
990 6.2403 6.24857e-15
991 6.2403 6.24857e-15
992 6.2403 6.24857e-15
993 6.2403 6.24857e-15
994 6.2403 6.24857e-15
995 6.2403 6.24857e-15
996 6.2403 6.24857e-15
997 6.2403 6.24857e-15
998 6.2403 6.24857e-15
999 6.2403 6.24857e-15
1000 6.2403 6.24857e-15
1001 6.2403 6.24857e-15
1002 6.2403 6.24857e-15
1003 6.2403 6.24857e-15
1004 6.2403 6.24857e-15
1005 6.2403 6.24857e-15
1006 6.2403 6.24857e-15
1007 6.2403 6.24857e-15
1008 6.2403 6.24857e-15
1009 6.2403 6.24857e-15
1010 6.2403 6.24857e-15
1011 6.2403 6.24857e-15
1012 6.2403 6.24857e-15
1013 6.2403 6.24857e-15
1014 6.2403 6.24857e-15
1015 6.2403 6.24857e-15
1016 6.2403 6.24857e-15
1017 6.2403 6.24857e-15
1018 6.2403 6.24857e-15
1019 6.2403 6.24857e-15
1020 6.2403 6.24857e-15
1021 6.2403 6.24857e-15
1022 6.2403 6.24857e-15
1023 6.2403 6.24857e-15
1024 6.2403 6.24857e-15
1025 6.2403 6.24857e-15
1026 6.2403 6.24857e-15
1027 6.2403 6.24857e-15
1028 6.2403 6.24857e-15
1029 6.2403 6.24857e-15
1030 6.2403 6.24857e-15
1031 6.2403 6.24857e-15
1032 6.2403 6.24857e-15
1033 6.2403 6.24857e-15
1034 6.2403 6.24857e-15
1035 6.2403 6.24857e-15
1036 6.2403 6.24857e-15
1037 6.2403 6.24857e-15
1038 6.2403 6.24857e-15
1039 6.2403 6.24857e-15
1040 6.2403 6.24857e-15
1041 6.2403 6.24857e-15
1042 6.2403 6.24857e-15
1043 6.2403 6.24857e-15
1044 6.2403 6.24857e-15
1045 6.2403 6.24857e-15
1046 6.2403 6.24857e-15
1047 6.2403 6.24857e-15
1048 6.2403 6.24857e-15
1049 6.2403 6.24857e-15
1050 6.2403 6.24857e-15
1051 6.2403 6.24857e-15
1052 6.2403 6.24857e-15
1053 6.2403 6.24857e-15
1054 6.2403 6.24857e-15
1055 6.2403 6.24857e-15
1056 6.2403 6.24857e-15
1057 6.2403 6.24857e-15
1058 6.2403 6.24857e-15
1059 6.2403 6.24857e-15
1060 6.2403 6.24857e-15
1061 6.2403 6.24857e-15
1062 6.2403 6.24857e-15
1063 6.2403 6.24857e-15
1064 6.2403 6.24857e-15
1065 6.2403 6.24857e-15
1066 6.2403 6.24857e-15
1067 6.2403 6.24857e-15
1068 6.2403 6.24857e-15
1069 6.2403 6.24857e-15
1070 6.2403 6.24857e-15
1071 6.2403 6.24857e-15
1072 6.2403 6.24857e-15
1073 6.2403 6.24857e-15
1074 6.2403 6.24857e-15
1075 6.2403 6.24857e-15
1076 6.2403 6.24857e-15
1077 6.2403 6.24857e-15
1078 6.2403 6.24857e-15
1079 6.2403 6.24857e-15
1080 6.2403 6.24857e-15
1081 6.2403 6.24857e-15
1082 6.2403 6.24857e-15
1083 6.2403 6.24857e-15
1084 6.2403 6.24857e-15
1085 6.2403 6.24857e-15
1086 6.2403 6.24857e-15
1087 6.2403 6.24857e-15
1088 6.2403 6.24857e-15
1089 6.2403 6.24857e-15
1090 6.2403 6.24857e-15
1091 6.2403 6.24857e-15
1092 6.2403 6.24857e-15
1093 6.2403 6.24857e-15
1094 6.2403 6.24857e-15
1095 6.2403 6.24857e-15
1096 6.2403 6.24857e-15
1097 6.2403 6.24857e-15
1098 6.2403 6.24857e-15
1099 6.2403 6.24857e-15
1100 6.2403 6.24857e-15
1101 6.2403 6.24857e-15
1102 6.2403 6.24857e-15
1103 6.2403 6.24857e-15
1104 6.2403 6.24857e-15
1105 6.2403 6.24857e-15
1106 6.2403 6.24857e-15
1107 6.2403 6.24857e-15
1108 6.2403 6.24857e-15
1109 6.2403 6.24857e-15
1110 6.2403 6.24857e-15
1111 6.2403 6.24857e-15
1112 6.2403 6.24857e-15
1113 6.2403 6.24857e-15
1114 6.2403 6.24857e-15
1115 6.2403 6.24857e-15
1116 6.2403 6.24857e-15
1117 6.2403 6.24857e-15
1118 6.2403 6.24857e-15
1119 6.2403 6.24857e-15
1120 6.2403 6.24857e-15
1121 6.2403 6.24857e-15
1122 6.2403 6.24857e-15
1123 6.2403 6.24857e-15
1124 6.2403 6.24857e-15
1125 6.2403 6.24857e-15
1126 6.2403 6.24857e-15
1127 6.2403 6.24857e-15
1128 6.2403 6.24857e-15
1129 6.2403 6.24857e-15
1130 6.2403 6.24857e-15
1131 6.2403 6.24857e-15
1132 6.2403 6.24857e-15
1133 6.2403 6.24857e-15
1134 6.2403 6.24857e-15
1135 6.2403 6.24857e-15
1136 6.2403 6.24857e-15
1137 6.2403 6.24857e-15
1138 6.2403 6.24857e-15
1139 6.2403 6.24857e-15
1140 6.2403 6.24857e-15
1141 6.2403 6.24857e-15
1142 6.2403 6.24857e-15
1143 6.2403 6.24857e-15
1144 6.2403 6.24857e-15
1145 6.2403 6.24857e-15
1146 6.2403 6.24857e-15
1147 6.2403 6.24857e-15
1148 6.2403 6.24857e-15
1149 6.2403 6.24857e-15
1150 6.2403 6.24857e-15
1151 6.2403 6.24857e-15
1152 6.2403 6.24857e-15
1153 6.2403 6.24857e-15
1154 6.2403 6.24857e-15
1155 6.2403 6.24857e-15
1156 6.2403 6.24857e-15
1157 6.2403 6.24857e-15
1158 6.2403 6.24857e-15
1159 6.2403 6.24857e-15
1160 6.2403 6.24857e-15
1161 6.2403 6.24857e-15
1162 6.2403 6.24857e-15
1163 6.2403 6.24857e-15
1164 6.2403 6.24857e-15
1165 6.2403 6.24857e-15
1166 6.2403 6.24857e-15
1167 6.2403 6.24857e-15
1168 6.2403 6.24857e-15
1169 6.2403 6.24857e-15
1170 6.2403 6.24857e-15
1171 6.2403 6.24857e-15
1172 6.2403 6.24857e-15
1173 6.2403 6.24857e-15
1174 6.2403 6.24857e-15
1175 6.2403 6.24857e-15
1176 6.2403 6.24857e-15
1177 6.2403 6.24857e-15
1178 6.2403 6.24857e-15
1179 6.2403 6.24857e-15
1180 6.2403 6.24857e-15
1181 6.2403 6.24857e-15
1182 6.2403 6.24857e-15
1183 6.2403 6.24857e-15
1184 6.2403 6.24857e-15
1185 6.2403 6.24857e-15
1186 6.2403 6.24857e-15
1187 6.2403 6.24857e-15
1188 6.2403 6.24857e-15
1189 6.2403 6.24857e-15
1190 6.2403 6.24857e-15
1191 6.2403 6.24857e-15
1192 6.2403 6.24857e-15
1193 6.2403 6.24857e-15
1194 6.2403 6.24857e-15
1195 6.2403 6.24857e-15
1196 6.2403 6.24857e-15
1197 6.2403 6.24857e-15
1198 6.2403 6.24857e-15
1199 6.2403 6.24857e-15
1200 6.2403 6.24857e-15
1201 6.2403 6.24857e-15
1202 6.2403 6.24857e-15
1203 6.2403 6.24857e-15
1204 6.2403 6.24857e-15
1205 6.2403 6.24857e-15
1206 6.2403 6.24857e-15
1207 6.2403 6.24857e-15
1208 6.2403 6.24857e-15
1209 6.2403 6.24857e-15
1210 6.2403 6.24857e-15
1211 6.2403 6.24857e-15
1212 6.2403 6.24857e-15
1213 6.2403 6.24857e-15
1214 6.2403 6.24857e-15
1215 6.2403 6.24857e-15
1216 6.2403 6.24857e-15
1217 6.2403 6.24857e-15
1218 6.2403 6.24857e-15
1219 6.2403 6.24857e-15
1220 6.2403 6.24857e-15
1221 6.2403 6.24857e-15
1222 6.2403 6.24857e-15
1223 6.2403 6.24857e-15
1224 6.2403 6.24857e-15
1225 6.2403 6.24857e-15
1226 6.2403 6.24857e-15
1227 6.2403 6.24857e-15
1228 6.2403 6.24857e-15
1229 6.2403 6.24857e-15
1230 6.2403 6.24857e-15
1231 6.2403 6.24857e-15
1232 6.2403 6.24857e-15
1233 6.2403 6.24857e-15
1234 6.2403 6.24857e-15
1235 6.2403 6.24857e-15
1236 6.2403 6.24857e-15
1237 6.2403 6.24857e-15
1238 6.2403 6.24857e-15
1239 6.2403 6.24857e-15
1240 6.2403 6.24857e-15
1241 6.2403 6.24857e-15
1242 6.2403 6.24857e-15
1243 6.2403 6.24857e-15
1244 6.2403 6.24857e-15
1245 6.2403 6.24857e-15
1246 6.2403 6.24857e-15
1247 6.2403 6.24857e-15
1248 6.2403 6.24857e-15
1249 6.2403 6.24857e-15
1250 6.2403 6.24857e-15
1251 6.2403 6.24857e-15
1252 6.2403 6.24857e-15
1253 6.2403 6.24857e-15
1254 6.2403 6.24857e-15
1255 6.2403 6.24857e-15
1256 6.2403 6.24857e-15
1257 6.2403 6.24857e-15
1258 6.2403 6.24857e-15
1259 6.2403 6.24857e-15
1260 6.2403 6.24857e-15
1261 6.2403 6.24857e-15
1262 6.2403 6.24857e-15
1263 6.2403 6.24857e-15
1264 6.2403 6.24857e-15
1265 6.2403 6.24857e-15
1266 6.2403 6.24857e-15
1267 6.2403 6.24857e-15
1268 6.2403 6.24857e-15
1269 6.2403 6.24857e-15
1270 6.2403 6.24857e-15
1271 6.2403 6.24857e-15
1272 6.2403 6.24857e-15
1273 6.2403 6.24857e-15
1274 6.2403 6.24857e-15
1275 6.2403 6.24857e-15
1276 6.2403 6.24857e-15
1277 6.2403 6.24857e-15
1278 6.2403 6.24857e-15
1279 6.2403 6.24857e-15
1280 6.2403 6.24857e-15
1281 6.2403 6.24857e-15
1282 6.2403 6.24857e-15
1283 6.2403 6.24857e-15
1284 6.2403 6.24857e-15
1285 6.2403 6.24857e-15
1286 6.2403 6.24857e-15
1287 6.2403 6.24857e-15
1288 6.2403 6.24857e-15
1289 6.2403 6.24857e-15
1290 6.2403 6.24857e-15
1291 6.2403 6.24857e-15
1292 6.2403 6.24857e-15
1293 6.2403 6.24857e-15
1294 6.2403 6.24857e-15
1295 6.2403 6.24857e-15
1296 6.2403 6.24857e-15
1297 6.2403 6.24857e-15
1298 6.2403 6.24857e-15
1299 6.2403 6.24857e-15
1300 6.2403 6.24857e-15
1301 6.2403 6.24857e-15
1302 6.2403 6.24857e-15
1303 6.2403 6.24857e-15
1304 6.2403 6.24857e-15
1305 6.2403 6.24857e-15
1306 6.2403 6.24857e-15
1307 6.2403 6.24857e-15
1308 6.2403 6.24857e-15
1309 6.2403 6.24857e-15
1310 6.2403 6.24857e-15
1311 6.2403 6.24857e-15
1312 6.2403 6.24857e-15
1313 6.2403 6.24857e-15
1314 6.2403 6.24857e-15
1315 6.2403 6.24857e-15
1316 6.2403 6.24857e-15
1317 6.2403 6.24857e-15
1318 6.2403 6.24857e-15
1319 6.2403 6.24857e-15
1320 6.2403 6.24857e-15
1321 6.2403 6.24857e-15
1322 6.2403 6.24857e-15
1323 6.2403 6.24857e-15
1324 6.2403 6.24857e-15
1325 6.2403 6.24857e-15
1326 6.2403 6.24857e-15
1327 6.2403 6.24857e-15
1328 6.2403 6.24857e-15
1329 6.2403 6.24857e-15
1330 6.2403 6.24857e-15
1331 6.2403 6.24857e-15
1332 6.2403 6.24857e-15
1333 6.2403 6.24857e-15
1334 6.2403 6.24857e-15
1335 6.2403 6.24857e-15
1336 6.2403 6.24857e-15
1337 6.2403 6.24857e-15
1338 6.2403 6.24857e-15
1339 6.2403 6.24857e-15
1340 6.2403 6.24857e-15
1341 6.2403 6.24857e-15
1342 6.2403 6.24857e-15
1343 6.2403 6.24857e-15
1344 6.2403 6.24857e-15
1345 6.2403 6.24857e-15
1346 6.2403 6.24857e-15
1347 6.2403 6.24857e-15
1348 6.2403 6.24857e-15
1349 6.2403 6.24857e-15
1350 6.2403 6.24857e-15
1351 6.2403 6.24857e-15
1352 6.2403 6.24857e-15
1353 6.2403 6.24857e-15
1354 6.2403 6.24857e-15
1355 6.2403 6.24857e-15
1356 6.2403 6.24857e-15
1357 6.2403 6.24857e-15
1358 6.2403 6.24857e-15
1359 6.2403 6.24857e-15
1360 6.2403 6.24857e-15
1361 6.2403 6.24857e-15
1362 6.2403 6.24857e-15
1363 6.2403 6.24857e-15
1364 6.2403 6.24857e-15
1365 6.2403 6.24857e-15
1366 6.2403 6.24857e-15
1367 6.2403 6.24857e-15
1368 6.2403 6.24857e-15
1369 6.2403 6.24857e-15
1370 6.2403 6.24857e-15
1371 6.2403 6.24857e-15
1372 6.2403 6.24857e-15
1373 6.2403 6.24857e-15
1374 6.2403 6.24857e-15
1375 6.2403 6.24857e-15
1376 6.2403 6.24857e-15
1377 6.2403 6.24857e-15
1378 6.2403 6.24857e-15
1379 6.2403 6.24857e-15
1380 6.2403 6.24857e-15
1381 6.2403 6.24857e-15
1382 6.2403 6.24857e-15
1383 6.2403 6.24857e-15
1384 6.2403 6.24857e-15
1385 6.2403 6.24857e-15
1386 6.2403 6.24857e-15
1387 6.2403 6.24857e-15
1388 6.2403 6.24857e-15
1389 6.2403 6.24857e-15
1390 6.2403 6.24857e-15
1391 6.2403 6.24857e-15
1392 6.2403 6.24857e-15
1393 6.2403 6.24857e-15
1394 6.2403 6.24857e-15
1395 6.2403 6.24857e-15
1396 6.2403 6.24857e-15
1397 6.2403 6.24857e-15
1398 6.2403 6.24857e-15
1399 6.2403 6.24857e-15
1400 6.2403 6.24857e-15
1401 6.2403 6.24857e-15
1402 6.2403 6.24857e-15
1403 6.2403 6.24857e-15
1404 6.2403 6.24857e-15
1405 6.2403 6.24857e-15
1406 6.2403 6.24857e-15
1407 6.2403 6.24857e-15
1408 6.2403 6.24857e-15
1409 6.2403 6.24857e-15
1410 6.2403 6.24857e-15
1411 6.2403 6.24857e-15
1412 6.2403 6.24857e-15
1413 6.2403 6.24857e-15
1414 6.2403 6.24857e-15
1415 6.2403 6.24857e-15
1416 6.2403 6.24857e-15
1417 6.2403 6.24857e-15
1418 6.2403 6.24857e-15
1419 6.2403 6.24857e-15
1420 6.2403 6.24857e-15
1421 6.2403 6.24857e-15
1422 6.2403 6.24857e-15
1423 6.2403 6.24857e-15
1424 6.2403 6.24857e-15
1425 6.2403 6.24857e-15
1426 6.2403 6.24857e-15
1427 6.2403 6.24857e-15
1428 6.2403 6.24857e-15
1429 6.2403 6.24857e-15
1430 6.2403 6.24857e-15
1431 6.2403 6.24857e-15
1432 6.2403 6.24857e-15
1433 6.2403 6.24857e-15
1434 6.2403 6.24857e-15
1435 6.2403 6.24857e-15
1436 6.2403 6.24857e-15
1437 6.2403 6.24857e-15
1438 6.2403 6.24857e-15
1439 6.2403 6.24857e-15
1440 6.2403 6.24857e-15
1441 6.2403 6.24857e-15
1442 6.2403 6.24857e-15
1443 6.2403 6.24857e-15
1444 6.2403 6.24857e-15
1445 6.2403 6.24857e-15
1446 6.2403 6.24857e-15
1447 6.2403 6.24857e-15
1448 6.2403 6.24857e-15
1449 6.2403 6.24857e-15
1450 6.2403 6.24857e-15
1451 6.2403 6.24857e-15
1452 6.2403 6.24857e-15
1453 6.2403 6.24857e-15
1454 6.2403 6.24857e-15
1455 6.2403 6.24857e-15
1456 6.2403 6.24857e-15
1457 6.2403 6.24857e-15
1458 6.2403 6.24857e-15
1459 6.2403 6.24857e-15
1460 6.2403 6.24857e-15
1461 6.2403 6.24857e-15
1462 6.2403 6.24857e-15
1463 6.2403 6.24857e-15
1464 6.2403 6.24857e-15
1465 6.2403 6.24857e-15
1466 6.2403 6.24857e-15
1467 6.2403 6.24857e-15
1468 6.2403 6.24857e-15
1469 6.2403 6.24857e-15
1470 6.2403 6.24857e-15
1471 6.2403 6.24857e-15
1472 6.2403 6.24857e-15
1473 6.2403 6.24857e-15
1474 6.2403 6.24857e-15
1475 6.2403 6.24857e-15
1476 6.2403 6.24857e-15
1477 6.2403 6.24857e-15
1478 6.2403 6.24857e-15
1479 6.2403 6.24857e-15
1480 6.2403 6.24857e-15
1481 6.2403 6.24857e-15
1482 6.2403 6.24857e-15
1483 6.2403 6.24857e-15
1484 6.2403 6.24857e-15
1485 6.2403 6.24857e-15
1486 6.2403 6.24857e-15
1487 6.2403 6.24857e-15
1488 6.2403 6.24857e-15
1489 6.2403 6.24857e-15
1490 6.2403 6.24857e-15
1491 6.2403 6.24857e-15
1492 6.2403 6.24857e-15
1493 6.2403 6.24857e-15
1494 6.2403 6.24857e-15
1495 6.2403 6.24857e-15
1496 6.2403 6.24857e-15
1497 6.2403 6.24857e-15
1498 6.2403 6.24857e-15
1499 6.2403 6.24857e-15
1500 6.2403 6.24857e-15
1501 6.2403 6.24857e-15
1502 6.2403 6.24857e-15
1503 6.2403 6.24857e-15
1504 6.2403 6.24857e-15
1505 6.2403 6.24857e-15
1506 6.2403 6.24857e-15
1507 6.2403 6.24857e-15
1508 6.2403 6.24857e-15
1509 6.2403 6.24857e-15
1510 6.2403 6.24857e-15
1511 6.2403 6.24857e-15
1512 6.2403 6.24857e-15
1513 6.2403 6.24857e-15
1514 6.2403 6.24857e-15
1515 6.2403 6.24857e-15
1516 6.2403 6.24857e-15
1517 6.2403 6.24857e-15
1518 6.2403 6.24857e-15
1519 6.2403 6.24857e-15
1520 6.2403 6.24857e-15
1521 6.2403 6.24857e-15
1522 6.2403 6.24857e-15
1523 6.2403 6.24857e-15
1524 6.2403 6.24857e-15
1525 6.2403 6.24857e-15
1526 6.2403 6.24857e-15
1527 6.2403 6.24857e-15
1528 6.2403 6.24857e-15
1529 6.2403 6.24857e-15
1530 6.2403 6.24857e-15
1531 6.2403 6.24857e-15
1532 6.2403 6.24857e-15
1533 6.2403 6.24857e-15
1534 6.2403 6.24857e-15
1535 6.2403 6.24857e-15
1536 6.2403 6.24857e-15
1537 6.2403 6.24857e-15
1538 6.2403 6.24857e-15
1539 6.2403 6.24857e-15
1540 6.2403 6.24857e-15
1541 6.2403 6.24857e-15
1542 6.2403 6.24857e-15
1543 6.2403 6.24857e-15
1544 6.2403 6.24857e-15
1545 6.2403 6.24857e-15
1546 6.2403 6.24857e-15
1547 6.2403 6.24857e-15
1548 6.2403 6.24857e-15
1549 6.2403 6.24857e-15
1550 6.2403 6.24857e-15
1551 6.2403 6.24857e-15
1552 6.2403 6.24857e-15
1553 6.2403 6.24857e-15
1554 6.2403 6.24857e-15
1555 6.2403 6.24857e-15
1556 6.2403 6.24857e-15
1557 6.2403 6.24857e-15
1558 6.2403 6.24857e-15
1559 6.2403 6.24857e-15
1560 6.2403 6.24857e-15
1561 6.2403 6.24857e-15
1562 6.2403 6.24857e-15
1563 6.2403 6.24857e-15
1564 6.2403 6.24857e-15
1565 6.2403 6.24857e-15
1566 6.2403 6.24857e-15
1567 6.2403 6.24857e-15
1568 6.2403 6.24857e-15
1569 6.2403 6.24857e-15
1570 6.2403 6.24857e-15
1571 6.2403 6.24857e-15
1572 6.2403 6.24857e-15
1573 6.2403 6.24857e-15
1574 6.2403 6.24857e-15
1575 6.2403 6.24857e-15
1576 6.2403 6.24857e-15
1577 6.2403 6.24857e-15
1578 6.2403 6.24857e-15
1579 6.2403 6.24857e-15
1580 6.2403 6.24857e-15
1581 6.2403 6.24857e-15
1582 6.2403 6.24857e-15
1583 6.2403 6.24857e-15
1584 6.2403 6.24857e-15
1585 6.2403 6.24857e-15
1586 6.2403 6.24857e-15
1587 6.2403 6.24857e-15
1588 6.2403 6.24857e-15
1589 6.2403 6.24857e-15
1590 6.2403 6.24857e-15
1591 6.2403 6.24857e-15
1592 6.2403 6.24857e-15
1593 6.2403 6.24857e-15
1594 6.2403 6.24857e-15
1595 6.2403 6.24857e-15
1596 6.2403 6.24857e-15
1597 6.2403 6.24857e-15
1598 6.2403 6.24857e-15
1599 6.2403 6.24857e-15
1600 6.2403 6.24857e-15
1601 6.2403 6.24857e-15
1602 6.2403 6.24857e-15
1603 6.2403 6.24857e-15
1604 6.2403 6.24857e-15
1605 6.2403 6.24857e-15
1606 6.2403 6.24857e-15
1607 6.2403 6.24857e-15
1608 6.2403 6.24857e-15
1609 6.2403 6.24857e-15
1610 6.2403 6.24857e-15
1611 6.2403 6.24857e-15
1612 6.2403 6.24857e-15
1613 6.2403 6.24857e-15
1614 6.2403 6.24857e-15
1615 6.2403 6.24857e-15
1616 6.2403 6.24857e-15
1617 6.2403 6.24857e-15
1618 6.2403 6.24857e-15
1619 6.2403 6.24857e-15
1620 6.2403 6.24857e-15
1621 6.2403 6.24857e-15
1622 6.2403 6.24857e-15
1623 6.2403 6.24857e-15
1624 6.2403 6.24857e-15
1625 6.2403 6.24857e-15
1626 6.2403 6.24857e-15
1627 6.2403 6.24857e-15
1628 6.2403 6.24857e-15
1629 6.2403 6.24857e-15
1630 6.2403 6.24857e-15
1631 6.2403 6.24857e-15
1632 6.2403 6.24857e-15
1633 6.2403 6.24857e-15
1634 6.2403 6.24857e-15
1635 6.2403 6.24857e-15
1636 6.2403 6.24857e-15
1637 6.2403 6.24857e-15
1638 6.2403 6.24857e-15
1639 6.2403 6.24857e-15
1640 6.2403 6.24857e-15
1641 6.2403 6.24857e-15
1642 6.2403 6.24857e-15
1643 6.2403 6.24857e-15
1644 6.2403 6.24857e-15
1645 6.2403 6.24857e-15
1646 6.2403 6.24857e-15
1647 6.2403 6.24857e-15
1648 6.2403 6.24857e-15
1649 6.2403 6.24857e-15
1650 6.2403 6.24857e-15
1651 6.2403 6.24857e-15
1652 6.2403 6.24857e-15
1653 6.2403 6.24857e-15
1654 6.2403 6.24857e-15
1655 6.2403 6.24857e-15
1656 6.2403 6.24857e-15
1657 6.2403 6.24857e-15
1658 6.2403 6.24857e-15
1659 6.2403 6.24857e-15
1660 6.2403 6.24857e-15
1661 6.2403 6.24857e-15
1662 6.2403 6.24857e-15
1663 6.2403 6.24857e-15
1664 6.2403 6.24857e-15
1665 6.2403 6.24857e-15
1666 6.2403 6.24857e-15
1667 6.2403 6.24857e-15
1668 6.2403 6.24857e-15
1669 6.2403 6.24857e-15
1670 6.2403 6.24857e-15
1671 6.2403 6.24857e-15
1672 6.2403 6.24857e-15
1673 6.2403 6.24857e-15
1674 6.2403 6.24857e-15
1675 6.2403 6.24857e-15
1676 6.2403 6.24857e-15
1677 6.2403 6.24857e-15
1678 6.2403 6.24857e-15
1679 6.2403 6.24857e-15
1680 6.2403 6.24857e-15
1681 6.2403 6.24857e-15
1682 6.2403 6.24857e-15
1683 6.2403 6.24857e-15
1684 6.2403 6.24857e-15
1685 6.2403 6.24857e-15
1686 6.2403 6.24857e-15
1687 6.2403 6.24857e-15
1688 6.2403 6.24857e-15
1689 6.2403 6.24857e-15
1690 6.2403 6.24857e-15
1691 6.2403 6.24857e-15
1692 6.2403 6.24857e-15
1693 6.2403 6.24857e-15
1694 6.2403 6.24857e-15
1695 6.2403 6.24857e-15
1696 6.2403 6.24857e-15
1697 6.2403 6.24857e-15
1698 6.2403 6.24857e-15
1699 6.2403 6.24857e-15
1700 6.2403 6.24857e-15
1701 6.2403 6.24857e-15
1702 6.2403 6.24857e-15
1703 6.2403 6.24857e-15
1704 6.2403 6.24857e-15
1705 6.2403 6.24857e-15
1706 6.2403 6.24857e-15
1707 6.2403 6.24857e-15
1708 6.2403 6.24857e-15
1709 6.2403 6.24857e-15
1710 6.2403 6.24857e-15
1711 6.2403 6.24857e-15
1712 6.2403 6.24857e-15
1713 6.2403 6.24857e-15
1714 6.2403 6.24857e-15
1715 6.2403 6.24857e-15
1716 6.2403 6.24857e-15
1717 6.2403 6.24857e-15
1718 6.2403 6.24857e-15
1719 6.2403 6.24857e-15
1720 6.2403 6.24857e-15
1721 6.2403 6.24857e-15
1722 6.2403 6.24857e-15
1723 6.2403 6.24857e-15
1724 6.2403 6.24857e-15
1725 6.2403 6.24857e-15
1726 6.2403 6.24857e-15
1727 6.2403 6.24857e-15
1728 6.2403 6.24857e-15
1729 6.2403 6.24857e-15
1730 6.2403 6.24857e-15
1731 6.2403 6.24857e-15
1732 6.2403 6.24857e-15
1733 6.2403 6.24857e-15
1734 6.2403 6.24857e-15
1735 6.2403 6.24857e-15
1736 6.2403 6.24857e-15
1737 6.2403 6.24857e-15
1738 6.2403 6.24857e-15
1739 6.2403 6.24857e-15
1740 6.2403 6.24857e-15
1741 6.2403 6.24857e-15
1742 6.2403 6.24857e-15
1743 6.2403 6.24857e-15
1744 6.2403 6.24857e-15
1745 6.2403 6.24857e-15
1746 6.2403 6.24857e-15
1747 6.2403 6.24857e-15
1748 6.2403 6.24857e-15
1749 6.2403 6.24857e-15
1750 6.2403 6.24857e-15
1751 6.2403 6.24857e-15
1752 6.2403 6.24857e-15
1753 6.2403 6.24857e-15
1754 6.2403 6.24857e-15
1755 6.2403 6.24857e-15
1756 6.2403 6.24857e-15
1757 6.2403 6.24857e-15
1758 6.2403 6.24857e-15
1759 6.2403 6.24857e-15
1760 6.2403 6.24857e-15
1761 6.2403 6.24857e-15
1762 6.2403 6.24857e-15
1763 6.2403 6.24857e-15
1764 6.2403 6.24857e-15
1765 6.2403 6.24857e-15
1766 6.2403 6.24857e-15
1767 6.2403 6.24857e-15
1768 6.2403 6.24857e-15
1769 6.2403 6.24857e-15
1770 6.2403 6.24857e-15
1771 6.2403 6.24857e-15
1772 6.2403 6.24857e-15
1773 6.2403 6.24857e-15
1774 6.2403 6.24857e-15
1775 6.2403 6.24857e-15
1776 6.2403 6.24857e-15
1777 6.2403 6.24857e-15
1778 6.2403 6.24857e-15
1779 6.2403 6.24857e-15
1780 6.2403 6.24857e-15
1781 6.2403 6.24857e-15
1782 6.2403 6.24857e-15
1783 6.2403 6.24857e-15
1784 6.2403 6.24857e-15
1785 6.2403 6.24857e-15
1786 6.2403 6.24857e-15
1787 6.2403 6.24857e-15
1788 6.2403 6.24857e-15
1789 6.2403 6.24857e-15
1790 6.2403 6.24857e-15
1791 6.2403 6.24857e-15
1792 6.2403 6.24857e-15
1793 6.2403 6.24857e-15
1794 6.2403 6.24857e-15
1795 6.2403 6.24857e-15
1796 6.2403 6.24857e-15
1797 6.2403 6.24857e-15
1798 6.2403 6.24857e-15
1799 6.2403 6.24857e-15
1800 6.2403 6.24857e-15
1801 6.2403 6.24857e-15
1802 6.2403 6.24857e-15
1803 6.2403 6.24857e-15
1804 6.2403 6.24857e-15
1805 6.2403 6.24857e-15
1806 6.2403 6.24857e-15
1807 6.2403 6.24857e-15
1808 6.2403 6.24857e-15
1809 6.2403 6.24857e-15
1810 6.2403 6.24857e-15
1811 6.2403 6.24857e-15
1812 6.2403 6.24857e-15
1813 6.2403 6.24857e-15
1814 6.2403 6.24857e-15
1815 6.2403 6.24857e-15
1816 6.2403 6.24857e-15
1817 6.2403 6.24857e-15
1818 6.2403 6.24857e-15
1819 6.2403 6.24857e-15
1820 6.2403 6.24857e-15
1821 6.2403 6.24857e-15
1822 6.2403 6.24857e-15
1823 6.2403 6.24857e-15
1824 6.2403 6.24857e-15
1825 6.2403 6.24857e-15
1826 6.2403 6.24857e-15
1827 6.2403 6.24857e-15
1828 6.2403 6.24857e-15
1829 6.2403 6.24857e-15
1830 6.2403 6.24857e-15
1831 6.2403 6.24857e-15
1832 6.2403 6.24857e-15
1833 6.2403 6.24857e-15
1834 6.2403 6.24857e-15
1835 6.2403 6.24857e-15
1836 6.2403 6.24857e-15
1837 6.2403 6.24857e-15
1838 6.2403 6.24857e-15
1839 6.2403 6.24857e-15
1840 6.2403 6.24857e-15
1841 6.2403 6.24857e-15
1842 6.2403 6.24857e-15
1843 6.2403 6.24857e-15
1844 6.2403 6.24857e-15
1845 6.2403 6.24857e-15
1846 6.2403 6.24857e-15
1847 6.2403 6.24857e-15
1848 6.2403 6.24857e-15
1849 6.2403 6.24857e-15
1850 6.2403 6.24857e-15
1851 6.2403 6.24857e-15
1852 6.2403 6.24857e-15
1853 6.2403 6.24857e-15
1854 6.2403 6.24857e-15
1855 6.2403 6.24857e-15
1856 6.2403 6.24857e-15
1857 6.2403 6.24857e-15
1858 6.2403 6.24857e-15
1859 6.2403 6.24857e-15
1860 6.2403 6.24857e-15
1861 6.2403 6.24857e-15
1862 6.2403 6.24857e-15
1863 6.2403 6.24857e-15
1864 6.2403 6.24857e-15
1865 6.2403 6.24857e-15
1866 6.2403 6.24857e-15
1867 6.2403 6.24857e-15
1868 6.2403 6.24857e-15
1869 6.2403 6.24857e-15
1870 6.2403 6.24857e-15
1871 6.2403 6.24857e-15
1872 6.2403 6.24857e-15
1873 6.2403 6.24857e-15
1874 6.2403 6.24857e-15
1875 6.2403 6.24857e-15
1876 6.2403 6.24857e-15
1877 6.2403 6.24857e-15
1878 6.2403 6.24857e-15
1879 6.2403 6.24857e-15
1880 6.2403 6.24857e-15
1881 6.2403 6.24857e-15
1882 6.2403 6.24857e-15
1883 6.2403 6.24857e-15
1884 6.2403 6.24857e-15
1885 6.2403 6.24857e-15
1886 6.2403 6.24857e-15
1887 6.2403 6.24857e-15
1888 6.2403 6.24857e-15
1889 6.2403 6.24857e-15
1890 6.2403 6.24857e-15
1891 6.2403 6.24857e-15
1892 6.2403 6.24857e-15
1893 6.2403 6.24857e-15
1894 6.2403 6.24857e-15
1895 6.2403 6.24857e-15
1896 6.2403 6.24857e-15
1897 6.2403 6.24857e-15
1898 6.2403 6.24857e-15
1899 6.2403 6.24857e-15
1900 6.2403 6.24857e-15
1901 6.2403 6.24857e-15
1902 6.2403 6.24857e-15
1903 6.2403 6.24857e-15
1904 6.2403 6.24857e-15
1905 6.2403 6.24857e-15
1906 6.2403 6.24857e-15
1907 6.2403 6.24857e-15
1908 6.2403 6.24857e-15
1909 6.2403 6.24857e-15
1910 6.2403 6.24857e-15
1911 6.2403 6.24857e-15
1912 6.2403 6.24857e-15
1913 6.2403 6.24857e-15
1914 6.2403 6.24857e-15
1915 6.2403 6.24857e-15
1916 6.2403 6.24857e-15
1917 6.2403 6.24857e-15
1918 6.2403 6.24857e-15
1919 6.2403 6.24857e-15
1920 6.2403 6.24857e-15
1921 6.2403 6.24857e-15
1922 6.2403 6.24857e-15
1923 6.2403 6.24857e-15
1924 6.2403 6.24857e-15
1925 6.2403 6.24857e-15
1926 6.2403 6.24857e-15
1927 6.2403 6.24857e-15
1928 6.2403 6.24857e-15
1929 6.2403 6.24857e-15
1930 6.2403 6.24857e-15
1931 6.2403 6.24857e-15
1932 6.2403 6.24857e-15
1933 6.2403 6.24857e-15
1934 6.2403 6.24857e-15
1935 6.2403 6.24857e-15
1936 6.2403 6.24857e-15
1937 6.2403 6.24857e-15
1938 6.2403 6.24857e-15
1939 6.2403 6.24857e-15
1940 6.2403 6.24857e-15
1941 6.2403 6.24857e-15
1942 6.2403 6.24857e-15
1943 6.2403 6.24857e-15
1944 6.2403 6.24857e-15
1945 6.2403 6.24857e-15
1946 6.2403 6.24857e-15
1947 6.2403 6.24857e-15
1948 6.2403 6.24857e-15
1949 6.2403 6.24857e-15
1950 6.2403 6.24857e-15
1951 6.2403 6.24857e-15
1952 6.2403 6.24857e-15
1953 6.2403 6.24857e-15
1954 6.2403 6.24857e-15
1955 6.2403 6.24857e-15
1956 6.2403 6.24857e-15
1957 6.2403 6.24857e-15
1958 6.2403 6.24857e-15
1959 6.2403 6.24857e-15
1960 6.2403 6.24857e-15
1961 6.2403 6.24857e-15
1962 6.2403 6.24857e-15
1963 6.2403 6.24857e-15
1964 6.2403 6.24857e-15
1965 6.2403 6.24857e-15
1966 6.2403 6.24857e-15
1967 6.2403 6.24857e-15
1968 6.2403 6.24857e-15
1969 6.2403 6.24857e-15
1970 6.2403 6.24857e-15
1971 6.2403 6.24857e-15
1972 6.2403 6.24857e-15
1973 6.2403 6.24857e-15
1974 6.2403 6.24857e-15
1975 6.2403 6.24857e-15
1976 6.2403 6.24857e-15
1977 6.2403 6.24857e-15
1978 6.2403 6.24857e-15
1979 6.2403 6.24857e-15
1980 6.2403 6.24857e-15
1981 6.2403 6.24857e-15
1982 6.2403 6.24857e-15
1983 6.2403 6.24857e-15
1984 6.2403 6.24857e-15
1985 6.2403 6.24857e-15
1986 6.2403 6.24857e-15
1987 6.2403 6.24857e-15
1988 6.2403 6.24857e-15
1989 6.2403 6.24857e-15
1990 6.2403 6.24857e-15
1991 6.2403 6.24857e-15
1992 6.2403 6.24857e-15
1993 6.2403 6.24857e-15
1994 6.2403 6.24857e-15
1995 6.2403 6.24857e-15
1996 6.2403 6.24857e-15
1997 6.2403 6.24857e-15
1998 6.2403 6.24857e-15
1999 6.2403 6.24857e-15
2000 6.2403 6.24857e-15
