0 0.349863 -0.871566
1 0.626571 -0.964115
2 0.804523 -0.728215
3 0.0763005 -0.435615
4 0.372012 -0.261299
5 0.233619 0.160937
6 0.691533 0.0529277
7 0.972919 -0.313542
8 0.97095 -0.201956
9 0.863731 0.508103
10 0.837711 0.879751
11 0.531528 0.940534
12 0.497541 0.278225
13 0.154538 0.68001
14 -0.54778 0.989221
15 -0.520808 0.663405
16 -0.75808 0.360274
17 -0.771489 0.0970442
18 -0.894478 -0.092985
19 -0.200177 -0.346283
20 -0.454497 -0.49727
21 -0.832092 -0.681482
22 -0.732392 -0.893041
23 -0.570564 -0.964282
24 -0.597564 -0.681804
25 -0.481944 -0.719047
26 -0.126226 -0.942608
27 -0.036941 -0.98823
28 0.00371557 -0.951432
29 0.303909 -0.572297
30 0.426846 -0.776446
31 0.35676 -0.803571
33 0.349863 -0.871566
