1 93
2 79
3 85
4 90
5 99
6 121
7 99
8 88
9 102
10 120
11 86
12 116
13 123
14 92
15 98
16 102
17 92
18 103
19 79
20 123
21 88
22 90
23 106
24 94
25 101
26 85
27 104
28 133
29 96
30 95
31 102
32 107
33 113
34 115
35 113
36 109
37 115
38 104
39 106
40 92
41 132
42 100
43 105
44 99
45 81
46 102
47 88
48 94
49 91
50 108
51 120
52 85
53 85
54 86
55 93
56 88
57 107
58 102
59 113
60 118
61 94
62 90
63 88
64 89
65 75
66 90
67 87
68 84
69 116
70 126
71 89
72 97
73 84
74 100
75 82
76 78
77 87
78 126
79 83
80 108
81 117
82 116
83 81
84 97
85 79
86 99
87 100
88 95
89 89
90 108
91 118
92 97
93 98
94 77
95 106
96 93
97 96
98 113
99 98
100 100
