0.056485
0.0564528
0.0564311
0.0563843
0.0563451
0.0562987
0.0562523
0.0561845
0.0561699
0.0561149
0.0560381
0.0559761
0.055925
0.0558465
0.0558463
0.0558063
0.0556588
0.0556501
0.0555657
0.0554925
0.0554586
0.0554787
0.0554021
0.0553601
0.0552992
0.0552354
0.0551361
0.0550584
0.0550224
0.0550268
0.0550103
0.0549857
0.0549449
0.0549039
0.0549118
0.0547982
0.0547439
0.0546844
0.0545586
0.0544068
0.0543112
0.0541801
0.054147
0.0541554
0.054061
0.0539501
0.0539807
0.0539145
0.0539941
0.0540919
0.0539436
0.0539353
0.0538487
0.0539211
0.0538933
0.0538332
0.0538931
0.0538158
0.0536639
0.053759
0.0536014
0.0534375
0.0532509
0.0530639
0.052992
0.0531934
0.0532361
0.0531579
0.053063
0.0530767
0.0530172
0.0527961
0.0528469
0.0527306
0.0527938
0.0529949
0.0529934
0.0531128
0.0531022
0.0530635
0.052973
0.0528676
0.0527372
0.0526227
0.0526888
0.052706
0.0528214
0.0526135
0.0523436
0.0520439
0.0518823
0.0516973
0.0518534
0.0517263
0.0516221
0.051664
0.0510428
0.0510402
0.0508042
0.0505104
0.0500961
0.0496153
0.0494301
0.049168
0.0493464
0.0490034
0.0490996
0.0489089
0.0487964
0.0495532
0.0510072
0.0510909
0.0528328
0.0490493
0.0490196
0.0481564
0.0481507
0.0479926
0.0493933
0.0491826
0.0501092
0.0490256
0.0484527
0.0487937
0.0491608
0.0480873
0.0478743
0.0485611
0.0499899
0.0494568
0.0470588
0.0462507
0.0463484
0.0464591
0.0463369
0.046486
0.049038
0.0487976
0.0483468
0.0486632
0.045996
0.0458734
0.0459875
0.0473747
0.0491775
0.051432
0.0482515
0.0488498
0.0488438
0.0476237
0.0492897
0.0496692
0.0514149
0.0468421
0.0467116
0.0483788
0.0484046
0.0481845
0.0503988
0.0478128
0.0470871
0.0465585
0.047515
0.0493817
0.0484141
0.0500246
0.0513381
0.0494724
0.0518377
0.0486901
0.0516803
0.0501656
0.0493764
0.0497519
0.0501824
0.0483924
0.05052
0.0535097
0.0480719
0.0475184
0.0536248
0.0535768
0.0527589
0.0572301
0.0552224
0.0493567
0.0486652
0.0463444
0.0479309
0.0492884
0.0624165
0.0571285
0.0542821
0.0506963
0.0464068
0.0493811
0.0496458
0.0500259
0.0501625
0.0478487
0.0462431
0.047069
0.0540119
0.0505544
0.0461626
0.0468449
0.0481673
0.0494796
0.0508283
0.0536131
0.0545546
0.0525634
0.0514714
0.0485469
0.0490588
0.0480251
0.0483882
0.0589122
0.0595212
0.0553899
0.0467694
0.0535385
0.0634959
0.0577177
0.0521649
0.046197
0.0468991
0.0478374
0.0483964
0.0514195
0.043921
0.0426461
0.0452782
0.0540834
0.0499027
0.0606305
0.0562472
0.0526264
0.0542113
0.0506706
0.0537194
0.0591377
0.0575263
0.0468368
0.0464015
0.048445
0.0585167
0.0558343
0.0524737
0.0556478
0.0570724
0.055279
0.0440805
0.0461564
0.0456979
0.044133
0.045982
0.0482379
0.0465508
0.0486013
0.053244
0.0567527
0.0502714
0.0521096
0.0558034
0.0517001
0.0557119
0.0601656
0.0579916
0.0559553
0.0576289
0.0513569
0.0462526
0.0451138
0.0472207
0.0527341
0.0479862
0.0559874
0.0517086
0.0530727
0.0465913
0.0463133
0.0479264
0.0570744
0.0525649
0.0539866
0.0532588
0.0514989
0.0522774
0.0484046
0.0480319
0.0480194
0.0453933
0.0483627
0.0542092
0.0517976
0.0485774
0.0485825
0.0471698
0.0483457
0.0519024
0.0522202
0.0472134
0.0448635
0.0510267
0.0482908
0.0526742
0.0474274
0.0493247
0.0503696
0.0427773
0.0420695
0.0457386
0.0473807
0.0503207
0.0507864
0.0522939
0.0494606
0.0447525
0.0462557
0.0466615
0.049519
0.0451059
0.0550532
0.0505397
0.0446895
0.0526138
0.0534392
0.0570241
0.0586483
0.0664268
0.0596947
0.0529978
0.0533471
0.0547806
0.053853
0.0499411
0.059461
0.0534655
0.0563224
0.0500806
0.0450694
0.0423778
0.0425979
0.0453372
0.0454833
0.0436572
0.0512924
0.0482869
0.0474709
0.0535211
0.0499138
0.0443889
0.0564274
0.0466109
0.0500679
0.048178
0.044078
0.0412207
0.0437302
0.0461555
0.0487755
0.0441095
0.0429532
0.0442891
0.0430788
0.0450791
0.0461936
0.0438303
0.0450399
0.0499535
0.0493716
0.0476087
0.0503406
0.0536777
0.0524593
0.0549883
0.0544135
0.0518245
0.0544962
0.0489593
0.0442125
0.0466075
0.0483972
0.044632
0.0444555
0.0477257
0.0500499
0.0472655
0.0504101
0.0570996
0.0546528
0.0552315
0.0556394
0.0527143
0.0515337
0.055817
0.0507306
0.0484643
0.0488114
0.0464464
0.052774
0.0486581
0.058798
0.0541182
0.0533364
0.0547513
0.0578569
0.0553124
0.0488313
0.0472314
0.0497468
0.0512591
0.0548641
0.0477037
0.0550413
0.0580144
0.0530061
0.052657
0.0495185
0.0556597
0.049779
0.045742
0.0475211
0.0486983
0.0443647
0.0523889
0.0453872
0.044015
0.046262
0.043627
0.0439201
0.0450004
0.0462388
0.0464185
0.0429469
0.0463288
0.0470887
0.0464967
0.0422775
0.0471189
0.0466221
0.0444725
0.045571
0.0441585
0.0453505
0.0454529
0.0475956
0.0502874
0.045001
0.0424613
0.0417001
0.0473709
0.0491376
0.0475765
0.0525727
0.0600467
0.0588738
0.0571499
0.0508288
0.0531841
0.0545696
0.0608891
0.0549513
0.0559405
0.0496669
0.0509684
0.045671
0.048213
0.0534292
0.055233
0.053631
0.0601668
0.0487861
0.0583662
0.0552982
0.0548938
0.0515848
0.0508217
0.0528301
0.0533866
0.0516898
0.0533214
0.0495487
0.0497136
0.052799
0.0553873
0.0496493
0.053434
0.0519907
0.0475335
0.0524969
0.04976
0.0584001
0.051087
0.0445137
0.0549347
0.0502825
0.0552034
0.0507583
0.058198
0.0536522
0.0515355
0.0470946
0.0498127
0.051764
0.0551178
0.0626877
0.05439
0.0559453
0.0500737
0.0480061
0.0475519
0.0534357
0.0541962
0.0561435
0.0551567
0.0476409
0.0486629
0.0502115
0.0511011
0.0475995
0.0427283
0.0474273
0.0435817
0.0422319
0.0457686
0.0461716
0.043645
0.0421852
0.0453392
0.0450301
0.0459508
0.0463306
0.0462323
0.0385755
0.0421538
0.0370194
0.0384945
0.0408451
0.0437684
0.0389096
0.0372238
0.0404853
0.0425063
0.044023
0.0417463
0.0400213
0.0424507
0.04407
0.0432782
0.0422405
0.0409233
0.0449538
0.042579
0.0606059
0.0745966
0.0558826
0.0567838
0.0521047
0.0528695
0.047685
0.0445171
0.0425284
0.0425371
0.0541397
0.059354
0.0635866
0.0555945
0.0551908
0.0471186
0.0462668
0.0423013
0.0439993
0.0474857
0.0440551
0.0470801
0.0461256
0.0492012
0.0479874
0.0492068
0.0493622
0.0478048
0.047848
0.0462659
0.0451667
0.0444647
0.0437727
0.0548717
0.05659
0.0632764
0.0492693
0.0500974
0.0429515
0.0398748
0.0525838
0.0451682
0.0437244
0.0479939
0.0540245
0.0479103
0.0544932
0.0560429
0.0561098
0.0554069
0.0550028
0.0502681
0.0461467
0.0439447
0.0524469
0.0436401
0.04486
0.0441399
0.0517048
0.0477645
0.0490499
0.0461938
0.0422331
0.0415824
0.0466202
0.0405709
0.0393633
0.049368
0.0574866
0.0499709
0.0491282
0.0495801
0.0500665
0.0467519
0.0480805
0.0518088
0.0591032
0.0516522
0.045838
0.0548957
0.0551663
0.0534811
0.0513144
0.0520448
0.0576934
0.0605263
0.0651801
0.0597624
0.0521567
0.0569216
0.0613294
0.0531368
0.0566441
0.0613732
0.0677013
0.0583811
0.0498656
0.0545313
0.0539953
0.0443156
0.0488229
0.0477999
0.0473254
0.047283
0.0487302
0.0464312
0.0468191
0.0566868
0.0568462
0.0524476
0.0594385
0.0526689
0.0519693
0.0606767
0.0580918
0.0567467
0.0539701
0.0510082
0.0513312
0.0559751
0.0617241
0.0593737
0.0501744
0.0487318
0.0481857
0.0480487
0.0403604
0.0413924
0.0386672
0.0388331
0.0385737
0.0403691
0.0435254
0.0402349
0.0435813
0.0477234
0.0414879
0.0426716
0.041349
0.0410014
0.0376395
0.0384986
0.0420369
0.0457844
0.0460788
0.0600383
0.0489709
0.0529736
0.0551546
0.0553621
0.0546251
0.0581305
0.0587902
0.0553937
0.0555436
0.0498262
0.0551039
0.049025
0.0610968
0.0576715
0.0588186
0.0534689
0.0539763
0.055855
0.0539556
0.0481182
0.0452897
0.0497136
0.0553378
0.0508857
0.0554906
0.0497108
0.0590717
0.0474748
0.0458522
0.052683
0.0426586
0.0406293
0.057629
0.0610731
0.062836
0.0659856
0.0496831
0.0673904
0.0537757
0.0577444
0.0585516
0.0572787
0.0515636
0.0595088
0.0645564
0.0670565
0.0696412
0.0678832
0.0587442
0.0551544
0.0549757
0.0444709
0.0452002
0.054124
0.0568317
0.0533532
0.0494347
0.050586
0.0429579
0.0429423
0.0460705
0.0532309
0.0512732
0.0543826
0.0467451
0.066743
0.0690798
0.0654672
0.0548718
0.0606029
0.0581873
0.0559604
0.056013
0.0554862
0.0506824
0.0464399
0.0395458
0.0456646
0.0445758
0.0536234
0.0466849
0.0526551
0.0511793
0.0460285
0.0424802
0.0439246
0.0450142
0.0486707
0.0450135
0.0431282
0.0427622
0.041419
0.0554835
0.0475865
0.0432079
0.0451911
0.0450874
0.0472066
0.0466301
0.0462039
0.0506633
0.0609695
0.0600611
0.0536376
0.0522635
0.0625811
0.06345
0.0466501
0.0479373
0.0452653
0.0450314
0.0464746
0.0469965
0.0452923
0.0504217
0.04887
0.0534758
0.0580727
0.055165
0.0498582
0.0448476
0.0468581
0.0495292
0.0444306
0.0408047
0.0363164
0.0373834
0.0406874
0.0442482
0.0525214
0.0493185
0.0446749
0.0466663
0.041192
0.0508747
0.0484758
0.0482077
0.048694
0.057249
0.0548972
0.056082
0.0511867
0.043319
0.0437135
0.0378166
0.0391108
0.0424059
0.0454627
0.045712
0.0517731
0.0423265
0.0519147
0.0470461
0.0496978
0.0460953
0.0464347
0.0469702
0.0495244
0.0493949
0.0494632
0.0561895
0.0596415
0.0548618
0.0604884
0.0558592
0.0495499
0.05184
0.0491361
0.0556133
0.0505182
0.0515007
0.0472606
0.041053
0.0413808
0.0425431
0.0510126
0.0423091
0.0469573
0.0437905
0.0459174
0.0445162
0.0439595
0.0503724
0.04753
0.0440727
0.0459305
0.0471383
0.0461233
0.0445499
0.046557
0.0459572
0.0437212
0.0408957
0.0406956
0.0471185
0.0497733
0.0577687
0.0580111
0.05417
0.0484168
0.0503843
0.0528172
0.0553842
0.0523367
0.0530978
0.0480225
0.0456021
0.0466615
0.0511046
0.0508019
0.054529
0.0537112
0.0436384
0.0487534
0.0522691
0.0371764
0.0399688
0.0384992
0.0418016
0.0473362
0.0450902
0.0434275
0.0504348
0.0424082
0.0394786
0.0442332
0.046085
0.0463672
0.0405318
0.0463404
0.0429635
0.0433172
0.0402293
0.0474683
0.0457785
0.0400294
0.0470453
0.0475884
0.0487569
0.0462672
0.0471485
0.0491525
0.0505461
0.0448179
0.0427696
0.0564444
0.0416389
0.0400917
0.039952
0.0453951
0.0371779
0.0402497
0.0399193
0.0468496
0.0478379
0.0449784
0.0460716
0.0498627
0.0564158
0.0743343
0.0612018
0.0469249
0.0488422
0.0483327
0.0519968
0.0512541
0.0541849
0.0583129
0.0480752
0.0617633
0.0559187
0.0685391
0.0611593
0.0528763
0.0586203
0.0495892
0.0517729
0.052294
0.0565958
0.0545386
0.0587392
0.0630754
0.0644383
0.0719806
0.0618138
0.0564844
0.0479125
0.0469517
0.0540638
0.048444
0.0607766
0.0548855
0.0614671
0.0615646
0.0562416
0.0592077
0.0599336
0.0566407
0.0441015
0.0533598
