-0.0351882
-0.0355119
-0.0357298
-0.0362001
-0.0365942
-0.0370605
-0.0375274
-0.0382106
-0.0383584
-0.0389118
-0.0396862
-0.0403128
-0.0408288
-0.0416207
-0.0416222
-0.0420253
-0.0435255
-0.0436164
-0.0444826
-0.045226
-0.0455556
-0.0453427
-0.0461198
-0.0465521
-0.047185
-0.0478236
-0.0488331
-0.0496269
-0.050001
-0.0499507
-0.0501271
-0.0503894
-0.0508002
-0.0512166
-0.0511186
-0.05229
-0.0528598
-0.0534708
-0.0547891
-0.0564105
-0.0573638
-0.0587193
-0.0590418
-0.0589099
-0.0599242
-0.0611024
-0.0607923
-0.0614929
-0.0605723
-0.0595457
-0.0610862
-0.0611427
-0.0620391
-0.0612747
-0.0615639
-0.0622021
-0.0615864
-0.0624153
-0.0642075
-0.0630576
-0.0648525
-0.0666228
-0.069615
-0.0710222
-0.0715251
-0.0692903
-0.0688359
-0.0696741
-0.0706822
-0.0701869
-0.0707362
-0.0731663
-0.0725079
-0.0736936
-0.072906
-0.0707737
-0.0707622
-0.0695825
-0.0697096
-0.0700948
-0.0709752
-0.072127
-0.0735246
-0.0749945
-0.0740819
-0.0739099
-0.0727225
-0.074957
-0.0779859
-0.0810808
-0.0827846
-0.085316
-0.0832462
-0.0846958
-0.0857227
-0.0850251
-0.0928471
-0.0929496
-0.0957621
-0.0985047
-0.104144
-0.114421
-0.121643
-0.118966
-0.113147
-0.118987
-0.123597
-0.131659
-0.136384
-0.142176
-0.141054
-0.136955
-0.130629
-0.136546
-0.133274
-0.138728
-0.14026
-0.139613
-0.139604
-0.141863
-0.145451
-0.134735
-0.138876
-0.134108
-0.130728
-0.142206
-0.142184
-0.14355
-0.1476
-0.154997
-0.156079
-0.156834
-0.156634
-0.154772
-0.152197
-0.161901
-0.149681
-0.148757
-0.16169
-0.165555
-0.165843
-0.166641
-0.165743
-0.159144
-0.159506
-0.157848
-0.161979
-0.169278
-0.168414
-0.168303
-0.16539
-0.15925
-0.153118
-0.158377
-0.157403
-0.163814
-0.161366
-0.160054
-0.153085
-0.162461
-0.17123
-0.169981
-0.18072
-0.174828
-0.178547
-0.178548
-0.174548
-0.172532
-0.168641
-0.187044
-0.186936
-0.193216
-0.193965
-0.189958
-0.190898
-0.192351
-0.182383
-0.161152
-0.176607
-0.186035
-0.176049
-0.181663
-0.191131
-0.187989
-0.186623
-0.197322
-0.193974
-0.206196
-0.199413
-0.198753
-0.161465
-0.181237
-0.196857
-0.208338
-0.223428
-0.220779
-0.212519
-0.207345
-0.207634
-0.211153
-0.216393
-0.221233
-0.211546
-0.220523
-0.225869
-0.217029
-0.211922
-0.207879
-0.21564
-0.209175
-0.210821
-0.223357
-0.227665
-0.236182
-0.230898
-0.231146
-0.244668
-0.20298
-0.205784
-0.210076
-0.253571
-0.2246
-0.206782
-0.228001
-0.243977
-0.25375
-0.245621
-0.240859
-0.251263
-0.241645
-0.253566
-0.261539
-0.261516
-0.255504
-0.267094
-0.232842
-0.243135
-0.260271
-0.258245
-0.263249
-0.260051
-0.243283
-0.235954
-0.26807
-0.273916
-0.269494
-0.232388
-0.238409
-0.252927
-0.243462
-0.233668
-0.233406
-0.272861
-0.260498
-0.259152
-0.251956
-0.256818
-0.24772
-0.249022
-0.247499
-0.239527
-0.226245
-0.237323
-0.233339
-0.224726
-0.237602
-0.219712
-0.208964
-0.229418
-0.228668
-0.222458
-0.235272
-0.243596
-0.243732
-0.24636
-0.228263
-0.255233
-0.238682
-0.244597
-0.234394
-0.245664
-0.229982
-0.232129
-0.214359
-0.226844
-0.227387
-0.228933
-0.236996
-0.228874
-0.246247
-0.244334
-0.242067
-0.24376
-0.243832
-0.226277
-0.228712
-0.237444
-0.236982
-0.23361
-0.2286
-0.217212
-0.225238
-0.233943
-0.241812
-0.230216
-0.244177
-0.230353
-0.241004
-0.235569
-0.222205
-0.241068
-0.241793
-0.227754
-0.229758
-0.228906
-0.235505
-0.241261
-0.254779
-0.258964
-0.250234
-0.246388
-0.2356
-0.249876
-0.220039
-0.2371
-0.235861
-0.219948
-0.229677
-0.222503
-0.230833
-0.213354
-0.222163
-0.242196
-0.238788
-0.236589
-0.245584
-0.245963
-0.224214
-0.251014
-0.240224
-0.250316
-0.26131
-0.256691
-0.25115
-0.245592
-0.24827
-0.258983
-0.238761
-0.256078
-0.256779
-0.245536
-0.27077
-0.291784
-0.256446
-0.284195
-0.289876
-0.29695
-0.30922
-0.294007
-0.281292
-0.273641
-0.265551
-0.275207
-0.282112
-0.278813
-0.289392
-0.292715
-0.293331
-0.2989
-0.293994
-0.289258
-0.291342
-0.292283
-0.282951
-0.271763
-0.280213
-0.272015
-0.271292
-0.275437
-0.261411
-0.283763
-0.293602
-0.287856
-0.269147
-0.276766
-0.275654
-0.270156
-0.247941
-0.244667
-0.243656
-0.233705
-0.229564
-0.225622
-0.225618
-0.241961
-0.259549
-0.258702
-0.260448
-0.252763
-0.261511
-0.267731
-0.264172
-0.274877
-0.257596
-0.267802
-0.271686
-0.251885
-0.235385
-0.247462
-0.267188
-0.270688
-0.263437
-0.269775
-0.25801
-0.282531
-0.270369
-0.265242
-0.270858
-0.268424
-0.277805
-0.27214
-0.281634
-0.297271
-0.284183
-0.270892
-0.278881
-0.265228
-0.274529
-0.272802
-0.265342
-0.274567
-0.278976
-0.274981
-0.266919
-0.262785
-0.262284
-0.261903
-0.262489
-0.258591
-0.265955
-0.266129
-0.250325
-0.25364
-0.253456
-0.262947
-0.271709
-0.2665
-0.260911
-0.259364
-0.273568
-0.26688
-0.274988
-0.256405
-0.272743
-0.278306
-0.258872
-0.235474
-0.240215
-0.25752
-0.272329
-0.273588
-0.262644
-0.240687
-0.260774
-0.253729
-0.276747
-0.257423
-0.262551
-0.254015
-0.239724
-0.245691
-0.245533
-0.23041
-0.278021
-0.248228
-0.262126
-0.255087
-0.257818
-0.266435
-0.25417
-0.26069
-0.276203
-0.265062
-0.269992
-0.297059
-0.30319
-0.289824
-0.303826
-0.284539
-0.293634
-0.309499
-0.299701
-0.303883
-0.272595
-0.304284
-0.329374
-0.296422
-0.314867
-0.307177
-0.320245
-0.297075
-0.310104
-0.316421
-0.329079
-0.321075
-0.318727
-0.304413
-0.278892
-0.301574
-0.295497
-0.312873
-0.321552
-0.311439
-0.307259
-0.30882
-0.290625
-0.297076
-0.322538
-0.323853
-0.320516
-0.310193
-0.311057
-0.330674
-0.317213
-0.331098
-0.336796
-0.338503
-0.329875
-0.337097
-0.339629
-0.327729
-0.326472
-0.318477
-0.320125
-0.315389
-0.323689
-0.304475
-0.316477
-0.324544
-0.320779
-0.321594
-0.319628
-0.339225
-0.327858
-0.321004
-0.299927
-0.307556
-0.311333
-0.313389
-0.304796
-0.32449
-0.329266
-0.338709
-0.338576
-0.34971
-0.301234
-0.261816
-0.319453
-0.315456
-0.32157
-0.313761
-0.320705
-0.329541
-0.351094
-0.348565
-0.306656
-0.296057
-0.287334
-0.312467
-0.293477
-0.315462
-0.319216
-0.324174
-0.314484
-0.318653
-0.326724
-0.316272
-0.333302
-0.329293
-0.336088
-0.337753
-0.337701
-0.329313
-0.333723
-0.335314
-0.335168
-0.333491
-0.332109
-0.299832
-0.280747
-0.257782
-0.303936
-0.302792
-0.320823
-0.330956
-0.310683
-0.326817
-0.332228
-0.316969
-0.301018
-0.311118
-0.305098
-0.314858
-0.325237
-0.328834
-0.327658
-0.331102
-0.330451
-0.342547
-0.328199
-0.340967
-0.347749
-0.35662
-0.342771
-0.343792
-0.337908
-0.33641
-0.341399
-0.339998
-0.31753
-0.319022
-0.328735
-0.309834
-0.295797
-0.316351
-0.31724
-0.319962
-0.310373
-0.323815
-0.302324
-0.295699
-0.272172
-0.302618
-0.314754
-0.285199
-0.299948
-0.297633
-0.310348
-0.305794
-0.279108
-0.268202
-0.259764
-0.274321
-0.288046
-0.275164
-0.269177
-0.297257
-0.294323
-0.282882
-0.268865
-0.291459
-0.329832
-0.317778
-0.306297
-0.319882
-0.299361
-0.313157
-0.318017
-0.31744
-0.323682
-0.333261
-0.343904
-0.331804
-0.314609
-0.319035
-0.312889
-0.343884
-0.356169
-0.320016
-0.338507
-0.337489
-0.352602
-0.333286
-0.344262
-0.325285
-0.299888
-0.314345
-0.330447
-0.337753
-0.332961
-0.337632
-0.329555
-0.345338
-0.354542
-0.356466
-0.362072
-0.343384
-0.337402
-0.356388
-0.348251
-0.324936
-0.345311
-0.348731
-0.361014
-0.363553
-0.374062
-0.370272
-0.353415
-0.351392
-0.34705
-0.311386
-0.350131
-0.328896
-0.332221
-0.344331
-0.347153
-0.34037
-0.350442
-0.361251
-0.337624
-0.346373
-0.343402
-0.361751
-0.324988
-0.350127
-0.345307
-0.35849
-0.359912
-0.356039
-0.36503
-0.38396
-0.387628
-0.39093
-0.384331
-0.40029
-0.377623
-0.403998
-0.378431
-0.414752
-0.416699
-0.399466
-0.423855
-0.412287
-0.358109
-0.345407
-0.359687
-0.335857
-0.402472
-0.340737
-0.394708
-0.397363
-0.377595
-0.375471
-0.400992
-0.374996
-0.35031
-0.372318
-0.365693
-0.366646
-0.406381
-0.401841
-0.398532
-0.409997
-0.403452
-0.387289
-0.387811
-0.4042
-0.413069
-0.412293
-0.433928
-0.455001
-0.440772
-0.411205
-0.432542
-0.430174
-0.461614
-0.386136
-0.372377
-0.38007
-0.41898
-0.407666
-0.426243
-0.440428
-0.42913
-0.416288
-0.41479
-0.416473
-0.410046
-0.400412
-0.400987
-0.371868
-0.393045
-0.384658
-0.379407
-0.395879
-0.414121
-0.391769
-0.398636
-0.385636
-0.390312
-0.39097
-0.397069
-0.384884
-0.333256
-0.341385
-0.353726
-0.354391
-0.360976
-0.34597
-0.332031
-0.345308
-0.337965
-0.320295
-0.316206
-0.34082
-0.35142
-0.326257
-0.330429
-0.376667
-0.365326
-0.370995
-0.367339
-0.366088
-0.365222
-0.377632
-0.365664
-0.365165
-0.358835
-0.340593
-0.35298
-0.371303
-0.372427
-0.361874
-0.357951
-0.35661
-0.368831
-0.378638
-0.385166
-0.400981
-0.390401
-0.356909
-0.356102
-0.382805
-0.370619
-0.403854
-0.38394
-0.387721
-0.395856
-0.405287
-0.38737
-0.387652
-0.371667
-0.371502
-0.401268
-0.401561
-0.410704
-0.402776
-0.393321
-0.379357
-0.370038
-0.353994
-0.378267
-0.362625
-0.361291
-0.353329
-0.348122
-0.341214
-0.362992
-0.353867
-0.355797
-0.344675
-0.354257
-0.350042
-0.365855
-0.364063
-0.385927
-0.394879
-0.385524
-0.377428
-0.357659
-0.361697
-0.363345
-0.360448
-0.371629
-0.3751
-0.364581
-0.323581
-0.346248
-0.339076
-0.366545
-0.375009
-0.384737
-0.381016
-0.378958
-0.384665
-0.384543
-0.370466
-0.366768
-0.373437
-0.378226
-0.378039
-0.374982
-0.38148
-0.398901
-0.408884
-0.395045
-0.396588
-0.37385
-0.385691
-0.401709
-0.410249
-0.402766
-0.397392
-0.394395
-0.414233
-0.429146
-0.425086
-0.417525
-0.416589
-0.398931
-0.410999
-0.39507
-0.386519
-0.404526
-0.386588
-0.378757
-0.402544
-0.397189
-0.389163
-0.402968
-0.40602
-0.418815
-0.422505
-0.398031
-0.419154
-0.422716
-0.4098
-0.412882
-0.396241
-0.405183
-0.400146
-0.413717
-0.423015
-0.418753
-0.397916
-0.406683
-0.408935
-0.40266
-0.412039
-0.40892
-0.419333
-0.411843
-0.400287
-0.409181
-0.420232
-0.426267
-0.390356
-0.40599
-0.390423
-0.393398
-0.392656
-0.405882
-0.401968
-0.407308
-0.395184
-0.395769
-0.412807
-0.416833
-0.397723
-0.378204
-0.313759
-0.354154
-0.409735
-0.411207
-0.402625
-0.382019
-0.383484
-0.388883
-0.385589
-0.408047
-0.387458
-0.410417
-0.381496
-0.396364
-0.425721
-0.40087
-0.43387
-0.425299
-0.425069
-0.395156
-0.388494
-0.38388
-0.367071
-0.37657
-0.344865
-0.373458
-0.379066
-0.414131
-0.413365
-0.401132
-0.425676
-0.385172
-0.409561
-0.390863
-0.412095
-0.421455
-0.392973
-0.379938
-0.391185
-0.407345
-0.377758
