0 0.0256496 0 0 0
1 0.0512993 0 0 0
2 0.0769489 0 0 0
3 0.102599 0 0 0
4 0.128248 0 0 0
5 0.153898 0 0 0
6 0.179547 0 0 0
7 0.205197 0 0 0
8 0.230847 0 0 0
9 0.256496 0 0 0
10 0.282146 0 0 0
11 0.307796 0 0 0
12 0.333445 0 0 0
13 0.359095 0 0 0
14 0.384745 0 0 0
15 0.410394 0 0 0
16 0.436044 0 0 0
17 0.461694 0 0 0
18 0.487343 0 0 0
19 0.512993 0 0 0
20 0.538642 0 0 0
21 0.564292 0 0 0
22 0.589942 0 0 0
23 0.615591 0 0 0
24 0.641241 0 0 0
25 0.666891 0 0 0
26 0.69254 0 0 0
27 0.71819 0 0 0
28 0.74384 0 0 0
29 0.769489 0 0 0
30 0.795139 0 0 0
31 0.820788 0 0 0
32 0.846438 0 0 0
33 0.872088 0 1.65069e-05 6.16625e-06
34 0.897737 0.00225191 0.00126886 5.59737e-05
35 0.923387 0.0204009 0.022613 0.000237545
36 0.949037 0.156637 0.155864 0.000836739
37 0.974686 0.543835 0.532637 0.00171297
38 1.00034 1.13537 1.1386 0.0021751
39 1.02599 1.76716 1.77208 0.00252765
40 1.05164 2.23836 2.22698 0.00235712
41 1.07728 2.44591 2.43746 0.00226086
42 1.10293 2.40092 2.43327 0.00210124
43 1.12858 2.30851 2.3026 0.00197672
44 1.15423 2.08187 2.10315 0.00197254
45 1.17988 1.84851 1.89086 0.00207549
46 1.20553 1.66981 1.68155 0.00180698
47 1.23118 1.49619 1.49585 0.00202194
48 1.25683 1.32787 1.33581 0.00183506
49 1.28248 1.19987 1.19726 0.00156575
50 1.30813 1.0873 1.08308 0.00145871
51 1.33378 0.979349 0.984549 0.00118947
52 1.35943 0.906927 0.905678 0.00126394
53 1.38508 0.851939 0.839151 0.00118826
54 1.41073 0.7988 0.785985 0.00106285
55 1.43638 0.763286 0.745547 0.000977197
56 1.46203 0.704845 0.710174 0.000947951
57 1.48768 0.70191 0.686284 0.000944795
58 1.51333 0.681074 0.666828 0.0010984
59 1.53898 0.664651 0.655536 0.001039
60 1.56463 0.6463 0.651651 0.0012164
61 1.59028 0.657725 0.650177 0.001108
62 1.61593 0.65079 0.655296 0.00106069
63 1.64158 0.666713 0.665363 0.00106219
64 1.66723 0.686203 0.681186 0.00109029
65 1.69288 0.702722 0.701915 0.00100279
66 1.71853 0.722136 0.727285 0.00108193
67 1.74418 0.752595 0.757991 0.00105651
68 1.76983 0.791184 0.792488 0.00112953
69 1.79547 0.826857 0.829427 0.00100192
70 1.82112 0.860453 0.869205 0.00103939
71 1.84677 0.907676 0.90906 0.00109153
72 1.87242 0.960979 0.950348 0.000946896
73 1.89807 0.988731 0.990416 0.0010752
74 1.92372 1.02449 1.02962 0.00100617
75 1.94937 1.05714 1.06726 0.00102903
76 1.97502 1.09272 1.10087 0.0010521
77 2.00067 1.11985 1.13238 0.000918036
78 2.02632 1.15721 1.15684 0.000945556
79 2.05197 1.17479 1.17565 0.000964581
80 2.07762 1.17588 1.18493 0.000929822
81 2.10327 1.18179 1.18634 0.000942944
82 2.12892 1.18451 1.18047 0.000854429
83 2.15457 1.17066 1.16826 0.000972622
84 2.18022 1.14442 1.14829 0.000868358
85 2.20587 1.11794 1.12479 0.000952023
86 2.23152 1.09898 1.09911 0.000970693
87 2.25717 1.07846 1.0704 0.000914819
88 2.28282 1.04333 1.04258 0.000870753
89 2.30847 1.02729 1.01585 0.000863954
90 2.33412 1.00454 0.990229 0.000765385
91 2.35977 0.972295 0.965455 0.000881703
92 2.38542 0.959987 0.944443 0.000823266
93 2.41107 0.940939 0.926137 0.000762924
94 2.43672 0.915484 0.911004 0.000792885
95 2.46237 0.906092 0.898497 0.000754422
96 2.48802 0.895754 0.889157 0.00079775
97 2.51366 0.877884 0.875939 0.000712562
98 2.53931 0.864858 0.868125 0.000800377
99 2.56496 0.864484 0.86829 0.000796747
