0 0.691533 0.0529277
1 0.0763005 -0.435615
2 -0.200177 -0.346283
3 -0.454497 -0.49727
4 -0.481944 -0.719047
5 -0.570564 -0.964282
6 -0.732392 -0.893041
7 -0.597564 -0.681804
8 -0.832092 -0.681482
9 -0.894478 -0.092985
10 -0.771489 0.0970442
11 -0.75808 0.360274
12 -0.520808 0.663405
13 -0.54778 0.989221
14 0.154538 0.68001
15 0.531528 0.940534
16 0.837711 0.879751
17 0.863731 0.508103
18 0.497541 0.278225
19 0.233619 0.160937
20 0.372012 -0.261299
21 0.303909 -0.572297
22 0.00371557 -0.951432
23 -0.126226 -0.942608
24 -0.036941 -0.98823
25 0.349863 -0.871566
26 0.35676 -0.803571
27 0.426846 -0.776446
28 0.626571 -0.964115
29 0.804523 -0.728215
30 0.972919 -0.313542
31 0.97095 -0.201956
33 0.691533 0.0529277
