0 0.151658 -0.988433
1 0.0733143 -0.997309
2 -0.495887 -0.868387
3 -0.608688 -0.79341
4 0.344652 -0.938731
5 0.761773 -0.647844
6 0.764758 -0.644317
7 0.961033 0.276435
8 0.869244 0.494384
9 0.858983 0.512004
10 0.814174 0.580621
11 0.722424 0.69145
12 0.717473 0.696586
13 0.675026 0.737794
14 0.418741 0.908106
15 0.252467 0.967605
16 0.167651 0.985846
17 -0.0655569 0.997849
18 -0.0864086 0.99626
19 -0.15779 0.987473
20 -0.176618 0.98428
21 -0.197756 0.980251
22 -0.382076 0.924131
23 -0.737962 0.674843
24 -0.771564 0.636152
25 -0.870676 0.491856
26 -0.955295 0.295655
27 -0.978167 0.207822
28 -0.990889 0.134678
29 -0.996805 0.0798714
30 -0.902878 -0.429897
31 -0.765624 -0.643288
33 0.151658 -0.988433
