0 0.318627 0.535831
1 0.286225 0.517495
2 -0.0189375 -0.116348
3 -0.213259 -0.389803
4 0.20358 -0.183752
5 0.681776 -0.358376
6 0.779023 -0.199537
7 0.673393 0.235633
8 0.559854 -0.093225
9 0.484823 -0.0987713
10 0.218965 -0.522159
11 -0.000680729 -0.727046
12 -0.0257424 -0.868979
13 0.00728417 -0.968441
14 -0.075228 -0.984169
15 -0.30192 -0.391426
16 -0.402767 -0.655318
17 -0.515839 -0.612524
18 -0.640348 -0.682724
19 -0.975367 -0.42306
20 -0.706373 -0.318114
21 -0.590724 -0.0585881
22 -0.38172 -0.00630238
23 -0.348521 0.359016
24 -0.418115 0.59046
25 -0.910782 0.64688
26 -0.522212 0.894169
27 -0.338851 0.907494
28 0.420229 0.999124
29 0.461408 0.878599
30 0.41086 0.744286
31 0.312774 0.589476
33 0.318627 0.535831
