0 0.195885 -0.920947
1 0.148267 -0.886971
2 -0.382677 -0.936404
3 -0.55633 -0.953685
4 -0.721493 -0.773494
5 -0.715684 -0.754607
6 -0.871539 -0.414246
7 -0.872657 -0.292138
8 -0.546417 -0.238267
9 -0.330001 -0.284291
10 -0.449743 -0.398226
11 -0.347031 -0.511304
12 -0.143248 -0.673885
13 0.191687 -0.550546
14 -0.223567 -0.126496
15 -0.48515 -0.0129359
16 -0.747157 0.0325322
17 -0.763736 -0.0373062
18 -0.974285 -0.0187394
19 -0.955323 0.364407
20 -0.782402 0.391485
21 -0.719697 0.402381
22 -0.680038 0.983523
23 -0.38484 0.477585
24 -0.228501 0.46509
25 0.224495 0.841654
26 0.785561 0.904083
27 0.870974 0.756382
28 0.928774 0.703493
29 0.933105 -0.0844417
30 0.5175 -0.0841495
31 0.707524 -0.331845
33 0.195885 -0.920947
