0 0.856841 0.515581
1 0.800957 0.598722
2 0.717473 0.696586
3 0.622228 0.782836
4 0.621687 0.783266
5 -0.154466 0.987998
6 -0.166467 0.986047
7 -0.17002 0.985441
8 -0.510062 0.860138
9 -0.581943 0.81323
10 -0.866666 0.49889
11 -0.887591 0.460633
12 -0.947365 0.320154
13 -0.994244 -0.107138
14 -0.710224 -0.703975
15 -0.630744 -0.775991
16 -0.432262 -0.901748
17 -0.379817 -0.925061
18 -0.31614 -0.948713
19 -0.223569 -0.974688
20 -0.215095 -0.976593
21 -0.00362325 -0.999993
22 0.314854 -0.94914
23 0.518815 -0.854887
24 0.78844 -0.615112
25 0.875564 -0.483102
26 0.930415 -0.366508
27 0.982919 -0.184041
28 0.999318 -0.0369286
29 0.995544 0.0942977
30 0.987937 0.154855
31 0.92114 0.38923
33 0.856841 0.515581
