0 -0.396922 -0.367636
1 -0.461776 -0.553653
2 -0.67623 -0.422437
3 -0.758441 -0.588653
4 -0.857797 -0.622076
5 -0.0947012 -0.869431
6 0.403597 -0.960803
7 0.503501 -0.990519
8 0.358493 -0.792041
9 0.435945 -0.723464
10 0.655377 -0.421029
11 0.410485 -0.394956
12 0.344684 -0.0476092
13 0.541333 -0.263989
14 0.643401 -0.171413
15 0.935031 -0.351174
16 0.996722 -0.288546
17 0.400473 0.391161
18 0.448697 0.488608
19 0.0635575 0.573547
20 -0.442408 0.41536
21 -0.544822 0.5484
22 -0.566263 0.526115
23 -0.829896 0.610808
24 -0.746679 0.926783
25 -0.461541 0.840179
26 -0.0642452 0.931532
27 0.33824 0.867778
28 0.753121 0.929702
29 0.53026 0.774951
30 0.314725 0.138782
31 -0.33345 0.0118473
33 -0.396922 -0.367636
