0 0.970974 0.239185
1 0.861336 0.508035
2 0.846925 0.531712
3 0.999193 -0.0401694
4 0.983089 -0.183128
5 0.949718 -0.313105
6 0.94327 -0.332027
7 0.0720465 -0.997401
8 0.0366776 -0.999327
9 -0.0221392 -0.999755
10 -0.197482 -0.980306
11 -0.323248 -0.946314
12 -0.649312 -0.760522
13 -0.683765 -0.729703
14 -0.857433 -0.514596
15 -0.903966 -0.427605
16 -0.923643 -0.383253
17 -0.999421 -0.0340105
18 -0.999928 0.0120244
19 -0.967005 0.254756
20 -0.938121 0.346308
21 -0.921465 0.388462
22 -0.73499 0.678078
23 -0.557194 0.830382
24 -0.493932 0.869501
25 -0.487506 0.87312
26 -0.422756 0.906243
27 -0.299655 0.954048
28 0.233627 0.972326
29 0.29768 0.954666
30 0.442412 0.896812
31 0.717473 0.696586
33 0.970974 0.239185
