0 -0.150391 0.00178541
1 0.024268 0.181975
2 0.715617 0.184882
3 0.224547 0.204378
4 1.00468 0.194319
5 0.383616 0.252931
6 0.628646 0.214466
7 0.203578 0.207453
8 0.617192 0.193544
9 0.206093 0.189969
10 0.395363 0.211602
11 0.285888 0.194181
12 0.205777 0.190094
13 0.330868 0.137678
14 0.139499 0.135858
15 0.180487 0.223557
16 0.421703 0.163615
17 0.303673 0.166401
18 0.498465 0.185132
19 0.417002 0.150215
20 0.16494 0.158269
21 0.69884 0.173431
22 0.324899 0.15598
23 0.432912 0.150298
24 0.345882 0.137868
25 0.218353 0.135799
26 0.313085 0.156373
27 0.4315 0.133005
28 0.261043 0.14087
29 0.399184 0.119195
30 0.449301 0.135966
31 0.482172 0.135162
32 0.607293 0.154318
33 0.372709 0.121345
34 -0.0931274 0.143576
35 0.268273 0.182277
36 0.216189 0.149759
37 -0.126955 0.140942
38 0.280297 0.172785
39 0.257628 0.144854
40 0.272168 0.184727
41 0.534446 0.148114
42 0.267306 0.13814
43 0.337788 0.153047
44 0.515011 0.169188
45 0.488904 0.135324
46 0.0433912 0.170842
47 0.134528 0.159166
48 0.367281 0.120773
49 0.445401 0.104243
50 0.511584 0.130974
51 0.105909 0.162346
52 -0.12938 0.137312
53 0.51308 0.159267
54 0.298924 0.135362
55 0.316798 0.0995907
56 0.174901 0.0866034
57 0.38137 0.145223
58 0.090634 0.120217
59 0.43002 0.0908679
60 0.528875 0.105912
61 0.259443 0.156465
62 0.590029 0.102153
63 0.345281 0.110924
64 0.36762 0.124377
65 0.439295 0.141605
66 0.159698 0.140677
67 0.319924 0.166929
68 0.53758 0.131692
69 0.524775 0.12746
70 0.257335 0.130988
71 0.437855 0.100221
72 0.278719 0.130176
73 0.26708 0.111488
74 0.478819 0.165685
75 0.372158 0.126838
76 0.303861 0.0924272
77 0.242332 0.110774
78 0.265275 0.142452
79 0.214278 0.120636
80 0.00548751 0.12018
81 0.385954 0.134102
82 0.464479 0.0940159
83 0.180797 0.110104
84 0.45064 0.129541
85 0.134213 0.14609
86 0.459187 0.102855
87 0.103834 0.145158
88 0.366325 0.106349
89 0.458191 0.0937356
90 0.314427 0.098697
91 -0.0808764 0.100608
92 0.194555 0.126979
93 0.443914 0.134655
94 0.345439 0.117638
95 0.345809 0.0772911
96 0.396475 0.147865
97 0.508838 0.118208
98 0.332921 0.100227
99 0.19769 0.130848
100 0.507658 0.133948
101 0.523468 0.140872
102 0.26386 0.0984815
103 0.627161 0.127036
104 0.495037 0.119932
105 0.177479 0.117498
106 0.0970178 0.113509
107 0.176152 0.11133
108 0.436471 0.130033
109 0.352048 0.14561
110 0.106431 0.123813
111 -0.00259559 0.14111
112 0.193251 0.131558
113 0.340438 0.124663
114 0.317439 0.107457
115 0.388466 0.113955
116 0.0901988 0.118297
117 0.249106 0.136857
118 0.288467 0.105809
119 0.354921 0.148929
120 0.345831 0.128895
121 0.257297 0.115452
122 0.275394 0.106489
123 0.367269 0.124705
124 0.344226 0.140838
125 0.362546 0.14248
126 0.466339 0.0792651
127 0.335027 0.105727
128 0.229075 0.108415
129 0.589228 0.12617
130 0.422625 0.134186
131 0.112717 0.116198
132 0.297239 0.139863
133 0.379064 0.113314
134 0.325822 0.0994127
135 0.415054 0.120658
136 0.348756 0.116818
137 0.282532 0.0955927
138 0.388153 0.124989
139 0.220652 0.0606892
140 0.422409 0.0876483
141 0.413858 0.0842254
142 0.537905 0.11768
143 0.00457667 0.136962
144 0.417185 0.108872
145 0.174031 0.0922987
146 0.0631763 0.105317
147 0.176925 0.106675
148 0.262072 0.136085
149 0.185716 0.129466
150 0.228906 0.102801
151 0.266605 0.100376
152 0.242451 0.097449
153 0.550874 0.132891
154 0.30488 0.146509
155 0.393393 0.0997706
156 0.28804 0.12515
157 0.315466 0.0816765
158 0.134827 0.133075
159 0.350031 0.11225
160 0.256871 0.133255
161 0.237479 0.139614
162 0.366843 0.126467
163 0.28502 0.119192
164 0.488622 0.0933379
165 0.11872 0.118506
166 0.347767 0.116629
167 0.324541 0.109788
168 0.413544 0.118618
169 0.17908 0.096716
170 0.318001 0.103489
171 0.294327 0.0937533
172 0.481555 0.140121
173 0.240022 0.146053
174 0.452199 0.10715
175 0.348404 0.0760106
176 -0.000723305 0.110592
177 0.31043 0.110679
178 0.202525 0.125479
179 0.0860711 0.127818
180 0.338575 0.105952
181 0.405257 0.0959826
182 0.476135 0.112043
183 0.423854 0.087137
184 0.488037 0.118666
185 0.698028 0.116198
186 0.538433 0.1493
187 0.101708 0.125514
188 0.205535 0.107379
189 0.294556 0.114964
190 0.247584 0.132149
191 0.412946 0.140245
192 0.413475 0.159492
193 0.34707 0.11258
194 0.294938 0.129971
195 0.354388 0.115194
196 0.175686 0.152787
197 0.272423 0.150667
198 0.53108 0.113077
199 0.327064 0.0849097
200 0.358554 0.120124
201 0.186986 0.111657
202 0.249551 0.130717
203 0.644154 0.0933786
204 0.339978 0.113202
205 0.326716 0.1134
206 0.438278 0.107233
207 0.241897 0.123268
208 0.178607 0.138965
209 0.544409 0.115553
210 0.24634 0.115676
211 0.472776 0.150648
212 0.428396 0.104061
213 0.200783 0.102685
214 0.432692 0.0923293
215 0.340238 0.0906169
216 0.250604 0.125827
217 0.259191 0.142044
218 0.375856 0.132427
219 0.230204 0.174709
220 0.14086 0.124023
221 0.488457 0.138983
222 0.297144 0.11339
223 0.140236 0.0961321
224 0.2865 0.102494
225 0.137923 0.101592
226 0.355532 0.128474
227 0.43998 0.122334
228 0.530484 0.146009
229 0.349776 0.131605
230 0.546605 0.126584
231 0.107639 0.111826
232 0.211572 0.161605
233 0.337188 0.152182
234 0.456015 0.157514
235 0.310799 0.115809
236 0.251664 0.144312
237 0.356245 0.178271
238 0.661045 0.126484
239 0.447978 0.116164
240 0.204173 0.117516
241 0.325935 0.127387
242 0.531372 0.177679
243 0.243211 0.104841
244 0.276445 0.137228
245 0.166761 0.116057
246 0.370974 0.127487
247 0.297034 0.127036
248 0.570831 0.127573
249 0.0896558 0.129993
250 0.225572 0.16372
251 0.341119 0.149899
252 0.431078 0.104095
253 0.635612 0.126018
254 0.197774 0.134574
255 0.0224549 0.122965
256 0.211272 0.148176
257 0.27502 0.153754
258 0.275084 0.159333
259 0.509872 0.146978
260 0.277981 0.137225
261 0.447198 0.13874
262 0.738908 0.137411
263 0.53292 0.1816
264 0.624435 0.179629
265 0.100121 0.149477
266 0.268883 0.166245
267 0.349681 0.159717
268 0.205579 0.133521
269 0.146178 0.177826
270 0.339005 0.135126
271 0.533049 0.180128
272 0.243911 0.159583
273 0.165547 0.152767
274 0.200967 0.170625
275 0.206965 0.160528
276 0.575091 0.141969
277 0.277409 0.174257
278 0.0286446 0.144282
279 0.0196735 0.177968
280 0.32086 0.193721
281 0.355892 0.132441
282 0.516098 0.170976
283 0.454753 0.198207
284 0.302014 0.237264
285 0.434268 0.168481
286 0.393206 0.133999
287 0.26945 0.195836
288 0.627558 0.168008
289 0.23063 0.182585
290 0.28384 0.165569
291 0.522692 0.181677
292 0.296878 0.272248
293 0.425074 0.206628
294 -0.0424958 0.159124
295 0.521356 0.230469
296 0.520175 0.149197
297 0.0544881 0.181788
298 0.199082 0.23568
299 -0.147285 0.00235283
