0 -0.822801 0.0030145
1 -0.824446 0.00288959
2 -0.823339 0.00306503
3 -0.821808 0.0029087
4 -0.82277 0.0028136
5 -0.820991 0.00274586
6 -0.820925 0.00294803
7 -0.821454 0.00316016
8 -0.825523 0.00335087
9 -0.825236 0.00356854
10 -0.824794 0.00340366
11 -0.825492 0.00312996
12 -0.826659 0.00315255
13 -0.825398 0.00314853
14 -0.826117 0.00288688
15 -0.825718 0.00304263
16 -0.826314 0.00308928
17 -0.826951 0.00317398
18 -0.825077 0.00324767
19 -0.82489 0.00324607
20 -0.825594 0.00292273
21 -0.826117 0.00275334
22 -0.82603 0.002502
23 -0.826137 0.00260739
24 -0.825353 0.00258768
25 -0.824932 0.00249574
26 -0.823328 0.00278547
27 -0.824066 0.0027435
28 -0.824779 0.00286457
29 -0.825203 0.00303316
30 -0.825321 0.00286285
31 -0.824406 0.00274916
32 -0.824794 0.00269625
33 -0.82436 0.00257471
34 -0.825713 0.00261609
35 -0.825861 0.00284388
36 -0.827511 0.00266804
37 -0.825414 0.00309575
38 -0.824546 0.00295879
39 -0.824159 0.00298802
40 -0.824389 0.00258032
41 -0.823959 0.00226586
42 -0.823597 0.00232764
43 -0.822987 0.00264962
44 -0.82337 0.00297533
45 -0.823051 0.00324401
46 -0.823192 0.00332483
47 -0.824252 0.00299654
48 -0.825478 0.00301998
49 -0.823243 0.00296292
50 -0.822633 0.00281616
51 -0.822848 0.00278188
52 -0.821689 0.00286896
53 -0.819326 0.00296502
54 -0.820008 0.00284629
55 -0.821107 0.00257449
56 -0.820468 0.00277299
57 -0.819389 0.00296837
58 -0.819341 0.00304249
59 -0.820232 0.00299614
60 -0.821602 0.00291167
61 -0.822867 0.00306958
62 -0.822743 0.00330528
63 -0.824102 0.00339375
64 -0.82211 0.00302822
65 -0.822149 0.00352473
66 -0.822666 0.00351198
67 -0.823235 0.00362269
68 -0.823729 0.00392925
69 -0.825662 0.00402348
70 -0.824729 0.00389887
71 -0.824025 0.00376428
72 -0.822783 0.00386006
73 -0.822721 0.00380686
74 -0.823748 0.003886
75 -0.824426 0.0037518
76 -0.826963 0.00375913
77 -0.827018 0.00358899
78 -0.828593 0.00327335
79 -0.828897 0.00303162
80 -0.82805 0.00296631
81 -0.828484 0.00278448
82 -0.829846 0.00257179
83 -0.829133 0.00265732
84 -0.829431 0.00247101
85 -0.828962 0.00236272
86 -0.828867 0.00220732
87 -0.829867 0.00230673
88 -0.831176 0.00254765
89 -0.830146 0.00288525
90 -0.829175 0.00302403
91 -0.828127 0.00300175
92 -0.828817 0.00308711
93 -0.825607 0.00301449
94 -0.82544 0.00292948
95 -0.826177 0.00269882
96 -0.826126 0.00306924
97 -0.826495 0.00291892
98 -0.826987 0.00252154
99 -0.827442 0.00236467
100 -0.827533 0.00244634
101 -0.825541 0.00278826
102 -0.825533 0.00268988
103 -0.828419 0.00243058
104 -0.828205 0.00264651
105 -0.827396 0.00243786
106 -0.828098 0.00227662
107 -0.828709 0.00230679
108 -0.827167 0.00235984
109 -0.82635 0.00239515
110 -0.82595 0.00295998
111 -0.824645 0.00346793
112 -0.823535 0.00327563
113 -0.824573 0.00351255
114 -0.8236 0.00349385
115 -0.824336 0.00353488
116 -0.825036 0.00401355
117 -0.823974 0.00347657
118 -0.823169 0.00338749
119 -0.821881 0.00271512
120 -0.821508 0.00276397
121 -0.821463 0.00247864
122 -0.823206 0.00262001
123 -0.822906 0.00315285
124 -0.82456 0.00288098
125 -0.823575 0.00233479
126 -0.823951 0.00208114
127 -0.825182 0.00222298
128 -0.826695 0.00217434
129 -0.827803 0.00193235
130 -0.827332 0.00195525
131 -0.826523 0.00215517
132 -0.825453 0.0021126
133 -0.824905 0.00246511
134 -0.824271 0.00257788
135 -0.822241 0.00271544
136 -0.82394 0.0027104
137 -0.825022 0.00271086
138 -0.824938 0.00307441
139 -0.825078 0.00305429
140 -0.822618 0.00280738
141 -0.822965 0.00312187
142 -0.823272 0.00306554
143 -0.822697 0.0031507
144 -0.823143 0.0028762
145 -0.823103 0.00309509
146 -0.822088 0.0032722
147 -0.822354 0.00297635
148 -0.822246 0.00274512
149 -0.821414 0.00318071
150 -0.822506 0.00345724
151 -0.822157 0.00340385
152 -0.82152 0.0034235
153 -0.820394 0.00355676
154 -0.820174 0.00336712
155 -0.820847 0.00346554
156 -0.821659 0.0035776
157 -0.822494 0.00408349
158 -0.823551 0.00363251
159 -0.823956 0.0034977
160 -0.822518 0.00346878
161 -0.821931 0.00353445
162 -0.821433 0.00368083
163 -0.821308 0.0036345
164 -0.821133 0.00390313
165 -0.823267 0.00392639
166 -0.82301 0.00360482
167 -0.823214 0.00355409
168 -0.824916 0.00316565
169 -0.826948 0.00286612
170 -0.826241 0.00290116
171 -0.826844 0.00292331
172 -0.826025 0.00283291
173 -0.82664 0.00256524
174 -0.826368 0.00255379
175 -0.826253 0.00235647
176 -0.825742 0.00206754
177 -0.826771 0.00190143
178 -0.826354 0.00221922
179 -0.826672 0.00204748
180 -0.824907 0.0019645
181 -0.824553 0.00207055
182 -0.825752 0.00217962
183 -0.825867 0.00226743
184 -0.825868 0.00235309
185 -0.825899 0.0025332
186 -0.82445 0.00226615
187 -0.824218 0.00262021
188 -0.823385 0.00272613
189 -0.824407 0.00299768
190 -0.825449 0.00301296
191 -0.826021 0.00293645
192 -0.825764 0.00266118
193 -0.825707 0.00302668
194 -0.825739 0.00295979
195 -0.825767 0.00326778
196 -0.824797 0.00287995
197 -0.824469 0.00233871
198 -0.823933 0.00241067
199 -0.825135 0.0024201
200 -0.822681 0.00284047
201 -0.821058 0.00278992
202 -0.822328 0.00313178
203 -0.822548 0.00301992
204 -0.822572 0.0030139
205 -0.822415 0.00230446
206 -0.821627 0.00238478
207 -0.822526 0.0024656
208 -0.822653 0.00212351
209 -0.824771 0.00207278
210 -0.824353 0.00225562
211 -0.823677 0.00211549
212 -0.824196 0.00244541
213 -0.824163 0.002522
214 -0.824339 0.00279148
215 -0.823329 0.00301976
216 -0.824994 0.00325494
217 -0.824709 0.00327544
218 -0.824045 0.00349441
219 -0.824517 0.00350727
220 -0.824563 0.00351788
221 -0.822887 0.00363256
222 -0.8243 0.00296631
223 -0.825026 0.00296311
224 -0.823987 0.0033825
225 -0.824625 0.00378222
226 -0.825099 0.00385781
227 -0.825136 0.00388698
228 -0.823783 0.00378523
229 -0.823318 0.00385097
230 -0.824024 0.0033599
231 -0.823816 0.00351756
232 -0.825616 0.00317369
233 -0.826171 0.00342451
234 -0.826935 0.00348428
235 -0.824457 0.00323689
236 -0.824388 0.00325262
237 -0.823869 0.00315889
238 -0.823768 0.00282468
239 -0.822395 0.00285821
240 -0.823612 0.00319279
241 -0.823237 0.00287887
242 -0.824991 0.00286165
243 -0.825085 0.00291162
244 -0.824178 0.00286836
245 -0.825161 0.002805
246 -0.826333 0.00300493
247 -0.825438 0.00323172
248 -0.825224 0.00310984
249 -0.826725 0.00294667
250 -0.827205 0.00263903
251 -0.827268 0.00254768
252 -0.826064 0.00263078
253 -0.825921 0.00271126
254 -0.826622 0.00264669
255 -0.826427 0.00245209
256 -0.825922 0.00260271
257 -0.827264 0.00270796
258 -0.827925 0.00249865
259 -0.827925 0.00249514
260 -0.828083 0.00257306
261 -0.82616 0.00286282
262 -0.826143 0.00292301
263 -0.825318 0.00275514
264 -0.824085 0.00290504
265 -0.824124 0.00309772
266 -0.824071 0.00316851
267 -0.824492 0.00306329
268 -0.824916 0.00294347
269 -0.82398 0.00281059
270 -0.824309 0.00297794
271 -0.824324 0.00320819
272 -0.825564 0.00283927
273 -0.827216 0.0023734
274 -0.825266 0.00232104
275 -0.824816 0.00253433
276 -0.824336 0.00294262
277 -0.824855 0.00279245
278 -0.824966 0.0025866
279 -0.824659 0.00252781
280 -0.824344 0.00252193
281 -0.822701 0.0025243
282 -0.821495 0.0020496
283 -0.821739 0.0021342
284 -0.823331 0.00220855
285 -0.825217 0.00227826
286 -0.826289 0.00268987
287 -0.82788 0.00281034
288 -0.82777 0.00276564
289 -0.826945 0.00255544
290 -0.826363 0.00276523
291 -0.824159 0.00267403
292 -0.824706 0.00280011
293 -0.826161 0.00270902
294 -0.82438 0.00289756
295 -0.824396 0.00284508
296 -0.823041 0.00315997
297 -0.822478 0.00291346
298 -0.821609 0.00293042
299 -0.821616 0.00282996
