0 -0.98968 0.143298
1 -0.98434 0.176281
2 -0.69137 0.722501
3 -0.488159 0.872755
4 -0.182645 0.983179
5 -0.0495759 0.99877
6 0.067379 0.997727
7 0.105631 0.994405
8 0.34881 0.937194
9 0.490951 0.871187
10 0.482205 0.876058
11 0.717473 0.696586
12 0.857503 0.514478
13 0.918643 0.395088
14 0.991194 0.132421
15 0.994097 0.108496
16 0.828785 -0.559567
17 0.517489 -0.85569
18 0.162934 -0.986637
19 0.0379884 -0.999278
20 0.029236 -0.999573
21 -0.127518 -0.991836
22 -0.278816 -0.960344
23 -0.556778 -0.830661
24 -0.866511 -0.499159
25 -0.861008 -0.508592
26 -0.898197 -0.439593
27 -0.899859 -0.436181
28 -0.958776 -0.284163
29 -0.99935 0.0360596
30 -0.999094 0.0425475
31 -0.991421 0.130705
33 -0.98968 0.143298
