1 1.48507 0
2 1.47735 0.00771298
3 1.45491 0.0228808
4 1.47992 0.0297886
5 1.47099 0.0247416
6 1.49504 0.0314043
7 1.48883 0.0272569
8 1.4902 0.0236449
9 1.4948 0.0213542
10 1.47424 0.0280668
11 1.47884 0.0258003
12 1.4785 0.0235548
13 1.47628 0.0217801
14 1.48839 0.0235179
15 1.4868 0.021951
16 1.48859 0.0206107
17 1.49211 0.0196783
18 1.48504 0.0198548
19 1.48171 0.0190743
20 1.48193 0.0180968
21 1.48339 0.0172754
22 1.48306 0.0164747
23 1.47925 0.016197
24 1.47787 0.015569
25 1.4817 0.0154176
26 1.48846 0.0162815
27 1.493 0.0163121
28 1.49329 0.0157213
29 1.49393 0.0151833
30 1.49499 0.0147067
31 1.48997 0.0150861
32 1.48567 0.0152273
33 1.4878 0.0149126
34 1.48585 0.0145987
35 1.48636 0.0141849
36 1.4891 0.0140542
37 1.49059 0.0137496
38 1.49017 0.0133895
39 1.49011 0.0130418
40 1.48668 0.0131664
41 1.48546 0.0128988
42 1.48873 0.0130048
43 1.48946 0.0127197
44 1.48905 0.012434
45 1.49179 0.012461
46 1.49258 0.0122122
47 1.49109 0.0120416
48 1.49062 0.0117974
49 1.49034 0.0115575
50 1.49092 0.0113387
51 1.4914 0.0111246
52 1.49367 0.0111413
53 1.49403 0.0109352
54 1.49361 0.010739
55 1.49229 0.0106248
56 1.48965 0.0107619
57 1.4864 0.0110587
58 1.48635 0.0108665
59 1.48649 0.0106816
60 1.48955 0.0109403
61 1.49074 0.0108242
62 1.49185 0.0107066
63 1.49101 0.0105688
64 1.48886 0.0106232
65 1.48931 0.0104682
66 1.49016 0.0103432
67 1.49108 0.0102295
68 1.4904 0.0101012
69 1.49116 0.00998322
70 1.49179 0.00985965
71 1.49345 0.00986077
72 1.49271 0.00975092
73 1.49293 0.00961892
74 1.49293 0.00948805
75 1.49467 0.00952091
76 1.49567 0.00944787
77 1.49428 0.00942662
78 1.49532 0.00936295
79 1.49364 0.00939485
80 1.49455 0.00932058
81 1.49559 0.00926379
82 1.49565 0.00915031
83 1.49514 0.00905382
84 1.49548 0.00895177
85 1.49613 0.00886977
86 1.49618 0.00876621
87 1.49502 0.00874257
88 1.49515 0.00864364
89 1.49676 0.0086957
90 1.49568 0.00866631
91 1.49555 0.00857152
92 1.49611 0.00849681
93 1.49565 0.00841806
94 1.49467 0.00838448
95 1.49484 0.00829749
96 1.49517 0.00821711
97 1.49507 0.0081326
98 1.49685 0.00824502
99 1.49597 0.0082091
100 1.49553 0.00813837
101 1.49575 0.00806047
102 1.49575 0.00798106
103 1.49484 0.0079554
104 1.49454 0.00788401
105 1.49393 0.00783226
106 1.49433 0.00776816
107 1.49332 0.00776185
108 1.49358 0.0076943
109 1.49366 0.00762376
110 1.49256 0.00763438
111 1.49233 0.00756874
112 1.49208 0.00750496
113 1.49142 0.00746775
114 1.49067 0.00743981
115 1.48985 0.0074202
116 1.49073 0.00740824
117 1.49051 0.00734779
118 1.48991 0.00731041
119 1.4901 0.00725126
120 1.49049 0.00720131
121 1.49019 0.00714794
122 1.49037 0.00709136
123 1.49077 0.00704496
124 1.49028 0.00700506
125 1.49013 0.00695046
126 1.49048 0.00690414
127 1.49026 0.00685299
128 1.49212 0.00704763
129 1.49387 0.00720876
130 1.4925 0.00728299
131 1.49216 0.00723539
132 1.49324 0.0072615
133 1.49337 0.00720791
134 1.49306 0.00716078
135 1.49267 0.00711805
136 1.49271 0.00706562
137 1.49164 0.00709471
138 1.49221 0.00706658
139 1.49183 0.00702627
140 1.49165 0.00697819
141 1.49059 0.0070091
142 1.49175 0.00705545
143 1.49142 0.00701364
144 1.49132 0.00696552
145 1.49206 0.00695693
146 1.4917 0.00691827
147 1.49078 0.00693272
148 1.49182 0.00696336
149 1.49256 0.00695623
150 1.49297 0.00692176
151 1.49426 0.00699617
152 1.49414 0.00695097
153 1.49472 0.0069298
154 1.4943 0.00689785
155 1.49496 0.00688516
156 1.49435 0.006868
157 1.49335 0.00689652
158 1.49318 0.006855
159 1.49353 0.00682067
160 1.49441 0.00683515
161 1.49427 0.00679402
162 1.4945 0.00675591
163 1.49448 0.00671436
164 1.49495 0.00668998
165 1.4946 0.00665864
166 1.495 0.00663066
167 1.49524 0.00659498
168 1.49479 0.00657072
169 1.49447 0.00653985
170 1.49494 0.00651874
171 1.49494 0.00648051
172 1.49474 0.00644569
173 1.49424 0.00642818
174 1.4937 0.00641367
175 1.49374 0.00637704
176 1.49428 0.00636363
177 1.49373 0.00635129
178 1.49276 0.00639027
179 1.49205 0.00639423
180 1.49123 0.00641056
181 1.49153 0.00638203
182 1.49218 0.00638009
183 1.49133 0.00640152
184 1.49172 0.0063783
185 1.49181 0.00634432
186 1.49106 0.00635349
187 1.49073 0.00632815
188 1.49117 0.00630947
189 1.49095 0.00627967
190 1.49085 0.00624737
191 1.49169 0.0062706
192 1.492 0.00624547
193 1.49245 0.00622965
194 1.49291 0.00621473
195 1.49355 0.00621568
196 1.4934 0.00618577
197 1.49359 0.00615728
198 1.4936 0.00612611
199 1.4942 0.00612448
200 1.49434 0.00609544
201 1.49425 0.00606565
202 1.49428 0.0060356
203 1.49454 0.00601139
204 1.49472 0.00598463
205 1.49488 0.00595757
206 1.49444 0.00594471
207 1.49428 0.00591831
208 1.49366 0.00592198
209 1.49396 0.00590149
210 1.49434 0.00588515
211 1.49515 0.00591284
212 1.49581 0.00592237
213 1.49614 0.00590339
214 1.49697 0.00593449
215 1.49663 0.00591631
216 1.49696 0.00589762
217 1.49748 0.00589351
218 1.49709 0.0058792
219 1.49702 0.00585277
220 1.49699 0.00582617
221 1.49703 0.00579989
222 1.4966 0.00578952
223 1.49576 0.00582495
224 1.49639 0.00583377
225 1.49667 0.00581449
226 1.49656 0.00578985
227 1.49578 0.005816
228 1.49566 0.00579177
229 1.49547 0.00576951
230 1.49462 0.00580666
231 1.49434 0.0057882
232 1.49489 0.00578903
233 1.49501 0.00576543
234 1.4954 0.00575413
235 1.49535 0.00572984
236 1.49489 0.00572439
237 1.49489 0.00570019
238 1.49602 0.00578816
239 1.49577 0.00576932
240 1.49551 0.00575113
241 1.49575 0.00573228
242 1.49555 0.0057122
243 1.49601 0.00570698
244 1.49624 0.00568836
245 1.4962 0.00566523
246 1.49584 0.00565385
247 1.496 0.00563326
248 1.4953 0.00565396
249 1.49596 0.00566951
250 1.49612 0.00564901
251 1.49597 0.00562837
252 1.49559 0.0056191
253 1.49544 0.00559879
254 1.49575 0.00558544
255 1.49554 0.00556762
256 1.49522 0.00555509
257 1.49571 0.005555
258 1.49578 0.00553385
259 1.49614 0.00552482
260 1.49628 0.00550526
261 1.49594 0.00549508
262 1.49578 0.00547625
263 1.49531 0.00547592
264 1.49499 0.00546451
265 1.4951 0.00544509
266 1.49538 0.00543177
267 1.49558 0.00541506
268 1.49519 0.00540912
269 1.49582 0.00542541
270 1.496 0.0054085
271 1.49548 0.00541425
272 1.49565 0.00539718
273 1.49577 0.00537875
274 1.49616 0.00537322
275 1.49598 0.00535687
276 1.49662 0.00537602
277 1.49668 0.0053569
278 1.49679 0.00533866
279 1.49706 0.00532655
280 1.49694 0.00530892
281 1.49673 0.00529394
282 1.49673 0.00527514
283 1.49665 0.00525709
284 1.49665 0.00523855
285 1.49684 0.00522388
286 1.49647 0.00521868
287 1.49635 0.00520194
288 1.49656 0.00518819
289 1.49645 0.00517143
290 1.4968 0.00516522
291 1.49676 0.00514759
292 1.49642 0.00514106
293 1.4965 0.00512413
294 1.49618 0.00511674
295 1.49589 0.00510761
296 1.49576 0.00509192
297 1.49558 0.00507821
298 1.4956 0.00506118
299 1.49547 0.00504571
300 1.49569 0.00503351
301 1.49583 0.00501861
302 1.49601 0.0050052
303 1.49615 0.00499075
304 1.49618 0.0049744
305 1.49611 0.00495858
306 1.49614 0.00494245
307 1.49664 0.00495205
308 1.49661 0.00493606
309 1.49697 0.0049334
310 1.49756 0.0049527
311 1.49743 0.00493839
312 1.49727 0.00492522
313 1.49762 0.00492151
314 1.49792 0.0049155
315 1.4979 0.00489995
316 1.49758 0.00489449
317 1.49787 0.00488737
318 1.49828 0.00488948
319 1.49802 0.00488112
320 1.49822 0.00486994
321 1.49798 0.00486058
322 1.49788 0.00484661
323 1.4978 0.00483213
324 1.49776 0.00481741
325 1.49818 0.00482074
326 1.49814 0.00480609
327 1.49812 0.0047914
328 1.49841 0.00478564
329 1.49873 0.00478188
330 1.49885 0.00476892
331 1.49861 0.00476066
332 1.49877 0.00474887
333 1.49863 0.00473665
334 1.49898 0.00473534
335 1.49901 0.00472128
336 1.49912 0.00470853
337 1.49955 0.00471418
338 1.4992 0.0047131
339 1.49917 0.0046993
340 1.49906 0.00468677
341 1.49891 0.00467534
342 1.49877 0.00466379
343 1.49835 0.00466875
344 1.4988 0.00467642
345 1.49828 0.00469183
346 1.49814 0.00468012
347 1.49828 0.00466867
348 1.49795 0.00466678
349 1.49811 0.00465588
350 1.49779 0.00465332
351 1.49795 0.0046427
352 1.49795 0.00462949
353 1.49801 0.00461682
354 1.49803 0.00460378
355 1.49793 0.0045919
356 1.49794 0.00457899
357 1.49752 0.00458528
358 1.49748 0.00457265
359 1.49767 0.0045641
360 1.49754 0.00455342
361 1.4974 0.00454284
362 1.49735 0.00453061
363 1.49694 0.00453602
364 1.49716 0.00452868
365 1.49708 0.00451698
366 1.49682 0.00451206
367 1.49668 0.00450179
368 1.49654 0.00449194
369 1.4964 0.0044818
370 1.49655 0.00447218
371 1.49637 0.00446369
372 1.49609 0.00446081
373 1.49649 0.00446714
374 1.49644 0.00445547
375 1.49668 0.00445005
376 1.49647 0.00444303
377 1.49623 0.00443759
378 1.49685 0.00446863
379 1.49689 0.00445701
380 1.49705 0.00444791
381 1.49713 0.00443695
382 1.49691 0.00443042
383 1.49686 0.00441914
384 1.49707 0.00441266
385 1.49746 0.00441794
386 1.49798 0.00443721
387 1.49805 0.00442637
388 1.49805 0.00441496
389 1.49816 0.004405
390 1.49817 0.00439369
391 1.4983 0.00438455
392 1.49826 0.00437358
393 1.49788 0.00437849
394 1.49836 0.00439332
395 1.4984 0.00438237
396 1.49922 0.00444714
397 1.49927 0.00443624
398 1.49928 0.00442508
399 1.49912 0.00441678
400 1.49859 0.00443729
401 1.49858 0.00442623
402 1.49819 0.00443205
403 1.49841 0.00442619
404 1.49847 0.0044157
405 1.49876 0.00441405
406 1.49875 0.00440316
407 1.49904 0.00440162
408 1.49912 0.00439157
409 1.4992 0.00438147
410 1.49906 0.00437303
411 1.49935 0.00437222
412 1.49914 0.00436675
413 1.4994 0.00436412
414 1.49929 0.00435493
415 1.49966 0.00435967
416 1.49941 0.00435595
417 1.49957 0.00434821
418 1.49945 0.00433946
419 1.49934 0.0043303
420 1.49945 0.00432126
421 1.49961 0.00431406
422 1.49952 0.00430476
423 1.49954 0.00429459
424 1.49941 0.00428629
425 1.49976 0.00429046
426 1.49988 0.00428207
427 1.49993 0.00427237
428 1.49986 0.00426299
429 1.50005 0.00425725
430 1.50015 0.00424855
431 1.50018 0.00423875
432 1.50019 0.00422895
433 1.49986 0.00423188
434 1.49986 0.00422212
435 1.49975 0.00421375
436 1.49966 0.00420503
437 1.49963 0.00419552
438 1.49991 0.00419492
439 1.50002 0.0041868
440 1.49978 0.00418383
441 1.49975 0.00417448
442 1.50006 0.00417651
443 1.50011 0.00416743
444 1.50025 0.00416034
445 1.49988 0.00416745
446 1.5003 0.00417959
447 1.50039 0.00417125
448 1.50034 0.00416224
449 1.50003 0.00416503
450 1.50025 0.00416182
451 1.50006 0.00415704
452 1.50004 0.00414787
453 1.49947 0.00417863
454 1.49933 0.00417168
455 1.49949 0.00416575
456 1.4994 0.00415773
457 1.49938 0.00414866
458 1.4997 0.00415204
459 1.49998 0.00415243
460 1.4996 0.00416053
461 1.49954 0.00415201
462 1.49942 0.00414479
463 1.49938 0.00413595
464 1.4993 0.00412785
465 1.49941 0.00412036
466 1.4994 0.00411151
467 1.49968 0.0041117
468 1.49961 0.00410341
469 1.49952 0.00409573
470 1.49981 0.00409764
471 1.49975 0.00408949
472 1.49955 0.00408568
473 1.49996 0.0040984
474 1.49998 0.00408976
475 1.49993 0.00408146
476 1.49989 0.00407304
477 1.50006 0.00406804
478 1.50036 0.00407105
479 1.50052 0.00406557
480 1.50044 0.00405785
481 1.50035 0.00405053
482 1.50012 0.00404852
483 1.50013 0.00404015
484 1.50006 0.00403241
485 1.49987 0.00402869
486 1.49981 0.00402088
487 1.49948 0.00402601
488 1.49974 0.00402647
489 1.49963 0.00401987
490 1.49963 0.00401166
491 1.49958 0.00400376
492 1.49976 0.00399952
493 1.4998 0.0039916
494 1.50054 0.00405218
495 1.50042 0.00404571
496 1.50056 0.00404
497 1.50056 0.00403186
498 1.50066 0.004025
499 1.50067 0.00401693
500 1.50046 0.00401436
