1 1.43919 0
2 1.45822 0.0190343
3 1.4553 0.0113722
4 1.45504 0.00804567
5 1.47303 0.0190424
6 1.46251 0.0187743
7 1.46358 0.0159032
8 1.46788 0.0144304
9 1.47342 0.0138801
10 1.46865 0.0132995
11 1.46094 0.0142915
12 1.47005 0.0159143
13 1.45879 0.0184687
14 1.45754 0.0171443
15 1.45346 0.0164739
16 1.45721 0.0158596
17 1.45786 0.0149114
18 1.46135 0.0144873
19 1.46638 0.0145972
20 1.46248 0.0143865
21 1.46272 0.0136864
22 1.46471 0.0132008
23 1.46446 0.0126163
24 1.46436 0.0120797
25 1.46865 0.012356
26 1.46582 0.0122057
27 1.46284 0.0121168
28 1.47119 0.0143543
29 1.47511 0.0143963
30 1.476 0.0139362
31 1.47522 0.0135013
32 1.47889 0.0135759
33 1.47758 0.0132226
34 1.48328 0.0140352
35 1.48204 0.0136844
36 1.48449 0.0135224
37 1.48433 0.0131527
38 1.48413 0.0128036
39 1.48466 0.0124822
40 1.4867 0.0123361
41 1.48688 0.0120329
42 1.48925 0.0119806
43 1.49201 0.0120179
44 1.49267 0.0117605
45 1.49009 0.0117819
46 1.49082 0.011546
47 1.49209 0.0113686
48 1.49311 0.011176
49 1.49044 0.0112674
50 1.4913 0.0110731
51 1.48952 0.0109983
52 1.49297 0.0113234
53 1.49259 0.0111141
54 1.49415 0.0110175
55 1.49412 0.0108154
56 1.49155 0.0109256
57 1.49355 0.0109169
58 1.4914 0.0109411
59 1.49054 0.0107886
60 1.48815 0.0108728
61 1.48777 0.0106998
62 1.48753 0.0105286
63 1.49144 0.0110745
64 1.49067 0.0109273
65 1.49241 0.0108974
66 1.49449 0.0109312
67 1.49495 0.0107766
68 1.49304 0.0107876
69 1.49317 0.0106309
70 1.49453 0.0105664
71 1.49523 0.0104397
72 1.49659 0.0103835
73 1.49756 0.0102854
74 1.49585 0.0102885
75 1.49739 0.0102665
76 1.4971 0.0101345
77 1.49838 0.0100828
78 1.50111 0.0103208
79 1.50325 0.0104126
80 1.50168 0.0104014
81 1.50008 0.0103965
82 1.50129 0.0103405
83 1.50235 0.0102703
84 1.50203 0.0101525
85 1.50181 0.0100347
86 1.50097 0.00995285
87 1.50086 0.00983843
88 1.50302 0.00996206
89 1.50301 0.00984949
90 1.50277 0.00974228
91 1.50519 0.00993403
92 1.50318 0.0100299
93 1.50295 0.00992416
94 1.50287 0.0098183
95 1.5041 0.00979216
96 1.50481 0.00971538
97 1.50448 0.00962036
98 1.50392 0.00953802
99 1.50476 0.00947802
100 1.50705 0.00965886
101 1.50808 0.00961767
102 1.50735 0.00955061
103 1.50749 0.00945846
104 1.50695 0.00938254
105 1.50658 0.00929997
106 1.50907 0.00954078
107 1.50952 0.00946202
108 1.50988 0.00938089
109 1.50895 0.00934069
110 1.50881 0.00925639
111 1.5084 0.00918189
112 1.50755 0.00913883
113 1.50694 0.00907865
114 1.50623 0.0090266
115 1.5068 0.00896604
116 1.50663 0.00889
117 1.50825 0.00896179
118 1.50909 0.00892471
119 1.50998 0.00889463
120 1.51227 0.00911207
121 1.51335 0.00910052
122 1.51317 0.00902746
123 1.51326 0.00895419
124 1.513 0.00888529
125 1.51253 0.00882665
126 1.51268 0.00875762
127 1.51225 0.00869895
128 1.51273 0.00864389
129 1.51208 0.00860135
130 1.51165 0.0085456
131 1.5114 0.00848374
132 1.51089 0.00843487
133 1.51187 0.00842842
134 1.51086 0.00842641
135 1.51063 0.00836693
136 1.51123 0.00832754
137 1.5122 0.00832253
138 1.51228 0.00826244
139 1.51191 0.00821141
140 1.51127 0.00817758
141 1.51037 0.00816857
142 1.51016 0.00811349
143 1.50892 0.0081516
144 1.50866 0.008099
145 1.50905 0.00805249
146 1.50956 0.00801333
147 1.50903 0.00797621
148 1.50809 0.00797833
149 1.50917 0.007998
150 1.50919 0.00794454
151 1.50897 0.00789503
152 1.50876 0.00784569
153 1.50803 0.0078281
154 1.5082 0.00777895
155 1.50958 0.00785126
156 1.50913 0.00781397
157 1.50929 0.00776562
158 1.50962 0.0077237
159 1.50899 0.0077015
160 1.50876 0.00765645
161 1.50779 0.00767056
162 1.5068 0.00768707
163 1.50664 0.00764154
164 1.50608 0.00761505
165 1.50627 0.00757113
166 1.5073 0.00759485
167 1.50719 0.00755001
168 1.50716 0.00750497
169 1.50685 0.00746685
170 1.50712 0.00742758
171 1.50645 0.00741428
172 1.50648 0.00737109
173 1.50636 0.00732931
174 1.50561 0.00732587
175 1.50547 0.00728518
176 1.50569 0.00724712
177 1.50546 0.00720978
178 1.50507 0.00717977
179 1.50629 0.00724237
180 1.50486 0.00734159
181 1.5051 0.00730482
182 1.50559 0.00728054
183 1.50588 0.00724651
184 1.5066 0.0072428
185 1.50732 0.00724029
186 1.50687 0.00721577
187 1.5072 0.00718484
188 1.50715 0.00714674
189 1.50708 0.00710916
190 1.50694 0.00707298
191 1.50723 0.00704197
192 1.50666 0.00702823
193 1.50629 0.00700174
194 1.50591 0.00697564
195 1.50611 0.00694244
196 1.50642 0.00691411
197 1.50607 0.00688767
198 1.50585 0.00685638
199 1.50626 0.00683371
200 1.50595 0.0068061
201 1.50503 0.00683439
202 1.50479 0.00680493
203 1.5054 0.00679935
204 1.50558 0.00676815
205 1.50578 0.00673799
206 1.50549 0.00671155
207 1.50505 0.00669333
208 1.50588 0.00671328
209 1.50546 0.00669458
210 1.50516 0.00666952
211 1.50483 0.00664591
212 1.50532 0.00663244
213 1.50552 0.00660451
214 1.50551 0.00657359
215 1.50569 0.00654549
216 1.50582 0.00651627
217 1.50554 0.00649202
218 1.50515 0.00647372
219 1.50505 0.00644486
220 1.5049 0.00641742
221 1.50484 0.00638853
222 1.50415 0.00639759
223 1.50417 0.00636885
224 1.5042 0.00634047
225 1.5043 0.00631294
226 1.50423 0.00628529
227 1.50426 0.00625759
228 1.50433 0.00623045
229 1.50499 0.00623797
230 1.50499 0.00621079
231 1.50489 0.00618459
232 1.50523 0.00616726
233 1.50534 0.00614167
234 1.50551 0.00611781
235 1.50508 0.00610686
236 1.50546 0.00609247
237 1.50484 0.00609837
238 1.505 0.0060749
239 1.50519 0.0060524
240 1.50536 0.00602952
241 1.50546 0.00600532
242 1.50556 0.00598118
243 1.50565 0.0059572
244 1.5056 0.00593295
245 1.5064 0.0059626
246 1.50648 0.00593881
247 1.50578 0.005956
248 1.50536 0.00594659
249 1.50517 0.00592578
250 1.50503 0.00590363
251 1.50491 0.00588126
252 1.5043 0.00588972
253 1.50408 0.00587044
254 1.50403 0.00584753
255 1.50365 0.00583665
256 1.5036 0.00581402
257 1.50339 0.00579538
258 1.50345 0.00577328
259 1.50322 0.00575589
260 1.50289 0.00574316
261 1.50295 0.0057215
262 1.50305 0.00570045
263 1.50238 0.00571815
264 1.50242 0.00569658
265 1.50227 0.00567685
266 1.50182 0.00567373
267 1.50156 0.00565836
268 1.5014 0.00563946
269 1.50153 0.00561996
270 1.50158 0.00559932
271 1.50149 0.00557927
272 1.50157 0.00555917
273 1.50086 0.00558324
274 1.50128 0.0055788
275 1.50118 0.00555951
276 1.50131 0.00554092
277 1.50141 0.00552177
278 1.50159 0.00550502
279 1.5013 0.00549316
280 1.50175 0.00549183
281 1.50171 0.00547236
282 1.50152 0.00545623
283 1.5011 0.00545343
284 1.50091 0.00543762
285 1.50125 0.00542968
286 1.50158 0.00542072
287 1.50172 0.0054036
288 1.50164 0.00538542
289 1.50182 0.00536973
290 1.50164 0.00535423
291 1.50159 0.005336
292 1.50197 0.00533113
293 1.5019 0.00531337
294 1.50178 0.00529671
295 1.50183 0.00527894
296 1.50178 0.00526125
297 1.50213 0.00525514
298 1.50209 0.00523766
299 1.50252 0.00523803
300 1.5025 0.0052206
301 1.50287 0.00521672
302 1.50339 0.00522542
303 1.5035 0.00520918
304 1.50327 0.00519684
305 1.50318 0.00518067
306 1.50364 0.00518452
307 1.50398 0.00517855
308 1.50357 0.00517793
309 1.50308 0.00518397
310 1.50402 0.00525139
311 1.50388 0.00523624
312 1.50394 0.00521976
313 1.50435 0.00521905
314 1.50425 0.00520334
315 1.50391 0.00519809
316 1.50402 0.00518279
317 1.50373 0.00517464
318 1.50368 0.0051586
319 1.50375 0.00514287
320 1.50365 0.00512762
321 1.50387 0.00511634
322 1.50408 0.00510483
323 1.50371 0.00510302
324 1.50331 0.00510222
325 1.50385 0.00511479
326 1.50381 0.00509929
327 1.50377 0.0050838
328 1.50395 0.00507156
329 1.50394 0.00505613
330 1.50469 0.00509603
331 1.50499 0.00508938
332 1.50505 0.00507436
333 1.50513 0.00505985
334 1.50525 0.00504605
335 1.50531 0.00503127
336 1.50533 0.00501632
337 1.50575 0.00501909
338 1.50589 0.00500624
339 1.50601 0.00499274
340 1.50622 0.00498266
341 1.50634 0.00496941
342 1.50595 0.00497032
343 1.50584 0.00495702
344 1.50599 0.00494493
345 1.50573 0.00493763
346 1.50552 0.00492749
347 1.50564 0.00491468
348 1.5055 0.00490242
349 1.50574 0.004894
350 1.50543 0.00488951
351 1.50501 0.0048943
352 1.50511 0.00488141
353 1.5051 0.00486756
354 1.50507 0.00485391
355 1.50479 0.00484787
356 1.50444 0.00484716
357 1.50426 0.00483688
358 1.50439 0.00482509
359 1.50386 0.00484112
360 1.50399 0.00482939
361 1.50372 0.00482355
362 1.50405 0.00482181
363 1.50438 0.00481969
364 1.50396 0.00482439
365 1.50386 0.00481232
366 1.50386 0.00479915
367 1.50376 0.00478699
368 1.50374 0.00477403
369 1.50354 0.00476525
370 1.50309 0.00477313
371 1.50306 0.00476038
372 1.50303 0.00474762
373 1.50368 0.0047788
374 1.50338 0.00477541
375 1.50322 0.00476525
376 1.50378 0.00478551
377 1.50379 0.0047728
378 1.50368 0.00476146
379 1.50347 0.00475334
380 1.50356 0.0047417
381 1.50338 0.00473284
382 1.50357 0.00472432
383 1.5037 0.00471384
384 1.50338 0.00471252
385 1.50326 0.00470178
386 1.5033 0.00468974
387 1.50337 0.00467812
388 1.50348 0.00466727
389 1.50345 0.00465532
390 1.50381 0.00465742
391 1.50379 0.00464558
392 1.50392 0.00463566
393 1.50389 0.00462395
394 1.50386 0.00461227
395 1.50416 0.00461013
396 1.50408 0.00459914
397 1.50432 0.00459375
398 1.50413 0.00458618
399 1.50398 0.00457723
400 1.50408 0.00456686
401 1.50409 0.00455547
402 1.50419 0.00454537
403 1.50437 0.00453764
404 1.50427 0.00452758
405 1.5044 0.00451825
406 1.50414 0.00451453
407 1.50399 0.00450582
408 1.50382 0.00449817
409 1.5038 0.00448719
410 1.5041 0.00448628
411 1.50403 0.00447582
412 1.50367 0.00447947
413 1.50382 0.00447114
414 1.50348 0.00447369
415 1.50396 0.00448911
416 1.50411 0.00448081
417 1.5043 0.0044741
418 1.50446 0.00446601
419 1.50462 0.00445817
420 1.50415 0.00447205
421 1.5044 0.00446867
422 1.50444 0.00445822
423 1.50458 0.00444998
424 1.50458 0.00443948
425 1.50457 0.00442903
426 1.50457 0.00441862
427 1.50493 0.0044225
428 1.50478 0.00441469
429 1.50492 0.00440684
430 1.50464 0.00440564
431 1.50455 0.00439627
432 1.50456 0.00438608
433 1.50464 0.00437667
434 1.50481 0.00437024
435 1.50473 0.00436094
436 1.50479 0.00435126
437 1.50498 0.00434548
438 1.50496 0.00433558
439 1.50493 0.00432581
440 1.5047 0.00432198
441 1.5046 0.00431328
442 1.50436 0.00431041
443 1.50444 0.00430141
444 1.50415 0.00430179
445 1.50432 0.0042957
446 1.50468 0.00430066
447 1.50431 0.00430621
448 1.50418 0.00429875
449 1.50394 0.00429576
450 1.50384 0.00428732
451 1.50388 0.00427795
452 1.5039 0.00426853
453 1.50402 0.00426078
454 1.50378 0.00425828
455 1.50337 0.00426809
456 1.50355 0.00426254
457 1.50352 0.00425332
458 1.50347 0.00424439
459 1.5034 0.00423561
460 1.50316 0.00423349
461 1.50328 0.00422602
462 1.50333 0.00421719
463 1.50318 0.00421077
464 1.50297 0.00420667
465 1.50261 0.00421383
466 1.50268 0.00420541
467 1.50268 0.0041964
468 1.50263 0.00418782
469 1.50293 0.00418984
470 1.50287 0.00418142
471 1.50267 0.00417733
472 1.50252 0.00417115
473 1.50273 0.00416759
474 1.50276 0.00415894
475 1.50289 0.00415206
476 1.50293 0.00414351
477 1.50277 0.00413767
478 1.50283 0.00412936
479 1.50291 0.00412151
480 1.50294 0.00411307
481 1.50301 0.00410501
482 1.5029 0.00409793
483 1.50305 0.00409238
484 1.50277 0.00409341
485 1.50247 0.00409653
486 1.50243 0.00408823
487 1.50219 0.0040871
488 1.50244 0.0040865
489 1.50222 0.00408418
490 1.50217 0.00407609
491 1.50215 0.00406788
492 1.50222 0.00406027
493 1.50224 0.00405208
494 1.50208 0.00404694
495 1.5022 0.00404048
496 1.50197 0.00403906
497 1.5018 0.00403435
498 1.50217 0.00404287
499 1.50224 0.00403549
500 1.50214 0.0040286
