1 5.1835 0
2 5.03891 0.144589
3 5.11311 0.111688
4 5.20015 0.117533
5 5.15806 0.100299
6 5.11608 0.0920268
7 5.04623 0.10454
8 5.00958 0.0976693
9 4.99766 0.0869572
10 5.01965 0.0808251
11 5.0258 0.0733669
12 5.05812 0.0743646
13 4.99716 0.0916218
14 5.00544 0.0852278
15 5.00435 0.0793502
16 4.99322 0.0750544
17 4.99244 0.0705057
18 5.01601 0.0705273
19 5.01288 0.0667853
20 5.0292 0.0654253
21 5.0316 0.0622781
22 5.02128 0.0602685
23 5.00618 0.0595351
24 5.01364 0.0574856
25 5.00837 0.0553896
26 5.01037 0.0532543
27 5.00935 0.0512541
28 5.00544 0.0495441
29 5.00974 0.0479982
30 5.01851 0.0471928
31 5.02995 0.0470553
32 5.01715 0.0473238
33 5.02721 0.0469575
34 5.01911 0.0462705
35 5.01801 0.0449426
36 5.01866 0.0436813
37 5.01685 0.0425231
38 5.01898 0.0414438
39 5.01061 0.0412248
40 5.00869 0.0402268
41 5.00916 0.0392361
42 4.99822 0.0398231
43 5.00843 0.040205
44 5.00947 0.0392944
45 5.0098 0.0384127
46 5.00895 0.037578
47 5.00516 0.0369641
48 4.99986 0.036573
49 4.99982 0.0358189
50 5.0002 0.0350972
51 5.00181 0.03444
52 4.99872 0.0339126
53 4.99722 0.0333005
54 4.99412 0.0328242
55 4.9927 0.0322534
56 4.99579 0.0318232
57 4.99469 0.0312794
58 4.9951 0.0307382
59 4.99618 0.0302318
60 4.99234 0.0299708
61 5.00272 0.031251
62 5.00368 0.0307576
63 4.99978 0.0305154
64 5.00242 0.030151
65 4.99688 0.0301968
66 4.99515 0.0297861
67 4.99484 0.0293399
68 4.9936 0.0289317
69 4.9862 0.0294539
70 4.98587 0.0290319
71 4.98721 0.0286512
72 4.98933 0.0283303
73 4.99277 0.0281503
74 4.99428 0.0278084
75 4.99218 0.027516
76 4.99198 0.0271523
77 4.99445 0.0269112
78 4.99674 0.0266623
79 4.99743 0.0263317
80 4.99215 0.0265314
81 4.99056 0.0262502
82 4.9897 0.0259422
83 4.98931 0.0256307
84 4.99083 0.0253695
85 4.99079 0.0250693
86 4.98669 0.0251127
87 4.9886 0.0248959
88 4.98408 0.0250243
89 4.98352 0.0247477
90 4.98947 0.025184
91 4.99264 0.0251068
92 4.99205 0.0248394
93 4.98696 0.0250933
94 4.98611 0.0248395
95 4.98664 0.0245822
96 4.98663 0.0243248
97 4.9893 0.0242205
98 4.99036 0.0239955
99 4.99068 0.023754
100 4.98672 0.023846
101 4.98613 0.0236162
102 4.98568 0.0233878
103 4.98583 0.0231601
104 4.98395 0.0230131
105 4.97964 0.0231979
106 4.98276 0.0231899
107 4.98139 0.0230132
108 4.98046 0.0228183
109 4.98353 0.0228167
110 4.98414 0.0226165
111 4.98443 0.0224136
112 4.98363 0.022227
113 4.98379 0.0220301
114 4.9842 0.0218398
115 4.98652 0.0217732
116 4.98922 0.021753
117 4.99382 0.0220506
118 4.99404 0.021864
119 4.99539 0.0217219
120 4.99312 0.0216599
121 4.9912 0.021566
122 4.98672 0.0218527
123 4.98552 0.0217074
124 4.98412 0.0215767
125 4.98464 0.0214095
126 4.98549 0.0212562
127 4.9876 0.0211931
128 4.98921 0.0210885
129 4.99145 0.0210439
130 4.99162 0.0208821
131 4.98986 0.0207962
132 4.99326 0.0209148
133 4.99177 0.0208104
134 4.99315 0.0207006
135 4.9946 0.0205978
136 4.99493 0.0204485
137 4.99493 0.0202987
138 4.99752 0.0203173
139 4.99706 0.0201759
140 4.99756 0.0200378
141 4.99679 0.0199101
142 4.99406 0.0199569
143 4.99423 0.0198176
144 4.99443 0.0196804
145 4.9932 0.0195823
146 4.9927 0.0194541
147 4.99576 0.019561
148 4.99478 0.0194528
149 4.99382 0.0193457
150 4.99478 0.01924
151 4.99218 0.0192885
152 4.99033 0.01925
153 4.9866 0.0194836
154 4.98627 0.0193595
155 4.98645 0.0192351
156 4.9862 0.019113
157 4.98679 0.0189999
158 4.98698 0.0188802
159 4.98852 0.0188245
160 4.99034 0.0187945
161 4.99153 0.0187155
162 4.99018 0.0186486
163 4.99023 0.0185339
164 4.99086 0.0184311
165 4.98982 0.0183481
166 4.99042 0.0182471
167 4.99202 0.0182079
168 4.99269 0.0181116
169 4.99045 0.0181428
170 4.99049 0.0180358
171 4.98978 0.0179444
172 4.98887 0.0178629
173 4.9871 0.0178466
174 4.98591 0.0177836
175 4.98685 0.0177066
176 4.98716 0.0176084
177 4.98859 0.0175668
178 4.98855 0.0174678
179 4.98895 0.0173747
180 4.9874 0.0173475
181 4.98771 0.0172541
182 4.98641 0.0172079
183 4.98647 0.0171137
184 4.98711 0.0170325
185 4.9872 0.0169405
186 4.98545 0.0169397
187 4.98566 0.0168502
188 4.98794 0.0169143
189 4.98964 0.0169107
190 4.9913 0.0169026
191 4.9924 0.01685
192 4.99244 0.016762
193 4.99092 0.0167447
194 4.99249 0.0167318
195 4.99043 0.0167727
196 4.99052 0.0166872
197 4.99299 0.0167848
198 4.99531 0.0168593
199 4.99547 0.0167752
200 4.9957 0.0166926
201 4.99538 0.0166125
202 4.99532 0.0165301
203 4.99677 0.0165119
204 4.99766 0.016455
205 4.99774 0.0163747
206 4.99813 0.0162995
207 4.99833 0.0162219
208 4.99784 0.0161513
209 4.99766 0.0160748
210 4.99635 0.016052
211 4.99571 0.0159884
212 4.99691 0.0159582
213 4.99663 0.0158856
214 4.99849 0.0159205
215 4.99813 0.0158503
216 4.99868 0.0157861
217 4.9984 0.0157155
218 4.99679 0.015726
219 4.99611 0.015669
220 4.9959 0.015599
221 4.99381 0.0156679
222 4.99315 0.015611
223 4.99268 0.015548
224 4.99477 0.0156184
225 4.99351 0.0155994
226 4.99341 0.0155306
227 4.99297 0.0154681
228 4.99261 0.0154043
229 4.99187 0.0153551
230 4.99093 0.0153167
231 4.99231 0.0153124
232 4.9913 0.0152797
233 4.99006 0.0152648
234 4.99133 0.015253
235 4.99241 0.0152257
236 4.99141 0.0151934
237 4.99093 0.015137
238 4.99239 0.0151446
239 4.99243 0.0150811
240 4.99268 0.0150202
241 4.99304 0.0149621
242 4.9939 0.014925
243 4.9937 0.0148648
244 4.99313 0.0148146
245 4.99319 0.0147541
246 4.99393 0.0147127
247 4.99375 0.0146541
248 4.99348 0.0145976
249 4.99417 0.0145554
250 4.99466 0.0145051
251 4.99503 0.0144521
252 4.99488 0.0143955
253 4.99486 0.0143385
254 4.99495 0.0142822
255 4.99519 0.0142282
256 4.9954 0.014174
257 4.9963 0.0141472
258 4.99526 0.0141305
259 4.99586 0.0140888
260 4.99505 0.0140578
261 4.99715 0.0141598
262 4.99701 0.0141063
263 4.99657 0.0140595
264 4.99585 0.0140248
265 4.99564 0.0139733
266 4.99462 0.013958
267 4.99374 0.0139334
268 4.99487 0.0139267
269 4.9945 0.0138796
270 4.99457 0.0138283
271 4.99286 0.0138826
272 4.99261 0.0138337
273 4.99263 0.013783
274 4.99222 0.0137386
275 4.99187 0.013693
276 4.9908 0.0136854
277 4.9914 0.0136491
278 4.99179 0.0136054
279 4.99126 0.0135667
280 4.99112 0.0135189
281 4.9902 0.0135017
282 4.98902 0.0135061
283 4.99019 0.0135091
284 4.99034 0.0134623
285 4.99164 0.0134782
286 4.99237 0.0134508
287 4.99324 0.0134317
288 4.99256 0.0134022
289 4.99349 0.0133878
290 4.99417 0.013359
291 4.99512 0.0133473
292 4.9944 0.0133211
293 4.99456 0.0132765
294 4.99358 0.0132671
295 4.99472 0.0132704
296 4.99516 0.0132331
297 4.9948 0.0131934
298 4.99465 0.0131499
299 4.99437 0.0131089
300 4.99402 0.0130698
301 4.9939 0.0130269
302 4.99318 0.0130036
303 4.99398 0.0129856
304 4.99454 0.0129548
305 4.99402 0.0129229
306 4.99444 0.0128876
307 4.99607 0.012948
308 4.99635 0.0129091
309 4.99642 0.0128674
310 4.99712 0.0128451
311 4.99637 0.0128258
312 4.99697 0.0127989
313 4.99863 0.0128655
314 4.99826 0.0128301
315 4.99952 0.0128521
316 5.00028 0.0128337
317 4.99927 0.0128329
318 4.99877 0.0128023
319 4.99762 0.012814
320 4.99798 0.0127788
321 4.99828 0.0127425
322 4.99845 0.0127041
323 4.9983 0.0126656
324 4.99803 0.0126295
325 4.99863 0.012605
326 5.00043 0.012695
327 5.00073 0.0126597
328 5.00052 0.0126228
329 5.00017 0.0125893
330 5.00163 0.012636
331 5.00088 0.0126199
332 5.00093 0.0125819
333 5.00031 0.0125594
334 5.00031 0.0125218
335 4.99959 0.0125051
336 5.00027 0.0124865
337 4.99912 0.0125022
338 5.00038 0.0125285
339 5.00057 0.0124929
340 5.00166 0.0125033
341 5.00139 0.0124694
342 5.00173 0.0124376
343 5.00243 0.0124211
344 5.00322 0.0124097
345 5.00243 0.0123989
346 5.00308 0.0123801
347 5.00405 0.0123823
348 5.00258 0.0124337
349 5.0032 0.0124134
350 5.00351 0.0123818
351 5.00225 0.0124104
352 5.00298 0.0123968
353 5.00365 0.0123799
354 5.00404 0.0123509
355 5.0031 0.0123517
356 5.00185 0.0123804
357 5.00158 0.0123487
358 5.00216 0.012328
359 5.00239 0.0122957
360 5.00192 0.0122702
361 5.00309 0.0122912
362 5.00356 0.0122663
363 5.00383 0.0122355
364 5.0034 0.0122095
365 5.0043 0.0122092
366 5.00459 0.0121793
367 5.00353 0.0121919
368 5.00285 0.0121779
369 5.00185 0.012186
370 5.00117 0.0121722
371 5.00097 0.0121409
372 5.00106 0.0121086
373 5.00083 0.0120785
374 5.00002 0.0120731
375 5.00069 0.0120593
376 5.00046 0.0120292
377 5.00096 0.0120077
378 5.0011 0.0119768
379 5.0013 0.0119467
380 5.00147 0.0119165
381 5.0024 0.0119216
382 5.00311 0.0119116
383 5.00146 0.011995
384 5.00135 0.0119643
385 5.00072 0.0119495
386 5.00118 0.0119272
387 5.00086 0.0119006
388 5.001 0.0118707
389 5.00082 0.0118414
390 5.00125 0.0118186
391 5.00099 0.0117911
392 5.00149 0.0117713
393 5.001 0.0117515
394 5.00098 0.0117217
395 5.00176 0.0117175
396 5.00225 0.0116982
397 5.00214 0.0116692
398 5.00344 0.0117126
399 5.0037 0.011686
400 5.00293 0.0116823
401 5.00272 0.011655
402 5.00294 0.011628
403 5.00347 0.0116116
404 5.00271 0.0116078
405 5.0023 0.0115864
406 5.00206 0.0115603
407 5.00212 0.0115321
408 5.00215 0.0115038
409 5.00152 0.0114927
410 5.001 0.0114765
411 5.00092 0.0114488
412 5.00134 0.011429
413 5.00096 0.0114078
414 5.00059 0.0113861
415 5.001 0.0113659
416 5.0009 0.0113389
417 5.00106 0.0113127
418 4.99972 0.0113645
419 4.99914 0.0113522
420 4.99863 0.0113367
421 4.99886 0.0113123
422 4.99803 0.0113164
423 4.99743 0.0113051
424 4.99756 0.0112791
425 4.99839 0.0112837
426 4.99885 0.0112663
427 4.9985 0.0112453
428 4.99911 0.011236
429 4.99925 0.0112107
430 4.99986 0.0112009
431 4.99964 0.011177
432 4.99973 0.0111514
433 5.00067 0.0111657
434 5.00022 0.0111494
435 5.00057 0.0111293
436 5.00015 0.0111116
437 5.00082 0.0111065
438 5.00054 0.0110846
439 4.99962 0.0110977
440 4.99949 0.0110732
441 4.99833 0.0111092
442 4.99896 0.011102
443 4.99949 0.0110897
444 4.9995 0.0110647
445 5.00003 0.0110524
446 5.00014 0.0110282
447 4.99981 0.0110087
448 5.00002 0.0109862
449 5.00077 0.0109869
450 4.99934 0.0110551
451 4.99912 0.0110327
452 4.99955 0.0110165
453 4.99965 0.0109926
454 4.9999 0.0109712
455 4.99993 0.0109472
456 5.00009 0.0109242
457 5.0004 0.0109048
458 5.00085 0.0108902
459 5.00111 0.0108695
460 5.00068 0.0108544
461 5.00009 0.0108469
462 5.00046 0.0108298
463 5.00016 0.0108107
464 4.99987 0.0107911
465 4.99972 0.010769
466 5.00044 0.0107701
467 5.00039 0.0107471
468 5 0.0107311
469 5.00058 0.0107237
470 5.00086 0.0107046
471 4.99972 0.0107421
472 5.00029 0.0107344
473 5.00018 0.0107122
474 5.00047 0.0106936
475 5.00053 0.0106712
476 5.00018 0.0106547
477 5.00002 0.0106335
478 4.99964 0.0106181
479 4.99935 0.0105999
480 4.99873 0.010596
481 4.99875 0.010574
482 4.99844 0.0105568
483 4.99871 0.0105384
484 4.99904 0.010522
485 4.99922 0.0105017
486 4.99985 0.010499
487 5.00044 0.0104943
488 5.00115 0.0104964
489 5.00203 0.0105122
490 5.00262 0.0105071
491 5.00275 0.0104866
492 5.00247 0.0104689
493 5.00258 0.0104481
494 5.002 0.0104427
495 5.00163 0.0104282
496 5.00115 0.0104185
497 5.00113 0.0103975
498 5.00156 0.0103856
499 5.00189 0.0103701
500 5.00172 0.0103507
