1 4.67014 0
2 5.01552 0.345387
3 5.05566 0.203409
4 5.13304 0.163324
5 5.1956 0.141132
6 5.19326 0.115257
7 5.18549 0.0977198
8 5.12393 0.104651
9 5.12224 0.0923086
10 5.16837 0.0945785
11 5.13079 0.0934407
12 5.0768 0.10095
13 5.06939 0.0931559
14 5.04197 0.0904975
15 5.04314 0.0842566
16 5.04747 0.0789338
17 5.03291 0.0755618
18 5.04477 0.0722216
19 5.05199 0.0686954
20 5.0548 0.0652306
21 5.04695 0.0625409
22 5.03733 0.0604024
23 5.04237 0.0579361
24 5.03546 0.0558982
25 5.03535 0.0536158
26 5.04074 0.0517939
27 5.04848 0.0504366
28 5.04346 0.0488606
29 5.04511 0.0471747
30 5.03285 0.0471972
31 5.02208 0.0469015
32 5.03466 0.0471211
33 5.02363 0.0469843
34 5.02685 0.0456951
35 5.02413 0.0444531
36 5.0274 0.0433241
37 5.03053 0.0422529
38 5.03519 0.041389
39 5.01893 0.0434701
40 5.02159 0.0424533
41 5.02377 0.041462
42 5.01931 0.0407078
43 5.01717 0.0398071
44 5.00843 0.0398635
45 5.00273 0.0393821
46 5.00801 0.038877
47 5.00136 0.0386183
48 5.00076 0.0378099
49 4.99651 0.0372731
50 4.99324 0.0366663
51 4.99633 0.0360727
52 4.99903 0.0354756
53 5.00231 0.0349533
54 4.99783 0.0345907
55 4.9978 0.033956
56 4.99396 0.0335642
57 4.99978 0.0334795
58 5.00541 0.0333752
59 5.0082 0.0329231
60 5.00354 0.0327035
61 5.00269 0.0321742
62 4.99788 0.0320144
63 4.99379 0.0317666
64 4.99032 0.0314585
65 4.98947 0.0309822
66 4.9833 0.0311264
67 4.97872 0.0309995
68 4.97681 0.0305994
69 4.97238 0.0304765
70 4.96882 0.0302482
71 4.97566 0.030592
72 4.97707 0.0301974
73 4.97718 0.029781
74 4.9772 0.0293758
75 4.97792 0.0289903
76 4.97609 0.0286645
77 4.97313 0.0284446
78 4.97256 0.0280833
79 4.97496 0.0278297
80 4.97671 0.0275351
81 4.97694 0.027194
82 4.98082 0.0271386
83 4.98172 0.0268249
84 4.97788 0.0267803
85 4.97701 0.0264778
86 4.97382 0.026362
87 4.98116 0.0270728
88 4.98159 0.0267667
89 4.9833 0.0265198
90 4.98458 0.0262547
91 4.98258 0.0260422
92 4.98614 0.0260028
93 4.98637 0.0257227
94 4.9831 0.0256566
95 4.98341 0.025387
96 4.98019 0.025327
97 4.97827 0.0251377
98 4.97121 0.0258633
99 4.9703 0.0256167
100 4.96854 0.0254205
101 4.9739 0.025733
102 4.97317 0.0254901
103 4.96836 0.0256952
104 4.96519 0.0256435
105 4.96605 0.0254127
106 4.96632 0.0251732
107 4.96754 0.0249668
108 4.96669 0.0247491
109 4.96333 0.0247498
110 4.96158 0.0245867
111 4.95731 0.0247347
112 4.96068 0.0247428
113 4.96086 0.0245236
114 4.95983 0.0243292
115 4.95936 0.0241214
116 4.95726 0.0240045
117 4.95748 0.0237995
118 4.95906 0.0236499
119 4.96032 0.0234839
120 4.95952 0.0233011
121 4.96116 0.0231663
122 4.96139 0.0229768
123 4.96139 0.0227892
124 4.96147 0.0226048
125 4.95887 0.0225734
126 4.95708 0.0224648
127 4.95967 0.0224366
128 4.95805 0.0223196
129 4.95955 0.0221966
130 4.95894 0.0220336
131 4.96472 0.0226155
132 4.96434 0.0224468
133 4.966 0.0223394
134 4.96496 0.0221963
135 4.96132 0.0223301
136 4.96079 0.0221715
137 4.96092 0.0220094
138 4.96 0.0218684
139 4.96004 0.0217106
140 4.96026 0.0215561
141 4.96138 0.0214318
142 4.95914 0.0213974
143 4.95892 0.0212484
144 4.96054 0.0211627
145 4.96242 0.0210993
146 4.96242 0.0209543
147 4.96073 0.0208798
148 4.96441 0.021063
149 4.96637 0.0210128
150 4.96697 0.0208808
151 4.96663 0.0207448
152 4.96758 0.0206295
153 4.96995 0.0206306
154 4.96997 0.0204962
155 4.9709 0.0203848
156 4.97023 0.0202649
157 4.96815 0.0202429
158 4.96905 0.0201345
159 4.96875 0.0200098
160 4.96733 0.0199346
161 4.96787 0.0198177
162 4.96693 0.019717
163 4.96834 0.0196464
164 4.97174 0.0198199
165 4.97232 0.0197077
166 4.97201 0.0195909
167 4.97381 0.0195557
168 4.97316 0.0194496
169 4.97544 0.0194678
170 4.97328 0.0194729
171 4.9731 0.0193596
172 4.9738 0.0192595
173 4.97474 0.0191712
174 4.97451 0.0190621
175 4.97576 0.0189939
176 4.97547 0.0188879
177 4.97561 0.0187814
178 4.97432 0.0187199
179 4.97467 0.0186184
180 4.97492 0.0185164
181 4.97621 0.0184586
182 4.97735 0.0183926
183 4.97687 0.0182983
184 4.97636 0.0182058
185 4.97736 0.0181347
186 4.97883 0.0180974
187 4.97858 0.0180021
188 4.97843 0.0179067
189 4.97901 0.0178211
190 4.98 0.0177545
191 4.97858 0.0177181
192 4.98136 0.0178432
193 4.98277 0.0178068
194 4.98202 0.0177307
195 4.98365 0.0177147
196 4.98432 0.0176366
197 4.98369 0.0175581
198 4.98383 0.0174698
199 4.98332 0.0173895
200 4.98235 0.0173295
201 4.98298 0.0172547
202 4.98286 0.0171695
203 4.98327 0.0170898
204 4.98331 0.0170058
205 4.983 0.0169254
206 4.98185 0.0168827
207 4.98302 0.016842
208 4.98218 0.0167818
209 4.98253 0.0167048
210 4.97965 0.0168719
211 4.97857 0.0168268
212 4.97796 0.0167582
213 4.97983 0.0167832
214 4.9788 0.0167359
215 4.9792 0.0166627
216 4.97846 0.0166021
217 4.97792 0.0165341
218 4.97721 0.0164734
219 4.97618 0.0164304
220 4.97751 0.0164093
221 4.9795 0.0164557
222 4.97836 0.0164212
223 4.97835 0.0163474
224 4.97707 0.0163242
225 4.97833 0.0163
226 4.97752 0.016248
227 4.97691 0.0161879
228 4.97743 0.0161251
229 4.97804 0.0160661
230 4.98047 0.0161794
231 4.98133 0.0161323
232 4.98138 0.0160628
233 4.97995 0.0160574
234 4.98005 0.0159889
235 4.98068 0.0159332
236 4.98152 0.0158879
237 4.98235 0.0158424
238 4.98116 0.01582
239 4.98011 0.0157886
240 4.97868 0.015788
241 4.97955 0.0157463
242 4.97908 0.0156881
243 4.9791 0.0156234
244 4.97847 0.0155723
245 4.97923 0.0155276
246 4.98002 0.0154846
247 4.98007 0.0154219
248 4.98012 0.0153596
249 4.98018 0.0152979
250 4.98135 0.0152817
251 4.98136 0.0152207
252 4.98214 0.0151802
253 4.98125 0.0151464
254 4.98027 0.0151184
255 4.97905 0.0151089
256 4.97932 0.0150522
257 4.97978 0.0150006
258 4.97918 0.0149544
259 4.9791 0.0148968
260 4.98038 0.014895
261 4.97951 0.0148634
262 4.97925 0.0148088
263 4.97807 0.0147996
264 4.9785 0.0147498
265 4.97873 0.0146958
266 4.97861 0.014641
267 4.97761 0.0146199
268 4.97659 0.0146009
269 4.97569 0.0145745
270 4.97572 0.0145204
271 4.97528 0.0144732
272 4.9754 0.0144203
273 4.97748 0.0145182
274 4.97685 0.0144792
275 4.97727 0.0144326
276 4.97799 0.0143981
277 4.97774 0.0143481
278 4.97744 0.0142996
279 4.97766 0.01425
280 4.97862 0.0142313
281 4.97826 0.0141853
282 4.97743 0.0141593
283 4.97586 0.0141961
284 4.97606 0.0141474
285 4.97594 0.0140982
286 4.97643 0.0140574
287 4.97643 0.0140083
288 4.97659 0.0139606
289 4.9777 0.0139567
290 4.97648 0.0139622
291 4.97699 0.0139233
292 4.97588 0.0139193
293 4.97599 0.0138721
294 4.97495 0.013864
295 4.97545 0.0138263
296 4.97534 0.01378
297 4.97599 0.0137488
298 4.97438 0.0137962
299 4.97509 0.013768
300 4.97481 0.0137249
301 4.97478 0.0136792
302 4.97516 0.0136392
303 4.97583 0.0136103
304 4.97597 0.0135662
305 4.97636 0.0135272
306 4.97705 0.0135007
307 4.97833 0.0135177
308 4.97789 0.013481
309 4.9783 0.0134437
310 4.97726 0.0134408
311 4.97743 0.0133986
312 4.9772 0.0133576
313 4.97786 0.0133312
314 4.97772 0.0132894
315 4.97592 0.0133692
316 4.97633 0.0133333
317 4.97596 0.0132964
318 4.97691 0.0132891
319 4.97751 0.0132606
320 4.97676 0.0132403
321 4.97624 0.0132091
322 4.977 0.01319
323 4.97635 0.0131652
324 4.97743 0.0131685
325 4.97787 0.0131353
326 4.97791 0.013095
327 4.9783 0.013061
328 4.97798 0.013025
329 4.97772 0.012988
330 4.97769 0.0129486
331 4.97674 0.0129442
332 4.97546 0.0129681
333 4.97742 0.0130768
334 4.97814 0.0130573
335 4.97949 0.0130879
336 4.97882 0.0130659
337 4.97966 0.0130538
338 4.9791 0.0130268
339 4.97946 0.0129933
340 4.97899 0.0129636
341 4.97784 0.012977
342 4.97824 0.0129452
343 4.97808 0.0129083
344 4.98095 0.0131866
345 4.98147 0.0131587
346 4.9824 0.0131536
347 4.98166 0.0131368
348 4.9808 0.0131272
349 4.98075 0.0130896
350 4.98025 0.0130617
351 4.98075 0.013034
352 4.98166 0.0130292
353 4.98159 0.0129925
354 4.98124 0.0129605
355 4.98073 0.0129341
356 4.98139 0.0129145
357 4.98132 0.0128784
358 4.98162 0.0128459
359 4.98218 0.0128221
360 4.98256 0.0127921
361 4.98221 0.0127614
362 4.98207 0.0127269
363 4.98359 0.0127826
364 4.9836 0.0127475
365 4.98534 0.0128314
366 4.98527 0.0127965
367 4.98489 0.0127671
368 4.98513 0.0127345
369 4.98489 0.0127022
370 4.98548 0.0126816
371 4.98467 0.0126733
372 4.98462 0.0126392
373 4.98419 0.0126127
374 4.98428 0.0125793
375 4.98522 0.0125811
376 4.9851 0.0125482
377 4.98518 0.0125152
378 4.98512 0.0124822
379 4.98511 0.0124492
380 4.98491 0.012418
381 4.98436 0.0123976
382 4.98352 0.0123936
383 4.98417 0.012378
384 4.98406 0.0123462
385 4.98452 0.0123227
386 4.9839 0.0123059
387 4.9846 0.012294
388 4.98389 0.0122833
389 4.98429 0.0122583
390 4.98441 0.0122274
391 4.98423 0.0121974
392 4.98577 0.0122629
393 4.9861 0.0122362
394 4.98584 0.0122079
395 4.9853 0.012189
396 4.98515 0.012159
397 4.98584 0.0121478
398 4.98555 0.0121207
399 4.98553 0.0120903
400 4.98541 0.0120607
401 4.98537 0.0120306
402 4.98644 0.0120486
403 4.98695 0.0120295
404 4.98782 0.0120308
405 4.9876 0.0120031
406 4.98818 0.011988
407 4.98856 0.0119645
408 4.98841 0.0119361
409 4.98952 0.0119585
410 4.98991 0.0119358
411 4.99017 0.0119096
412 4.98912 0.0119271
413 4.98905 0.0118984
414 4.98947 0.011877
415 4.98895 0.0118596
416 4.98929 0.0118358
417 4.98907 0.0118093
418 4.98915 0.0117812
419 4.98881 0.0117581
420 4.98833 0.0117397
421 4.98886 0.0117239
422 4.98965 0.0117222
423 4.98936 0.0116979
424 4.98852 0.0117009
425 4.9885 0.0116734
426 4.9884 0.0116463
427 4.98774 0.0116377
428 4.98777 0.0116106
429 4.9877 0.0115837
430 4.98858 0.0115906
431 4.98974 0.011622
432 4.98903 0.011617
433 4.98892 0.0115906
434 4.99001 0.0116145
435 4.99001 0.0115878
436 4.99 0.0115612
437 4.99002 0.0115347
438 4.99004 0.0115083
439 4.99084 0.0115104
440 4.99097 0.0114849
441 4.99107 0.0114592
442 4.99111 0.0114333
443 4.9925 0.0114926
444 4.99265 0.0114676
445 4.99241 0.0114442
446 4.99166 0.0114432
447 4.99353 0.0115703
448 4.9941 0.0115585
449 4.994 0.0115332
450 4.9947 0.0115287
451 4.99608 0.0115858
452 4.99629 0.0115621
453 4.99613 0.0115375
454 4.99556 0.0115263
455 4.99524 0.0115054
456 4.99521 0.0114802
457 4.99563 0.0114625
458 4.99546 0.0114386
459 4.99523 0.0114161
460 4.99417 0.01144
461 4.99452 0.0114207
462 4.99447 0.0113961
463 4.99406 0.0113788
464 4.99388 0.0113556
465 4.99391 0.0113312
466 4.99432 0.0113144
467 4.99452 0.0112919
468 4.99374 0.0112946
469 4.993 0.0112948
470 4.99343 0.0112789
471 4.99428 0.011287
472 4.99422 0.0112632
473 4.99407 0.0112403
474 4.99439 0.0112212
475 4.99383 0.0112117
476 4.99464 0.0112176
477 4.99564 0.0112382
478 4.9958 0.0112158
479 4.9956 0.0111942
480 4.99479 0.0111999
481 4.99524 0.0111855
482 4.99419 0.0112117
483 4.99448 0.0111922
484 4.99417 0.0111734
485 4.99469 0.0111627
486 4.99526 0.0111543
487 4.99458 0.0111523
488 4.99491 0.0111345
489 4.99427 0.0111303
490 4.99542 0.0111675
491 4.99533 0.0111451
492 4.99654 0.011188
493 4.99672 0.0111667
494 4.99646 0.011147
495 4.99682 0.0111303
496 4.99688 0.011108
497 4.99671 0.0110869
498 4.99715 0.0110733
499 4.99637 0.0110782
500 4.99557 0.0110854
