1 0.0489315 0.0489315 0
2 0.0482589 0.0485952 0.000336299
3 0.0491445 0.0487783 0.000266896
4 0.0494773 0.048953 0.000257215
5 0.0492979 0.049022 0.000210835
6 0.0493558 0.0490776 0.000180912
7 0.0489564 0.0490603 0.000153877
8 0.047693 0.0488894 0.000216725
9 0.0472156 0.0487034 0.000266681
10 0.0479055 0.0486236 0.000251519
11 0.0489474 0.0486531 0.000229404
12 0.0496601 0.048737 0.000225604
13 0.0485464 0.0487223 0.000208043
14 0.0492857 0.0487626 0.000196768
15 0.0496094 0.048819 0.000191685
16 0.0487448 0.0488144 0.000179364
17 0.049288 0.0488422 0.000170771
18 0.0492066 0.0488625 0.000162272
19 0.0492656 0.0488837 0.000154953
20 0.0490804 0.0488935 0.00014733
21 0.0497458 0.0489341 0.000145897
22 0.050139 0.0489889 0.0001495
23 0.0494354 0.0490083 0.000144165
24 0.0486427 0.0489931 0.000138866
25 0.0500316 0.0490346 0.000139523
26 0.0475698 0.0489783 0.000145408
27 0.0480554 0.0489441 0.000144033
28 0.0476915 0.0488994 0.000145825
29 0.048197 0.0488751 0.000142776
30 0.0496563 0.0489012 0.000140371
31 0.0496238 0.0489245 0.000137754
32 0.0500389 0.0489593 0.000137851
33 0.0498577 0.0489865 0.000136354
34 0.0499205 0.049014 0.000135105
35 0.0487088 0.0490053 0.000131477
36 0.0493913 0.049016 0.000128222
37 0.0492436 0.0490222 0.00012486
38 0.0494004 0.0490321 0.000121937
39 0.0481299 0.049009 0.000121001
40 0.0498604 0.0490303 0.000119843
41 0.0488335 0.0490255 0.000116982
42 0.0486273 0.049016 0.000114556
43 0.0495401 0.0490282 0.000112522
44 0.0492965 0.0490343 0.000110104
45 0.0489227 0.0490318 0.000107658
46 0.0492168 0.0490358 0.000105368
47 0.0491017 0.0490372 0.000103112
48 0.0493952 0.0490447 0.000101216
49 0.048804 0.0490398 9.92502e-05
50 0.0493049 0.0490451 9.73894e-05
51 0.0491195 0.0490465 9.54719e-05
52 0.0490098 0.0490458 9.36205e-05
53 0.0497453 0.049059 9.27807e-05
54 0.0483244 0.0490454 9.20572e-05
55 0.0487012 0.0490392 9.05843e-05
56 0.049939 0.0490552 9.03917e-05
57 0.0488149 0.049051 8.88917e-05
58 0.0486443 0.049044 8.76267e-05
59 0.0499475 0.0490593 8.74795e-05
60 0.048713 0.0490535 8.62025e-05
61 0.0490897 0.0490541 8.47797e-05
62 0.0491226 0.0490552 8.34083e-05
63 0.0501715 0.049073 8.39646e-05
64 0.0497965 0.0490843 8.34119e-05
65 0.0490147 0.0490832 8.21255e-05
66 0.0482528 0.0490706 8.18444e-05
67 0.0479381 0.0490537 8.23666e-05
68 0.0475192 0.0490311 8.42256e-05
69 0.0493419 0.0490356 8.31181e-05
70 0.0486743 0.0490305 8.20845e-05
71 0.048365 0.0490211 8.14611e-05
72 0.0491739 0.0490232 8.03498e-05
73 0.0485495 0.0490167 7.95067e-05
74 0.0489133 0.0490153 7.84374e-05
75 0.0493014 0.0490192 7.74784e-05
76 0.0488719 0.0490172 7.64767e-05
77 0.0483766 0.0490089 7.59342e-05
78 0.0488625 0.049007 7.49779e-05
79 0.0492371 0.0490099 7.408e-05
80 0.0493716 0.0490145 7.32877e-05
81 0.0488902 0.0490129 7.23935e-05
82 0.0488309 0.0490107 7.15397e-05
83 0.0489854 0.0490104 7.06731e-05
84 0.0494204 0.0490153 6.99971e-05
85 0.0507627 0.0490358 7.21591e-05
86 0.0490428 0.0490359 7.13152e-05
87 0.0485739 0.0490306 7.06905e-05
88 0.0498478 0.0490399 7.04968e-05
89 0.0498971 0.0490495 7.03625e-05
90 0.0497965 0.0490578 7.00696e-05
91 0.0494707 0.0490624 6.94438e-05
92 0.0471493 0.0490416 7.17636e-05
93 0.0488366 0.0490394 7.1022e-05
94 0.0490603 0.0490396 7.02627e-05
95 0.0480704 0.0490294 7.02638e-05
96 0.0483288 0.0490221 6.99101e-05
97 0.0495453 0.0490275 6.93956e-05
98 0.0494784 0.0490321 6.88378e-05
99 0.049529 0.0490371 6.83235e-05
100 0.0491246 0.049038 6.76425e-05
