0 0.064633 0 0 0
1 0.129266 0 0 0
2 0.193899 0 0 0
3 0.258532 0 0 0
4 0.323165 0 0 0
5 0.387798 0 0 0
6 0.452431 0 0 0
7 0.517064 0 0 0
8 0.581697 0 0 0
9 0.64633 0 0 0
10 0.710963 0 0 0
11 0.775596 0 0 0
12 0.84023 0 0 0
13 0.904863 0.00155695 0.000788857 6.53479e-05
14 0.969496 0.113323 0.128469 0.00134815
15 1.03413 0.831124 0.928139 0.00790861
16 1.09876 1.59802 1.79563 0.0146681
17 1.16339 1.79874 2.01375 0.0156067
18 1.22803 1.68231 1.86152 0.0139762
19 1.29266 1.52443 1.64712 0.011841
20 1.35729 1.35844 1.45983 0.0102899
21 1.42193 1.22541 1.31656 0.00878728
22 1.48656 1.11317 1.21543 0.00790784
23 1.55119 1.06153 1.14233 0.00710786
24 1.61583 1.01853 1.08969 0.00655679
25 1.68046 0.972102 1.05061 0.00597243
26 1.74509 0.950614 1.02349 0.00566886
27 1.80973 0.93984 1.00601 0.00542616
28 1.87436 0.95058 0.993934 0.00521136
29 1.93899 0.935387 0.986846 0.00509523
30 2.00362 0.940802 0.982828 0.00512352
31 2.06826 0.951126 0.982465 0.00490459
32 2.13289 0.94436 0.983553 0.00495592
33 2.19752 0.954284 0.983139 0.00458267
34 2.26216 0.951561 0.983962 0.00472387
35 2.32679 0.945323 0.98145 0.00467882
36 2.39142 0.927716 0.977315 0.00456542
37 2.45606 0.955449 0.972791 0.00445463
38 2.52069 0.946549 0.968982 0.00408773
39 2.58532 0.943907 0.96517 0.0039794
40 2.64995 0.947484 0.961749 0.00406689
41 2.71459 0.950288 0.959948 0.0039614
42 2.77922 0.944914 0.957875 0.00369973
43 2.84385 0.943439 0.957136 0.00351559
44 2.90849 0.940495 0.955633 0.00342989
45 2.97312 0.937231 0.954384 0.00332845
46 3.03775 0.950822 0.954604 0.003301
47 3.10239 0.954572 0.954727 0.0032582
48 3.16702 0.954595 0.954806 0.00316674
49 3.23165 0.959817 0.953665 0.00305437
50 3.29629 0.9512 0.953874 0.00282734
51 3.36092 0.954003 0.953953 0.00287389
52 3.42555 0.944206 0.953724 0.00270701
53 3.49018 0.945247 0.953938 0.00270857
54 3.55482 0.945051 0.954902 0.00264573
55 3.61945 0.965221 0.9548 0.00260874
56 3.68408 0.955068 0.95489 0.00248195
57 3.74872 0.959951 0.955 0.00250728
58 3.81335 0.961271 0.955502 0.00240324
59 3.87798 0.965648 0.95487 0.00236455
60 3.94262 0.950158 0.955274 0.00243528
61 4.00725 0.941989 0.955662 0.00246984
62 4.07188 0.946312 0.955569 0.00237932
63 4.13651 0.953904 0.955371 0.0023119
64 4.20115 0.955812 0.954756 0.00221566
65 4.26578 0.951386 0.955939 0.002178
66 4.33041 0.945184 0.955406 0.00212272
67 4.39505 0.955208 0.956749 0.00209634
68 4.45968 0.947568 0.956496 0.00203942
69 4.52431 0.947068 0.95713 0.00200777
70 4.58895 0.953644 0.957669 0.00192735
71 4.65358 0.955025 0.95757 0.00196369
72 4.71821 0.954483 0.958407 0.00192362
73 4.78285 0.95452 0.958819 0.00174108
74 4.84748 0.954805 0.959192 0.00170086
75 4.91211 0.96718 0.959848 0.00174803
76 4.97674 0.968526 0.960431 0.00173605
77 5.04138 0.969064 0.960242 0.00181216
78 5.10601 0.961402 0.959062 0.00168603
79 5.17064 0.958165 0.959628 0.00170619
80 5.23528 0.958387 0.959962 0.00166882
81 5.29991 0.961051 0.960564 0.00151708
82 5.36454 0.957153 0.960722 0.001518
83 5.42918 0.953812 0.960756 0.00146387
84 5.49381 0.961936 0.960771 0.00155257
85 5.55844 0.958789 0.960307 0.00140832
86 5.62307 0.959583 0.961102 0.00151082
87 5.68771 0.960947 0.961751 0.00143773
88 5.75234 0.961418 0.962223 0.00138355
89 5.81697 0.966131 0.962852 0.00141796
90 5.88161 0.962235 0.962822 0.00138673
91 5.94624 0.956227 0.963071 0.00144438
92 6.01087 0.953457 0.963579 0.0013993
93 6.07551 0.956542 0.96323 0.00141197
94 6.14014 0.951277 0.963497 0.00140683
95 6.20477 0.95138 0.964244 0.00136811
96 6.2694 0.955436 0.964659 0.00133135
97 6.33404 0.956898 0.964473 0.00134534
98 6.39867 0.955606 0.964711 0.00136251
99 6.4633 0.959893 0.965814 0.00133269
