1 -0.397268 -0.397268 0
2 -0.428651 -0.41296 0.0156913
3 -0.423752 -0.416557 0.0097475
4 -0.430454 -0.420031 0.00771858
5 -0.427724 -0.42157 0.00617355
6 -0.387426 -0.415879 0.00760212
7 -0.432362 -0.418234 0.00684285
8 -0.413163 -0.4176 0.00595988
9 -0.44295 -0.420417 0.00596323
10 -0.429138 -0.421289 0.00540451
11 -0.422318 -0.421382 0.00488946
12 -0.41013 -0.420445 0.00456087
13 -0.397052 -0.418645 0.00456499
14 -0.398698 -0.41722 0.00446007
15 -0.38726 -0.415223 0.00460753
16 -0.390366 -0.413669 0.00458141
17 -0.391739 -0.412379 0.00449267
18 -0.39922 -0.411648 0.00429836
19 -0.441173 -0.413202 0.00435268
20 -0.389193 -0.412002 0.00430028
21 -0.37988 -0.410472 0.00436703
22 -0.382154 -0.409185 0.00435822
23 -0.435205 -0.410316 0.00431535
24 -0.401771 -0.40996 0.00414695
25 -0.412183 -0.410049 0.00397861
26 -0.432464 -0.410911 0.00391853
27 -0.432932 -0.411727 0.00385781
28 -0.465085 -0.413633 0.00417746
29 -0.445298 -0.414724 0.00417611
30 -0.412488 -0.41465 0.0040352
31 -0.373399 -0.413319 0.00412347
32 -0.411504 -0.413263 0.00399293
33 -0.39036 -0.412569 0.00393178
34 -0.403774 -0.41231 0.00382315
35 -0.392956 -0.411757 0.00375327
36 -0.355043 -0.410181 0.00397319
37 -0.389767 -0.40963 0.0039035
38 -0.432332 -0.410227 0.00384607
39 -0.391024 -0.409735 0.00377838
40 -0.419786 -0.409986 0.00369127
41 -0.455539 -0.411097 0.00376766
42 -0.422059 -0.411358 0.00368611
43 -0.39687 -0.411021 0.0036151
44 -0.364074 -0.409954 0.00368963
45 -0.408351 -0.409919 0.00360688
46 -0.456701 -0.410936 0.00367127
47 -0.434887 -0.411445 0.00362828
48 -0.427335 -0.411776 0.00356728
49 -0.413341 -0.411808 0.00349387
50 -0.424261 -0.412057 0.00343232
51 -0.392872 -0.411681 0.00338532
52 -0.386169 -0.41119 0.00335563
53 -0.395613 -0.410896 0.00330481
54 -0.412471 -0.410926 0.00324316
55 -0.432672 -0.411321 0.00320811
56 -0.410932 -0.411314 0.0031503
57 -0.460072 -0.412169 0.00321059
58 -0.426594 -0.412418 0.00316454
59 -0.439581 -0.412879 0.00314433
60 -0.377585 -0.41229 0.00314694
61 -0.386136 -0.411862 0.00312448
62 -0.408364 -0.411805 0.00307419
63 -0.416277 -0.411876 0.00302583
64 -0.415791 -0.411937 0.00297881
65 -0.404718 -0.411826 0.00293472
66 -0.441194 -0.412271 0.00292397
67 -0.418972 -0.412371 0.00288173
68 -0.438931 -0.412762 0.00286578
69 -0.392137 -0.412463 0.00283972
70 -0.455745 -0.413081 0.00286634
71 -0.409696 -0.413034 0.00282609
72 -0.453536 -0.413596 0.00284277
73 -0.40327 -0.413455 0.00280713
74 -0.412334 -0.413439 0.00276897
75 -0.396027 -0.413207 0.00274165
76 -0.399852 -0.413032 0.00271104
77 -0.407947 -0.412966 0.00267641
78 -0.419558 -0.41305 0.00264323
79 -0.408552 -0.412993 0.00261018
80 -0.40261 -0.412863 0.00258061
81 -0.471931 -0.413593 0.00265083
82 -0.414762 -0.413607 0.00261834
83 -0.461991 -0.41419 0.00265148
84 -0.434395 -0.41443 0.00263074
85 -0.372965 -0.413943 0.00264498
86 -0.387011 -0.413629 0.00263274
87 -0.358768 -0.412999 0.00267761
88 -0.391689 -0.412757 0.00265807
89 -0.394148 -0.412548 0.00263633
90 -0.380742 -0.412194 0.00263072
91 -0.396607 -0.412023 0.00260729
92 -0.462632 -0.412573 0.00263681
93 -0.415338 -0.412603 0.00260847
94 -0.397545 -0.412442 0.00258554
95 -0.433076 -0.41266 0.00256738
96 -0.394576 -0.412471 0.00254747
97 -0.381433 -0.412151 0.0025413
98 -0.389255 -0.411918 0.00252606
99 -0.360098 -0.411394 0.00255461
100 -0.379606 -0.411076 0.00254884
