0 0 0
1 1 0
2 1.4139 0.407047
3 1.72758 0.463668
4 1.99335 0.487829
5 2.22636 0.501469
6 2.43918 0.513838
7 2.62993 0.519761
8 2.81797 0.523545
9 2.99092 0.524957
10 3.15799 0.527714
11 3.31463 0.533965
12 3.46411 0.537302
13 3.59406 0.543053
14 3.72331 0.54053
15 3.85286 0.541691
16 3.97642 0.540388
17 4.10306 0.542964
18 4.22448 0.546538
19 4.34294 0.546773
20 4.46014 0.550729
21 4.56934 0.550796
22 4.67737 0.548169
23 4.77745 0.54553
24 4.87605 0.546078
25 4.96672 0.543673
26 5.06516 0.544446
27 5.16997 0.543876
28 5.26634 0.544223
29 5.36608 0.542969
30 5.4563 0.541566
31 5.54007 0.541582
32 5.63538 0.542928
33 5.72569 0.543251
34 5.82238 0.545454
35 5.90207 0.543531
36 5.98559 0.548411
37 6.05957 0.546106
38 6.14504 0.547406
39 6.22781 0.546196
40 6.30299 0.545288
41 6.3901 0.544042
42 6.47161 0.545087
43 6.54367 0.545285
44 6.62402 0.547655
45 6.70663 0.547809
46 6.77437 0.547745
47 6.84759 0.549036
48 6.91787 0.548605
49 6.99149 0.547881
50 7.07317 0.549014
51 7.14897 0.547785
52 7.2169 0.54835
53 7.28781 0.547199
54 7.35166 0.545593
55 7.42162 0.545243
56 7.4941 0.545327
57 7.57011 0.54718
58 7.63654 0.547925
59 7.69147 0.545553
60 7.74935 0.54479
61 7.82555 0.544214
62 7.88885 0.543554
63 7.96475 0.543336
64 8.02077 0.543381
65 8.08532 0.541191
66 8.14945 0.543034
67 8.20483 0.541569
68 8.26969 0.542638
69 8.32825 0.544942
70 8.38274 0.546373
71 8.44104 0.546667
72 8.49384 0.548604
73 8.54308 0.547076
74 8.59921 0.545783
75 8.66619 0.546322
76 8.71902 0.547478
77 8.77199 0.548743
78 8.82609 0.548852
79 8.89017 0.552489
80 8.9557 0.552148
81 9.02991 0.553267
82 9.09181 0.554566
83 9.13899 0.554046
84 9.19596 0.554971
85 9.25157 0.555468
86 9.3112 0.555987
87 9.35644 0.556095
88 9.41486 0.556589
89 9.46481 0.557699
90 9.52203 0.558302
91 9.57896 0.557419
92 9.62124 0.556946
93 9.6758 0.55793
94 9.73221 0.557019
95 9.7842 0.558303
96 9.83213 0.557347
97 9.8855 0.556805
98 9.92769 0.556748
99 9.97508 0.5575
