0 0 0
1 1 0.449072
2 1.41124 0.498767
3 1.72884 0.510409
4 1.99484 0.520325
5 2.23736 0.524078
6 2.44963 0.528618
7 2.64358 0.524738
8 2.82094 0.520021
9 2.98615 0.524794
10 3.15298 0.528865
11 3.31344 0.533831
12 3.4509 0.534979
13 3.59436 0.534987
14 3.73433 0.533914
15 3.86762 0.534551
16 4.00042 0.536218
17 4.12594 0.539503
18 4.24403 0.539216
19 4.35943 0.539019
20 4.47634 0.538711
21 4.58971 0.53913
22 4.69449 0.543557
23 4.80429 0.546222
24 4.90596 0.545256
25 5.00005 0.543015
26 5.10324 0.545422
27 5.1983 0.546192
28 5.28276 0.546958
29 5.36966 0.543063
30 5.44961 0.542209
31 5.54584 0.542122
32 5.63116 0.540524
33 5.72429 0.540662
34 5.80574 0.539861
35 5.89127 0.539881
36 5.98579 0.541702
37 6.07368 0.54261
38 6.15778 0.541432
39 6.23319 0.538966
40 6.30689 0.538471
41 6.37833 0.537892
42 6.45555 0.537616
43 6.53974 0.537439
44 6.6223 0.538937
45 6.70099 0.538793
46 6.76508 0.535274
47 6.83985 0.534705
48 6.90946 0.535079
49 6.98167 0.534386
50 7.03911 0.535377
51 7.11354 0.535314
52 7.18698 0.536143
53 7.25783 0.535734
54 7.31824 0.53555
55 7.39149 0.537817
56 7.45731 0.536991
57 7.52251 0.53768
58 7.58692 0.538949
59 7.64064 0.538866
60 7.71249 0.539459
61 7.78371 0.538896
62 7.84739 0.537309
63 7.90933 0.535584
64 7.97317 0.53581
65 8.02896 0.535146
66 8.10033 0.535021
67 8.15618 0.534469
68 8.21738 0.53603
69 8.26845 0.536115
70 8.32607 0.536861
71 8.39468 0.536304
72 8.44829 0.536416
73 8.50557 0.537935
74 8.56398 0.535476
75 8.62493 0.536732
76 8.68652 0.537032
77 8.73813 0.536326
78 8.79513 0.538003
79 8.84361 0.536428
80 8.89617 0.535274
81 8.94652 0.53543
82 9.00277 0.534807
83 9.05395 0.534635
84 9.11502 0.534535
85 9.1672 0.533459
86 9.22678 0.533103
87 9.28365 0.533751
88 9.32732 0.533702
89 9.37834 0.531755
90 9.43307 0.532036
91 9.49093 0.532228
92 9.54089 0.532705
93 9.60188 0.534234
94 9.65417 0.534378
95 9.70803 0.533935
96 9.75517 0.534887
97 9.80834 0.535666
98 9.86693 0.53616
99 9.91106 0.537255
