0.5 -0.979232 -0.973869 0.00139209
0.55 -0.957648 -0.956354 0.0011886
0.6 -0.935368 -0.937018 0.00106445
0.65 -0.916328 -0.913458 0.00126074
0.7 -0.88508 -0.891565 0.000755819
0.75 -0.87336 -0.870703 0.000806312
0.8 -0.848224 -0.848373 0.000820797
0.85 -0.829872 -0.825292 0.000693044
0.9 -0.804592 -0.803839 0.000517769
0.95 -0.784872 -0.783652 0.000618722
1 -0.759448 -0.761317 0.00062518
1.05 -0.738392 -0.740854 0.000604696
1.1 -0.71932 -0.720298 0.000474059
1.15 -0.70048 -0.700959 0.000471015
1.2 -0.681936 -0.681666 0.000515381
1.25 -0.661824 -0.664148 0.00038518
1.3 -0.646576 -0.646484 0.000379112
1.35 -0.629368 -0.62948 0.000522444
1.4 -0.61608 -0.613662 0.000549988
1.45 -0.599752 -0.598185 0.000490823
1.5 -0.581136 -0.582836 0.000420027
1.55 -0.56932 -0.567846 0.000482842
1.6 -0.555376 -0.554483 0.000324188
1.65 -0.541712 -0.541626 0.000346683
1.7 -0.531048 -0.52814 0.00045441
1.75 -0.51716 -0.517034 0.00028224
1.8 -0.502944 -0.504709 0.000378296
1.85 -0.49268 -0.493116 0.000456313
1.9 -0.481016 -0.482159 0.000411966
1.95 -0.469064 -0.471759 0.000329582
2 -0.461184 -0.462125 0.000377812
