0.5 84.0619 78.7734 1.33366
0.55 60.4021 60.3281 1.02749
0.6 44.063 45.6105 0.883362
0.65 32.051 31.8733 0.802099
0.7 19.8775 25.0635 0.412004
0.75 20.8559 19.2063 0.399059
0.8 15.2306 14.706 0.177347
0.85 13.1834 12.124 0.208148
0.9 10.7915 10.3733 0.125308
0.95 9.62358 8.74862 0.128422
1 7.26896 7.45064 0.12375
1.05 6.01796 6.21252 0.0834871
1.1 5.36296 5.58831 0.0502434
1.15 4.69288 4.88443 0.0580909
1.2 4.46172 4.4526 0.0311924
1.25 3.57427 3.96392 0.0406722
1.3 3.59757 3.56986 0.0290338
1.35 3.28916 3.27602 0.0335601
1.4 3.04381 2.98279 0.025443
1.45 2.7337 2.71967 0.0232417
1.5 2.40534 2.50211 0.0227529
1.55 2.34526 2.32079 0.0178436
1.6 2.20001 2.19465 0.0169765
1.65 2.03471 2.0221 0.00951466
1.7 1.96378 1.89984 0.0141117
1.75 1.70363 1.81767 0.0122468
1.8 1.69161 1.70487 0.0113402
1.85 1.60327 1.58736 0.00891318
1.9 1.52832 1.51092 0.00812051
1.95 1.36897 1.42031 0.00848473
2 1.41692 1.35813 0.00748703
