0.5 0.951968 0.907669 0.0169188
0.55 0.91296 0.811544 0.0198452
0.6 0.556296 0.665274 0.0218073
0.65 0.743552 0.589426 0.0267378
0.7 0.414304 0.402858 0.018685
0.75 0.389388 0.362877 0.0125838
0.8 0.25024 0.275704 0.00915006
0.85 0.261184 0.226976 0.00725543
0.9 0.244524 0.192511 0.00710735
0.95 0.170272 0.170504 0.00514425
1 0.162352 0.154369 0.0067545
1.05 0.110928 0.126093 0.00424923
1.1 0.101468 0.111978 0.0050099
1.15 0.10222 0.101744 0.00358212
1.2 0.078456 0.0853258 0.00382477
1.25 0.070876 0.0733696 0.00373373
1.3 0.071844 0.066572 0.00310272
1.35 0.074388 0.0675886 0.00258479
1.4 0.06896 0.0585754 0.00223475
1.45 0.065384 0.0506572 0.00235427
1.5 0.031556 0.0496 0.00268729
1.55 0.051408 0.0517878 0.00189205
1.6 0.030628 0.0413082 0.00217773
1.65 0.036356 0.0417428 0.00133756
1.7 0.044708 0.0364202 0.00210169
1.75 0.031296 0.035793 0.00182365
1.8 0.045444 0.0362008 0.00122909
1.85 0.028804 0.0321278 0.00163883
1.9 0.036844 0.0287474 0.00177389
1.95 0.0399 0.0323552 0.00192077
2 0.02112 0.0275986 0.00160112
