0.5 0.28033 0.325888 0.0125731
0.55 0.363621 0.387362 0.00345112
0.6 0.377776 0.422737 0.00597184
0.65 0.375361 0.408975 0.00521339
0.7 0.395081 0.436393 0.00518794
0.75 0.456312 0.440544 0.00522072
0.8 0.435316 0.432297 0.00372489
0.85 0.449361 0.43884 0.00411027
0.9 0.439666 0.436215 0.00294046
0.95 0.426776 0.427019 0.0024605
1 0.425425 0.418658 0.00231154
1.05 0.419859 0.407626 0.00220843
1.1 0.397468 0.398147 0.00190482
1.15 0.388419 0.38207 0.00111711
1.2 0.366537 0.373219 0.00142808
1.25 0.356717 0.357222 0.00159381
1.3 0.356553 0.346509 0.00218413
1.35 0.338408 0.333205 0.00163087
1.4 0.324277 0.317999 0.00134448
1.45 0.29729 0.30464 0.00120996
1.5 0.299577 0.293208 0.00118702
1.55 0.283522 0.281311 0.00124606
1.6 0.270482 0.271808 0.000954571
1.65 0.263093 0.25888 0.000984986
1.7 0.247743 0.250213 0.000918546
1.75 0.239871 0.241414 0.000785296
1.8 0.231619 0.229111 0.000863977
1.85 0.221394 0.221293 0.000692211
1.9 0.215405 0.212547 0.000696177
1.95 0.202302 0.203587 0.000850472
2 0.195894 0.195956 0.000645344
