-6.79309
-6.61538
-6.47599
-6.36345
-6.3557
-6.25274
-6.18165
-6.11267
-6.01244
-5.94798
-5.98178
-5.96517
-6.05038
-6.05712
-5.98382
-5.95031
-5.86667
-5.86843
-5.78481
-5.78908
-5.63332
-5.72192
-5.73306
-5.85683
-5.88267
-5.97882
-5.87906
-5.89228
-5.89301
-5.92524
-5.88795
-5.85733
-5.87373
-5.87516
-5.84576
-5.86058
-5.7991
-5.75654
-5.71874
-5.77476
-5.78445
-5.79447
-5.73244
-5.77823
-5.78421
-5.78339
-5.81018
-5.82946
-5.85189
-5.89022
-5.84705
-5.83081
-5.83377
-5.79895
-5.7952
-5.76862
-5.84897
-5.88558
-5.92878
-5.91463
-5.85883
-5.8518
-5.70521
-5.69951
-5.7389
-5.72942
-5.80639
-5.77232
-5.76243
-5.76355
-5.66439
-5.67039
-5.61754
-5.66287
-5.66868
-5.66891
-5.675
-5.75369
-5.82726
-5.82404
-5.82221
-5.80529
-5.81378
-5.87482
-5.79019
-5.68776
-5.78071
-5.81507
-5.82254
-5.76088
-5.76212
-5.63969
-5.63567
-5.71137
-5.77144
-5.77816
-5.7777
-5.66497
-5.74433
-5.65614
-5.68096
-5.60078
-5.5856
-5.61199
-5.685
-5.68164
-5.65896
-5.6387
-5.61734
-5.66216
-5.6563
-5.66132
-5.71201
-5.69164
-5.63627
-5.70115
-5.80871
-5.81084
-5.75899
-5.73572
-5.77557
-5.66959
-5.63357
-5.59562
-5.58605
-5.51814
-5.57253
-5.66447
-5.56802
-5.55554
-5.62921
-5.60573
-5.5427
-5.56224
-5.69924
-5.66911
-5.70177
-5.70461
-5.6598
-5.67099
-5.64134
-5.64454
-5.6649
-5.66262
-5.68675
-5.6706
-5.66699
-5.63655
-5.67473
-5.68143
-5.70462
-5.6635
-5.66904
-5.59401
-5.49442
-5.51133
-5.56242
-5.61847
-5.61728
-5.5429
-5.46391
-5.63013
-5.64539
-5.62354
-5.67529
-5.64149
-5.61128
-5.5681
-5.55727
-5.58786
-5.52227
-5.65064
-5.61095
-5.66832
-5.6001
-5.60887
-5.58434
-5.60862
-5.57976
-5.59594
-5.5128
-5.46173
-5.45403
-5.38158
-5.34059
-5.50499
-5.37696
-5.34145
-5.42433
-5.50584
-5.47322
-5.46209
-5.47858
-5.54003
-5.59029
-5.43341
-5.44403
-5.35961
-5.48769
-5.51378
-5.48579
-5.56358
-5.54494
-5.55876
-5.52674
-5.57171
-5.60436
-5.62391
-5.58595
-5.57201
-5.54724
-5.63662
-5.58569
-5.5304
-5.44464
-5.4482
-5.46426
-5.49294
-5.45177
-5.51391
-5.61624
-5.57765
-5.62898
-5.58948
-5.59869
-5.58319
-5.53486
-5.56046
-5.43088
-5.43676
-5.43391
-5.44134
-5.35935
-5.36181
-5.34075
-5.31874
-5.42943
-5.38985
-5.24361
-5.14696
-5.15378
-5.22035
-5.351
-5.48206
-5.49575
-5.42979
-5.41269
-5.54373
-5.65098
-5.54191
-5.57691
-5.44735
-5.43533
-5.40684
-5.48375
-5.56853
-5.56465
-5.50324
-5.42796
-5.53096
-5.63063
-5.60037
-5.64633
-5.57581
-5.43997
-5.50593
-5.42651
-5.48492
-5.42959
-5.4881
-5.50172
-5.48936
-5.48256
-5.41753
-5.46303
-5.47952
-5.47549
-5.48264
-5.45981
-5.39052
-5.42898
-5.4635
-5.4089
-5.3915
-5.53955
-5.5941
-5.60424
-5.57164
-5.4932
-5.52357
-5.62153
-5.51253
-5.55141
-5.43439
-5.47734
-5.45274
-5.53507
-5.48745
-5.50418
-5.51772
-5.54713
-5.46264
-5.49507
-5.57516
-5.45599
-5.50084
-5.62079
-5.56719
-5.48921
-5.4412
-5.40027
-5.35657
-5.40454
-5.52938
-5.48125
-5.46384
-5.53608
-5.57275
-5.60797
-5.61002
-5.56821
-5.42028
-5.47897
-5.32803
-5.37977
-5.41676
-5.40923
-5.39758
-5.45333
-5.46629
-5.43307
-5.47649
-5.56097
-5.50917
-5.45418
-5.46722
-5.46108
-5.48506
-5.42788
-5.48142
-5.55314
-5.64831
-5.5247
-5.54824
-5.4735
-5.55153
-5.54876
-5.48085
-5.42962
-5.45769
-5.54288
-5.57047
-5.53636
-5.54883
-5.43083
-5.37884
-5.35901
-5.31343
-5.36209
-5.33369
-5.30415
-5.38339
-5.39875
-5.35081
-5.23338
-5.3227
-5.38048
-5.30965
-5.40649
-5.39617
-5.3571
-5.37231
-5.30723
-5.36845
-5.48199
-5.44054
-5.52536
-5.54996
-5.54421
-5.42975
-5.45252
-5.4112
-5.3801
-5.42786
-5.41457
-5.47455
-5.56361
-5.58504
-5.43237
-5.50993
-5.49404
-5.45752
-5.39391
-5.39807
-5.47748
-5.42339
-5.54368
-5.52154
-5.58288
-5.62113
-5.60577
-5.5689
-5.49674
-5.55209
-5.62783
-5.6184
-5.61233
-5.65738
-5.59138
-5.60606
-5.63219
-5.61696
-5.57393
-5.43716
-5.44259
-5.39331
-5.46717
-5.25386
-5.33684
-5.31111
-5.38806
-5.48724
-5.5063
-5.45775
-5.47325
-5.41707
-5.3346
-5.29707
-5.2464
-5.2495
-5.30668
-5.39621
-5.33639
-5.31473
-5.2944
-5.35707
-5.36684
-5.31384
-5.33395
-5.35423
-5.3699
-5.45243
-5.52539
-5.65269
-5.6218
-5.52015
-5.58546
-5.45707
-5.55745
-5.48631
-5.45585
-5.41389
-5.47968
-5.47934
-5.51447
-5.52065
-5.53093
-5.49113
-5.41657
-5.53289
-5.57285
-5.57971
-5.55467
-5.54829
-5.51757
-5.59914
-5.56908
-5.63024
-5.58826
-5.63759
-5.63186
-5.52096
-5.61359
-5.55488
-5.5367
-5.50553
-5.49423
-5.45201
-5.49271
-5.57777
-5.51485
-5.49693
-5.47623
-5.48438
-5.44133
-5.42813
-5.42123
-5.4648
-5.54276
-5.47948
-5.50132
-5.63297
-5.55344
-5.62789
-5.64051
-5.62963
-5.64132
-5.63683
-5.56668
-5.6147
-5.52312
