1 -7.5546 -7.5546 0
2 -7.54129 -7.54794 0.006656
3 -7.54408 -7.54666 0.00405282
4 -7.56173 -7.55042 0.00473364
5 -7.54777 -7.54989 0.00370491
6 -7.54457 -7.54901 0.00315268
7 -7.54987 -7.54913 0.00266737
8 -7.57831 -7.55278 0.00431774
9 -7.5315 -7.55041 0.00448204
10 -7.56571 -7.55194 0.00429069
11 -7.54242 -7.55108 0.00397644
12 -7.52305 -7.54874 0.00431648
13 -7.55656 -7.54934 0.00401592
14 -7.54951 -7.54935 0.00371803
15 -7.55456 -7.5497 0.00347865
16 -7.54413 -7.54935 0.00327254
17 -7.54616 -7.54917 0.00307975
18 -7.55135 -7.54929 0.00290616
19 -7.55114 -7.54938 0.00275069
20 -7.5428 -7.54906 0.00263023
21 -7.56639 -7.54988 0.0026345
22 -7.56278 -7.55047 0.00257937
23 -7.56862 -7.55126 0.00258797
24 -7.54085 -7.55082 0.00251544
25 -7.54884 -7.55074 0.00241403
26 -7.54091 -7.55037 0.00234993
27 -7.55482 -7.55053 0.00226724
28 -7.53737 -7.55006 0.00223475
29 -7.55201 -7.55013 0.00215736
30 -7.55254 -7.55021 0.00208576
31 -7.55486 -7.55036 0.00202292
32 -7.56722 -7.55088 0.00202832
33 -7.54845 -7.55081 0.00196728
34 -7.54507 -7.55064 0.00191599
35 -7.5527 -7.5507 0.00186138
36 -7.53842 -7.55036 0.00184082
37 -7.54151 -7.55012 0.00180629
38 -7.55174 -7.55016 0.00175863
39 -7.54001 -7.5499 0.00173263
40 -7.54133 -7.54969 0.00170232
41 -7.55261 -7.54976 0.00166181
42 -7.54221 -7.54958 0.00163168
43 -7.5371 -7.54929 0.0016195
44 -7.55499 -7.54942 0.00158756
45 -7.55565 -7.54956 0.00155804
46 -7.54404 -7.54944 0.00152852
47 -7.54592 -7.54936 0.00149751
48 -7.52953 -7.54895 0.00152312
49 -7.55138 -7.549 0.00149254
50 -7.55535 -7.54913 0.00146788
51 -7.5361 -7.54887 0.00146132
52 -7.52546 -7.54842 0.00150203
53 -7.54529 -7.54836 0.0014746
54 -7.52538 -7.54794 0.00150834
55 -7.55502 -7.54806 0.00148626
56 -7.53469 -7.54783 0.00147889
57 -7.55431 -7.54794 0.00145716
58 -7.56547 -7.54824 0.00146338
59 -7.54428 -7.54818 0.00143994
60 -7.56681 -7.54849 0.00144938
61 -7.52998 -7.54818 0.00145736
62 -7.54828 -7.54818 0.00143366
63 -7.55048 -7.54822 0.00141119
64 -7.55278 -7.54829 0.00139079
65 -7.53597 -7.5481 0.00138229
66 -7.54718 -7.54809 0.00136125
67 -7.55906 -7.54825 0.00135074
68 -7.53174 -7.54801 0.0013527
69 -7.55711 -7.54814 0.00133947
70 -7.55049 -7.54817 0.00132062
71 -7.54189 -7.54809 0.00130489
72 -7.54472 -7.54804 0.00128749
73 -7.54791 -7.54804 0.00126973
74 -7.52877 -7.54778 0.00127924
75 -7.54926 -7.5478 0.00126222
76 -7.54811 -7.5478 0.00124551
77 -7.55464 -7.54789 0.00123243
78 -7.53866 -7.54777 0.00122227
79 -7.53469 -7.54761 0.00121801
80 -7.52318 -7.5473 0.00124083
81 -7.54146 -7.54723 0.00122753
82 -7.55194 -7.54729 0.00121383
83 -7.54431 -7.54725 0.00119965
84 -7.54132 -7.54718 0.00118738
85 -7.54611 -7.54717 0.0011734
86 -7.52347 -7.54689 0.00119196
87 -7.54016 -7.54681 0.00118072
88 -7.55422 -7.5469 0.00117025
89 -7.53566 -7.54677 0.00116389
90 -7.5485 -7.54679 0.00115105
91 -7.53872 -7.5467 0.00114178
92 -7.55053 -7.54674 0.00113007
93 -7.5199 -7.54646 0.00115451
94 -7.54181 -7.54641 0.00114323
95 -7.55149 -7.54646 0.0011324
96 -7.55038 -7.5465 0.00112129
97 -7.55662 -7.5466 0.00111456
98 -7.56166 -7.54676 0.00111378
99 -7.55156 -7.54681 0.00110354
100 -7.53712 -7.54671 0.00109673
