0 0.0230664 0 0 0
1 0.0461329 0 0 0
2 0.0691993 0 0 0
3 0.0922657 0 0 0
4 0.115332 0 0 0
5 0.138399 0 0 0
6 0.161465 0 0 0
7 0.184531 0 0 0
8 0.207598 0 0 0
9 0.230664 0 0 0
10 0.253731 0 0 0
11 0.276797 0 0 0
12 0.299864 0 0 0
13 0.32293 0 0 0
14 0.345996 0 0 0
15 0.369063 0 0 0
16 0.392129 0 0 0
17 0.415196 0 0 0
18 0.438262 0 0 0
19 0.461329 0 0 0
20 0.484395 0 0 0
21 0.507461 0 0 0
22 0.530528 0 0 0
23 0.553594 0 0 0
24 0.576661 0 0 0
25 0.599727 0 0 0
26 0.622794 0 0 0
27 0.64586 0 0 0
28 0.668926 0 0 0
29 0.691993 0 0 0
30 0.715059 0 0 0
31 0.738126 0 0 0
32 0.761192 0 0 0
33 0.784259 0 0 0
34 0.807325 0 0 0
35 0.830391 0 0 0
36 0.853458 0 0 0
37 0.876524 0 0 0
38 0.899591 0.000279837 8.18523e-05 1.38518e-05
39 0.922657 0.00352701 0.00330208 7.23865e-05
40 0.945724 0.0483582 0.0452627 0.000294424
41 0.96879 0.292973 0.279776 0.000971422
42 0.991856 0.961556 0.960588 0.00176953
43 1.01492 2.14088 2.13856 0.00202879
44 1.03799 3.48548 3.46894 0.00231829
45 1.06106 4.44306 4.42496 0.00213116
46 1.08412 4.65786 4.69099 0.00304931
47 1.10719 4.2789 4.30851 0.00335235
48 1.13026 3.50725 3.51249 0.00257517
49 1.15332 2.56744 2.58914 0.00189112
50 1.17639 1.73695 1.74565 0.00125821
51 1.19945 1.09364 1.08939 0.00107824
52 1.22252 0.636577 0.629129 0.00121062
53 1.24559 0.348941 0.340332 0.000950559
54 1.26865 0.186579 0.173348 0.000765788
55 1.29172 0.0917776 0.0854171 0.000589275
56 1.31479 0.053716 0.047136 0.000385813
57 1.33785 0.0450376 0.0403259 0.00036645
58 1.36092 0.0612964 0.058444 0.00046004
59 1.38399 0.108702 0.102129 0.00053925
60 1.40705 0.18208 0.177923 0.000609359
61 1.43012 0.289643 0.291158 0.000644461
62 1.45319 0.438525 0.439296 0.000601443
63 1.47625 0.606602 0.609097 0.000599723
64 1.49932 0.779681 0.773365 0.000759877
65 1.52238 0.891503 0.894374 0.00108263
66 1.54545 0.927071 0.942362 0.00129895
67 1.56852 0.897806 0.902917 0.00124672
68 1.59158 0.772472 0.785291 0.000985821
69 1.61465 0.614746 0.623074 0.00054742
70 1.63772 0.442205 0.452097 0.000621342
71 1.66078 0.312132 0.30799 0.000631573
72 1.68385 0.228631 0.213519 0.000754981
73 1.70692 0.194961 0.186429 0.000825836
74 1.72998 0.260513 0.247985 0.00100342
75 1.75305 0.438256 0.422722 0.00119437
76 1.77612 0.752245 0.729895 0.00130464
77 1.79918 1.16955 1.16637 0.00110024
78 1.82225 1.68983 1.68405 0.000795972
79 1.84531 2.15256 2.17938 0.00130222
80 1.86838 2.51903 2.53435 0.00189278
81 1.89145 2.63242 2.65018 0.00241184
82 1.91451 2.49567 2.49813 0.00218553
83 1.93758 2.10228 2.13047 0.0015729
84 1.96065 1.64146 1.65097 0.000908627
85 1.98371 1.17258 1.17281 0.000871164
86 2.00678 0.797761 0.783047 0.00109698
87 2.02985 0.54225 0.52984 0.00126016
88 2.05291 0.437725 0.423918 0.00119287
89 2.07598 0.45684 0.450214 0.00103355
90 2.09905 0.579337 0.57408 0.000843341
91 2.12211 0.743829 0.741944 0.000508987
92 2.14518 0.890064 0.896997 0.000611066
93 2.16824 0.991373 0.993805 0.000824246
94 2.19131 1.00184 1.0017 0.000922439
95 2.21438 0.902575 0.900317 0.000770045
96 2.23744 0.759602 0.764521 0.000472261
97 2.26051 0.644282 0.640682 0.000714582
98 2.28358 0.565296 0.559664 0.00102851
99 2.30664 0.572108 0.561577 0.00125673
