1 7.54604 7.54604 0
2 7.62178 7.58391 0.0378701
3 7.6084 7.59208 0.0233387
4 7.51407 7.57257 0.0255479
5 7.58014 7.57409 0.0198471
6 7.60686 7.57955 0.0171009
7 7.57213 7.57849 0.0144918
8 7.41806 7.55844 0.0236576
9 7.67186 7.57104 0.0243751
10 7.48464 7.5624 0.0234515
11 7.6189 7.56754 0.0218257
12 7.72571 7.58072 0.0238897
13 7.53642 7.57731 0.022238
14 7.57793 7.57735 0.0205884
15 7.55526 7.57588 0.0192233
16 7.60365 7.57762 0.0180653
17 7.59414 7.57859 0.0169972
18 7.56146 7.57764 0.0160534
19 7.56324 7.57688 0.0152039
20 7.6133 7.5787 0.0145382
21 7.48532 7.57425 0.0145259
22 7.50702 7.5712 0.0141831
23 7.46968 7.56678 0.0142531
24 7.62458 7.56919 0.0138572
25 7.58373 7.56977 0.013304
26 7.62493 7.57189 0.0129569
27 7.55089 7.57112 0.0124921
28 7.6446 7.57374 0.0123204
29 7.56519 7.57345 0.0118917
30 7.55997 7.573 0.0114972
31 7.5446 7.57208 0.0111578
32 7.47837 7.56915 0.0111934
33 7.58182 7.56954 0.0108557
34 7.60242 7.5705 0.0105759
35 7.56744 7.57042 0.0102696
36 7.63448 7.5722 0.0101377
37 7.62484 7.57362 0.00996202
38 7.56943 7.57351 0.00969695
39 7.62853 7.57492 0.00954982
40 7.62241 7.57611 0.00938342
41 7.56285 7.57578 0.0091574
42 7.62318 7.57691 0.00900767
43 7.64571 7.57851 0.00894004
44 7.54823 7.57782 0.00876157
45 7.53918 7.57696 0.00860759
46 7.61141 7.57771 0.00845163
47 7.60231 7.57824 0.00828639
48 7.68459 7.58045 0.00840907
49 7.56315 7.5801 0.00824324
50 7.54578 7.57941 0.0081058
51 7.65155 7.58083 0.0080702
52 7.71121 7.58333 0.00830123
53 7.59983 7.58365 0.00814904
54 7.71165 7.58602 0.00834066
55 7.54885 7.58534 0.00821545
56 7.66072 7.58669 0.00817895
57 7.54757 7.586 0.00806343
58 7.48906 7.58433 0.00809755
59 7.60487 7.58468 0.00796673
60 7.4835 7.58299 0.00801228
61 7.68361 7.58464 0.00805062
62 7.59143 7.58475 0.00792046
63 7.56861 7.58449 0.00779794
64 7.56143 7.58413 0.00768358
65 7.65817 7.58527 0.00764973
66 7.58961 7.58534 0.00753322
67 7.52627 7.58446 0.00747213
68 7.67186 7.58574 0.0074728
69 7.54052 7.58509 0.00739281
70 7.57457 7.58494 0.00728798
71 7.61799 7.5854 0.00719967
72 7.60714 7.5857 0.00710539
73 7.58299 7.58567 0.00700747
74 7.69404 7.58713 0.00706557
75 7.58302 7.58708 0.00697094
76 7.58661 7.58707 0.00687861
77 7.55027 7.58659 0.00680549
78 7.63586 7.58722 0.00674731
79 7.65585 7.58809 0.00671776
80 7.72318 7.58978 0.00684481
81 7.62238 7.59018 0.00677174
82 7.5653 7.58988 0.00669553
83 7.61025 7.59013 0.00661892
84 7.62639 7.59056 0.00655388
85 7.59502 7.59061 0.00647653
86 7.71486 7.59205 0.00656181
87 7.62955 7.59249 0.00650025
88 7.54977 7.592 0.00644426
89 7.65723 7.59273 0.00641347
90 7.5833 7.59263 0.00634267
91 7.63265 7.59307 0.00628798
92 7.57103 7.59283 0.00622387
93 7.73556 7.59436 0.00634501
94 7.62134 7.59465 0.0062837
95 7.55988 7.59428 0.00622797
96 7.57121 7.59404 0.00616743
97 7.53605 7.59345 0.00613274
98 7.51247 7.59262 0.00612581
99 7.5671 7.59236 0.0060691
100 7.64548 7.59289 0.00603153
