1 0.368669 0.368669 0
2 0.343927 0.356298 0.0123709
3 0.307666 0.340087 0.0177143
4 0.348336 0.34215 0.0126945
5 0.341277 0.341975 0.00983466
6 0.300831 0.335118 0.0105595
7 0.361121 0.338832 0.00966667
8 0.339615 0.33893 0.00837215
9 0.364403 0.341761 0.00790744
10 0.309812 0.338566 0.00776075
11 0.329958 0.337783 0.00706334
12 0.32578 0.336783 0.00652504
13 0.349121 0.337732 0.00607674
14 0.321165 0.336549 0.00574907
15 0.336246 0.336529 0.00535213
16 0.376886 0.339051 0.00560596
17 0.340549 0.339139 0.00526662
18 0.332754 0.338784 0.00497807
19 0.344086 0.339063 0.00471705
20 0.322626 0.338241 0.00454983
21 0.34567 0.338595 0.00434218
22 0.342585 0.338777 0.00414408
23 0.323113 0.338095 0.00401794
24 0.376811 0.339709 0.00417142
25 0.356972 0.340399 0.00406024
26 0.349243 0.340739 0.00391576
27 0.345295 0.340908 0.00377171
28 0.308869 0.339764 0.00381038
29 0.382419 0.341235 0.00395994
30 0.392945 0.342958 0.00419604
31 0.319613 0.342205 0.00412771
32 0.327948 0.34176 0.0040214
33 0.32578 0.341275 0.0039276
34 0.357505 0.341753 0.00384011
35 0.373202 0.342651 0.00383552
36 0.285918 0.341075 0.0040469
37 0.348759 0.341283 0.00394148
38 0.339266 0.34123 0.00383672
39 0.340298 0.341206 0.00373713
40 0.330987 0.340951 0.00365145
41 0.315039 0.340319 0.00361692
42 0.333574 0.340158 0.0035334
43 0.308939 0.339432 0.00352581
44 0.353839 0.339759 0.00346028
45 0.34968 0.33998 0.00338968
46 0.347869 0.340151 0.00331961
47 0.320845 0.339741 0.00327408
48 0.340789 0.339763 0.00320522
49 0.353189 0.340037 0.00315106
50 0.345798 0.340152 0.00308955
51 0.343089 0.340209 0.00302891
52 0.354762 0.340489 0.00298325
53 0.33177 0.340325 0.00293104
54 0.306391 0.339696 0.0029441
55 0.332186 0.33956 0.00289329
56 0.39142 0.340486 0.00298828
57 0.317633 0.340085 0.00296263
58 0.347445 0.340212 0.00291387
59 0.299603 0.339523 0.0029456
60 0.343203 0.339585 0.00289674
61 0.340341 0.339597 0.00284888
62 0.354476 0.339837 0.00281281
63 0.301062 0.339222 0.00283541
64 0.339927 0.339233 0.00279078
65 0.362937 0.339597 0.00277161
66 0.37514 0.340136 0.00278191
67 0.341404 0.340155 0.00274014
68 0.350002 0.3403 0.00270342
69 0.324093 0.340065 0.00267429
70 0.374597 0.340558 0.00268158
71 0.335482 0.340487 0.00264451
72 0.395976 0.341257 0.00271903
73 0.322312 0.340998 0.00269405
74 0.401727 0.341818 0.00278123
75 0.356772 0.342018 0.00275113
76 0.302738 0.341501 0.00276345
77 0.364819 0.341804 0.00274409
78 0.313053 0.341435 0.00273364
79 0.359846 0.341668 0.00270886
80 0.359489 0.341891 0.00268405
81 0.313953 0.341546 0.00267305
82 0.30413 0.34109 0.00267939
83 0.360901 0.341329 0.00265765
84 0.315755 0.341024 0.00264341
85 0.334992 0.340953 0.00261309
86 0.343363 0.340981 0.00258268
87 0.36164 0.341219 0.00256384
88 0.393206 0.341809 0.00260248
89 0.33947 0.341783 0.0025732
90 0.349417 0.341868 0.00254586
91 0.350065 0.341958 0.00251934
92 0.333073 0.341861 0.00249368
93 0.378354 0.342254 0.00249773
94 0.317537 0.341991 0.00248497
95 0.346973 0.342043 0.00245923
96 0.364517 0.342277 0.00244472
97 0.334018 0.342192 0.00242088
98 0.323138 0.341998 0.00240392
99 0.406632 0.342651 0.00246746
100 0.328279 0.342507 0.00244688
101 0.35568 0.342637 0.00242604
102 0.336964 0.342582 0.00240278
103 0.347729 0.342632 0.00237987
104 0.290304 0.342129 0.00240998
105 0.334179 0.342053 0.00238812
106 0.358796 0.342211 0.00237075
107 0.393524 0.34269 0.00239695
108 0.335844 0.342627 0.0023755
109 0.36829 0.342862 0.00236535
110 0.333101 0.342774 0.00234543
111 0.341169 0.342759 0.00232425
112 0.32337 0.342586 0.0023099
113 0.362792 0.342765 0.00229634
114 0.350283 0.342831 0.00227706
115 0.365154 0.343025 0.00226551
116 0.286872 0.342541 0.00229747
117 0.369637 0.342773 0.00228949
118 0.346587 0.342805 0.00227024
119 0.328843 0.342688 0.00225413
120 0.339507 0.342661 0.00223543
121 0.362898 0.342828 0.00222318
122 0.350078 0.342888 0.00220568
123 0.384965 0.34323 0.00221426
124 0.362826 0.343388 0.00220201
125 0.369889 0.3436 0.00219458
126 0.309491 0.343329 0.00219386
127 0.360641 0.343465 0.00218078
128 0.335115 0.3434 0.00216466
129 0.367798 0.343589 0.00215613
130 0.316383 0.34338 0.00214969
131 0.285989 0.342942 0.00217774
132 0.397131 0.343352 0.00219982
133 0.323616 0.343204 0.00218826
134 0.312418 0.342974 0.00218398
135 0.398797 0.343388 0.00220683
136 0.347984 0.343422 0.0021908
137 0.363995 0.343572 0.00217993
138 0.320048 0.343401 0.00217078
139 0.35737 0.343502 0.00215745
140 0.37706 0.343742 0.00215535
141 0.342557 0.343733 0.00214003
142 0.34102 0.343714 0.00212499
143 0.328846 0.34361 0.00211264
144 0.319179 0.34344 0.00210477
145 0.314087 0.343238 0.00209998
146 0.334427 0.343178 0.00208642
147 0.306583 0.342929 0.00208708
148 0.357907 0.34303 0.0020754
149 0.346606 0.343054 0.00206156
150 0.331978 0.34298 0.0020491
151 0.410066 0.343424 0.00208341
152 0.35923 0.343528 0.00207227
153 0.355525 0.343607 0.00206017
154 0.348827 0.343641 0.00204703
155 0.352522 0.343698 0.00203459
156 0.344587 0.343704 0.00202151
157 0.344723 0.34371 0.0020086
158 0.346561 0.343728 0.00199593
159 0.359777 0.343829 0.00198591
160 0.318683 0.343672 0.0019797
161 0.33384 0.343611 0.00196832
162 0.334286 0.343553 0.00195697
163 0.329401 0.343466 0.00194687
164 0.356916 0.343548 0.0019367
165 0.3593 0.343644 0.00192729
166 0.360548 0.343746 0.00191835
167 0.346297 0.343761 0.00190689
168 0.41477 0.344184 0.00194206
169 0.353865 0.344241 0.00193138
170 0.339195 0.344211 0.00192022
171 0.332942 0.344145 0.00191009
172 0.371661 0.344305 0.00190568
173 0.339892 0.34428 0.00189481
174 0.302515 0.34404 0.00189911
175 0.32972 0.343958 0.00189
176 0.364107 0.344072 0.00188272
177 0.393538 0.344352 0.00189279
178 0.351563 0.344392 0.00188257
179 0.304227 0.344168 0.00188542
180 0.332446 0.344103 0.00187605
181 0.352018 0.344147 0.00186617
182 0.342807 0.344139 0.0018559
183 0.353449 0.34419 0.00184643
184 0.3415 0.344176 0.00183643
185 0.318057 0.344034 0.00183192
186 0.354062 0.344088 0.00182284
187 0.304514 0.343877 0.00182538
188 0.353323 0.343927 0.00181634
189 0.352708 0.343973 0.0018073
190 0.366683 0.344093 0.00180173
191 0.33958 0.344069 0.00179243
192 0.355039 0.344126 0.00178398
193 0.324046 0.344022 0.00177776
194 0.307169 0.343832 0.00177875
195 0.325682 0.343739 0.00177205
196 0.315224 0.343594 0.00176898
197 0.321386 0.343481 0.00176358
198 0.357443 0.343552 0.00175607
199 0.313652 0.343401 0.00175367
200 0.333216 0.34335 0.00174562
