1 -0.672709 -0.672709 0
2 -0.719901 -0.696305 0.0235961
3 -0.738234 -0.710281 0.0195174
4 -0.73823 -0.717269 0.0154689
5 -0.736487 -0.721112 0.0125836
6 -0.645194 -0.708459 0.0162993
7 -0.812948 -0.723386 0.020312
8 -0.773661 -0.729671 0.0186795
9 -0.740226 -0.730843 0.0165155
10 -0.716809 -0.72944 0.0148384
11 -0.747718 -0.731102 0.0135243
12 -0.635756 -0.723156 0.0146817
13 -0.741522 -0.724569 0.0135789
14 -0.611383 -0.716484 0.0149469
15 -0.758216 -0.719266 0.0141902
16 -0.731746 -0.720046 0.0132966
17 -0.719951 -0.720041 0.01249
18 -0.662744 -0.716857 0.0121983
19 -0.731157 -0.71761 0.011563
20 -0.759901 -0.719725 0.0111715
21 -0.788104 -0.722981 0.0111139
22 -0.758841 -0.724611 0.0107214
23 -0.690671 -0.723135 0.0103504
24 -0.767619 -0.724989 0.0100816
25 -0.789874 -0.727584 0.0100121
26 -0.707176 -0.726799 0.00965132
27 -0.734749 -0.727094 0.00929166
28 -0.718823 -0.726798 0.00895854
29 -0.815174 -0.729846 0.00916556
30 -0.812029 -0.732585 0.00926885
31 -0.726694 -0.732395 0.00896688
32 -0.756158 -0.733138 0.00871384
33 -0.751509 -0.733694 0.00846399
34 -0.760962 -0.734496 0.00825035
35 -0.822625 -0.737014 0.00839754
36 -0.700997 -0.736014 0.00822205
37 -0.76731 -0.73686 0.00804135
38 -0.753102 -0.737287 0.00783854
39 -0.695525 -0.736216 0.00770963
40 -0.682358 -0.73487 0.0076341
41 -0.760981 -0.735507 0.00747276
42 -0.736715 -0.735535 0.00729272
43 -0.70999 -0.734941 0.00714584
44 -0.737321 -0.734995 0.00698176
45 -0.711558 -0.734475 0.00684469
46 -0.758223 -0.734991 0.00671411
47 -0.743641 -0.735175 0.00657229
48 -0.628929 -0.732962 0.00680401
49 -0.759713 -0.733507 0.00668603
50 -0.770266 -0.734243 0.00659207
51 -0.629549 -0.73219 0.00677977
52 -0.772944 -0.732974 0.00669415
53 -0.699515 -0.732342 0.0065969
54 -0.686654 -0.731496 0.00652864
55 -0.743528 -0.731715 0.00641257
56 -0.813596 -0.733177 0.00646455
57 -0.731816 -0.733153 0.00635017
58 -0.768439 -0.733762 0.00626931
59 -0.690693 -0.733032 0.00620522
60 -0.788961 -0.733964 0.00617172
61 -0.709561 -0.733564 0.00608287
62 -0.715226 -0.733268 0.00599126
63 -0.720434 -0.733064 0.00589892
64 -0.729886 -0.733015 0.00580623
65 -0.692943 -0.732398 0.00574935
66 -0.775967 -0.733058 0.00569992
67 -0.727992 -0.732983 0.00561471
68 -0.765749 -0.733464 0.00555248
69 -0.694065 -0.732893 0.00550113
70 -0.769192 -0.733412 0.00544671
71 -0.726433 -0.733314 0.00537035
72 -0.816766 -0.734473 0.0054206
73 -0.763146 -0.734866 0.00536024
74 -0.839813 -0.736284 0.00547421
75 -0.728302 -0.736177 0.00540177
76 -0.504233 -0.733125 0.0061421
77 -0.724057 -0.733008 0.00606295
78 -0.717316 -0.732806 0.0059881
79 -0.725674 -0.732716 0.0059125
80 -0.751192 -0.732947 0.0058427
81 -0.658526 -0.732028 0.0058428
82 -0.727348 -0.731971 0.00577139
83 -0.785706 -0.732619 0.00573807
84 -0.638803 -0.731502 0.00577831
85 -0.760474 -0.731843 0.00572009
86 -0.655175 -0.730951 0.00572305
87 -0.705222 -0.730655 0.00566461
88 -0.797349 -0.731413 0.00565092
89 -0.773153 -0.731882 0.00560672
90 -0.763977 -0.732239 0.00555553
91 -0.697603 -0.731858 0.00550731
92 -0.742571 -0.731975 0.00544836
93 -0.695634 -0.731584 0.0054036
94 -0.724816 -0.731512 0.00534629
95 -0.747528 -0.731681 0.0052924
96 -0.775701 -0.732139 0.00525702
97 -0.737881 -0.732198 0.00520288
98 -0.742619 -0.732305 0.00515061
99 -0.820704 -0.733198 0.00517592
100 -0.70904 -0.732956 0.00512959
101 -0.65144 -0.732149 0.00514228
102 -0.691205 -0.731748 0.00510742
103 -0.755883 -0.731982 0.00506301
104 -0.767732 -0.732326 0.00502586
105 -0.707056 -0.732085 0.00498358
106 -0.794769 -0.732676 0.00497164
107 -0.820302 -0.733495 0.00499258
108 -0.766961 -0.733805 0.00495583
109 -0.760493 -0.73405 0.00491626
110 -0.765559 -0.734336 0.00487977
111 -0.705238 -0.734074 0.00484271
112 -0.720859 -0.733956 0.00480073
113 -0.760959 -0.734195 0.00476405
114 -0.767052 -0.734483 0.00473087
115 -0.768651 -0.734781 0.00469895
116 -0.716447 -0.734623 0.00466095
117 -0.697093 -0.734302 0.00463206
118 -0.750787 -0.734441 0.00459476
119 -0.715766 -0.734285 0.00455869
120 -0.780629 -0.734671 0.004537
121 -0.746877 -0.734772 0.00450048
122 -0.775141 -0.735102 0.00447569
123 -0.759215 -0.735299 0.00444348
124 -0.750149 -0.735418 0.00440913
125 -0.747386 -0.735514 0.00437476
126 -0.741368 -0.73556 0.00434015
127 -0.775665 -0.735876 0.0043174
128 -0.742224 -0.735926 0.00428383
129 -0.79651 -0.736395 0.00427636
130 -0.714997 -0.736231 0.00424652
131 -0.668515 -0.735714 0.00424557
132 -0.831388 -0.736439 0.00427517
133 -0.769107 -0.736684 0.00425001
134 -0.671667 -0.736199 0.00424599
135 -0.775149 -0.736488 0.00422428
136 -0.706498 -0.736267 0.0041989
137 -0.793764 -0.736687 0.00418921
138 -0.729778 -0.736637 0.00415905
139 -0.769432 -0.736873 0.00413575
140 -0.638713 -0.736172 0.00416554
141 -0.754796 -0.736304 0.004138
142 -0.726441 -0.736234 0.00410934
143 -0.726212 -0.736164 0.00408111
144 -0.715424 -0.73602 0.00405522
145 -0.680953 -0.73564 0.00404503
146 -0.686403 -0.735303 0.00403136
147 -0.740592 -0.735339 0.004004
148 -0.753766 -0.735464 0.0039788
149 -0.742961 -0.735514 0.00395233
150 -0.710989 -0.73535 0.00392929
151 -0.827806 -0.735963 0.00395092
152 -0.769517 -0.736183 0.00393104
153 -0.780311 -0.736472 0.0039159
154 -0.727377 -0.736413 0.00389084
155 -0.81026 -0.736889 0.0038949
156 -0.765435 -0.737072 0.00387418
157 -0.673358 -0.736666 0.00387076
158 -0.787687 -0.736989 0.00385971
159 -0.760144 -0.737135 0.00383812
160 -0.695736 -0.736876 0.00382283
161 -0.725629 -0.736806 0.00379965
162 -0.763593 -0.736972 0.00377974
163 -0.73272 -0.736946 0.00375657
164 -0.799361 -0.737326 0.00375294
165 -0.723934 -0.737245 0.00373101
166 -0.794632 -0.737591 0.00372455
167 -0.777322 -0.737829 0.00370981
168 -0.839451 -0.738434 0.00373695
169 -0.629235 -0.737787 0.00377054
170 -0.732052 -0.737754 0.00374845
171 -0.73848 -0.737758 0.00372647
172 -0.751955 -0.73784 0.00370566
173 -0.759661 -0.737967 0.00368633
174 -0.738203 -0.737968 0.00366509
175 -0.743856 -0.738002 0.00364424
176 -0.796974 -0.738337 0.00363893
177 -0.798699 -0.738678 0.00363435
178 -0.761025 -0.738803 0.00361606
179 -0.679961 -0.738475 0.00361079
180 -0.771365 -0.738657 0.00359532
181 -0.742291 -0.738677 0.00357546
182 -0.77369 -0.73887 0.00356096
183 -0.711192 -0.738718 0.00354468
184 -0.684872 -0.738426 0.00353749
185 -0.724922 -0.738353 0.00351907
186 -0.733274 -0.738326 0.00350021
187 -0.681747 -0.738023 0.00349456
188 -0.773312 -0.738211 0.00348099
189 -0.763867 -0.738346 0.00346518
190 -0.661159 -0.73794 0.00347075
191 -0.713728 -0.737813 0.00345486
192 -0.768465 -0.737973 0.00344052
193 -0.671126 -0.737627 0.00344013
194 -0.706348 -0.737465 0.00342615
195 -0.672967 -0.737135 0.00342454
196 -0.689145 -0.73689 0.00341581
197 -0.716764 -0.736788 0.00339996
198 -0.783995 -0.737026 0.00339114
199 -0.668513 -0.736682 0.00339158
200 -0.70649 -0.736531 0.00337795
