1 -0.30404 -0.30404 0
2 -0.375974 -0.340007 0.035967
3 -0.430568 -0.370194 0.0366395
4 -0.389894 -0.375119 0.026372
5 -0.395211 -0.379137 0.0208192
6 -0.344362 -0.373342 0.0179597
7 -0.451827 -0.384554 0.0188708
8 -0.434046 -0.39074 0.0174744
9 -0.375822 -0.389083 0.0154998
10 -0.406997 -0.390874 0.0139787
11 -0.41776 -0.393318 0.0128783
12 -0.309976 -0.386373 0.0136545
13 -0.3924 -0.386837 0.0125689
14 -0.290217 -0.379935 0.0135291
15 -0.42197 -0.382738 0.0129029
16 -0.35486 -0.380995 0.0121947
17 -0.379402 -0.380902 0.0114553
18 -0.32999 -0.378073 0.0111644
19 -0.387071 -0.378547 0.0105711
20 -0.437275 -0.381483 0.0104497
21 -0.442434 -0.384386 0.0103547
22 -0.416256 -0.385834 0.00997854
23 -0.367558 -0.38504 0.00956788
24 -0.390808 -0.38528 0.0091637
25 -0.432902 -0.387185 0.00899355
26 -0.357933 -0.38606 0.00871366
27 -0.389454 -0.386186 0.00838567
28 -0.409954 -0.387034 0.0081251
29 -0.432756 -0.388611 0.00799687
30 -0.419083 -0.389627 0.0077922
31 -0.407082 -0.39019 0.00755765
32 -0.42821 -0.391378 0.0074135
33 -0.42573 -0.392419 0.00726035
34 -0.403458 -0.392744 0.00705105
35 -0.449423 -0.394363 0.00703554
36 -0.415078 -0.394938 0.00686148
37 -0.418551 -0.395577 0.00670391
38 -0.413836 -0.396057 0.00654277
39 -0.355227 -0.39501 0.00645822
40 -0.351372 -0.393919 0.00638854
41 -0.445941 -0.395188 0.00635865
42 -0.403141 -0.395377 0.0062083
43 -0.401052 -0.395509 0.00606363
44 -0.383481 -0.395236 0.00593053
45 -0.361878 -0.394495 0.00584444
46 -0.410354 -0.39484 0.00572636
47 -0.422795 -0.395434 0.00563468
48 -0.28814 -0.393199 0.00595175
49 -0.406524 -0.393471 0.00583536
50 -0.424468 -0.394091 0.00575097
51 -0.28646 -0.39198 0.00601918
52 -0.418182 -0.392484 0.00592376
53 -0.367745 -0.392018 0.00582963
54 -0.380263 -0.3918 0.0057248
55 -0.411341 -0.392155 0.00563096
56 -0.422176 -0.392691 0.00555542
57 -0.414184 -0.393068 0.0054701
58 -0.420994 -0.39355 0.00539648
59 -0.39109 -0.393508 0.00530439
60 -0.445758 -0.394379 0.00528744
61 -0.369219 -0.393967 0.00521637
62 -0.36075 -0.393431 0.00515944
63 -0.419372 -0.393843 0.00509355
64 -0.389959 -0.393782 0.0050137
65 -0.330006 -0.392801 0.00503254
66 -0.400827 -0.392922 0.00495719
67 -0.386588 -0.392828 0.00488356
68 -0.415747 -0.393165 0.004823
69 -0.369973 -0.392829 0.00476446
70 -0.394595 -0.392854 0.00469597
71 -0.390951 -0.392827 0.00462943
72 -0.42079 -0.393215 0.00458117
73 -0.440834 -0.393868 0.00456483
74 -0.438086 -0.394465 0.00454219
75 -0.37153 -0.39416 0.00449164
76 -0.201495 -0.391624 0.00510593
77 -0.359238 -0.391204 0.0050567
78 -0.404262 -0.391371 0.00499426
79 -0.365828 -0.391048 0.00494122
80 -0.391703 -0.391056 0.00487908
81 -0.344572 -0.390482 0.00485252
82 -0.423218 -0.390881 0.00480957
83 -0.424806 -0.39129 0.00476882
84 -0.323048 -0.390478 0.00478123
85 -0.425482 -0.39089 0.00474256
86 -0.311812 -0.38997 0.00477643
87 -0.343583 -0.389437 0.00475122
88 -0.404143 -0.389604 0.00469989
89 -0.433682 -0.390099 0.00467311
90 -0.414561 -0.390371 0.00462888
91 -0.347539 -0.3899 0.00460186
92 -0.409498 -0.390113 0.00455655
93 -0.31728 -0.38933 0.00457482
94 -0.407278 -0.389521 0.00452991
95 -0.400556 -0.389637 0.00448348
96 -0.411184 -0.389862 0.00444221
97 -0.403863 -0.390006 0.00439854
98 -0.41948 -0.390307 0.0043638
99 -0.414072 -0.390547 0.00432616
100 -0.380761 -0.390449 0.0042838
101 -0.29576 -0.389512 0.00434356
102 -0.354241 -0.389166 0.00431464
103 -0.408154 -0.38935 0.00427652
104 -0.477428 -0.390197 0.00431905
105 -0.372878 -0.390032 0.0042809
106 -0.435973 -0.390465 0.00426241
107 -0.426778 -0.390805 0.004236
108 -0.431117 -0.391178 0.00421316
109 -0.392203 -0.391188 0.00417434
110 -0.432458 -0.391563 0.0041532
111 -0.364069 -0.391315 0.00412306
112 -0.397489 -0.39137 0.00408646
113 -0.398167 -0.39143 0.00405058
114 -0.416769 -0.391653 0.00402104
115 -0.403497 -0.391756 0.00398725
116 -0.429575 -0.392082 0.00396615
117 -0.327456 -0.391529 0.00397071
118 -0.404199 -0.391637 0.00393838
119 -0.386924 -0.391597 0.00390535
120 -0.441122 -0.39201 0.00389459
121 -0.383979 -0.391943 0.00386284
122 -0.425063 -0.392215 0.00384066
123 -0.37425 -0.392069 0.0038121
124 -0.387322 -0.39203 0.00378143
125 -0.377498 -0.391914 0.00375286
126 -0.431877 -0.392231 0.00373644
127 -0.415024 -0.392411 0.00371124
128 -0.407109 -0.392526 0.00368392
129 -0.428712 -0.392806 0.003666
130 -0.398614 -0.392851 0.00363797
131 -0.382527 -0.392772 0.00361095
132 -0.434257 -0.393086 0.00359725
133 -0.445491 -0.39348 0.00359177
134 -0.359249 -0.393225 0.00357401
135 -0.376351 -0.3931 0.00354964
136 -0.358513 -0.392846 0.00353261
137 -0.429769 -0.393115 0.00351707
138 -0.409729 -0.393235 0.00349357
139 -0.412061 -0.393371 0.00347098
140 -0.261654 -0.39243 0.00357222
141 -0.41224 -0.392571 0.00354958
142 -0.385422 -0.39252 0.00352485
143 -0.397366 -0.392554 0.00350028
144 -0.396245 -0.39258 0.00347598
145 -0.366866 -0.392402 0.00345648
146 -0.351976 -0.392126 0.00344387
147 -0.434008 -0.39241 0.00343221
148 -0.395859 -0.392434 0.00340902
149 -0.396355 -0.39246 0.00338617
150 -0.37901 -0.39237 0.00336471
151 -0.41774 -0.392538 0.00334658
152 -0.410287 -0.392655 0.00332654
153 -0.424786 -0.392865 0.00331139
154 -0.37855 -0.392772 0.00329113
155 -0.457739 -0.393191 0.00329658
156 -0.420848 -0.393369 0.00328018
157 -0.328635 -0.392956 0.00328519
158 -0.441126 -0.393261 0.00327854
159 -0.400367 -0.393306 0.00325816
160 -0.377053 -0.393204 0.00323933
161 -0.39179 -0.393196 0.00321916
162 -0.429307 -0.393418 0.00320698
163 -0.403318 -0.393479 0.00318782
164 -0.442445 -0.393778 0.00318236
165 -0.364633 -0.393601 0.00316794
166 -0.434084 -0.393845 0.00315823
167 -0.431025 -0.394068 0.00314715
168 -0.42468 -0.39425 0.00313366
169 -0.27537 -0.393546 0.0031935
170 -0.392857 -0.393542 0.00317466
171 -0.405538 -0.393613 0.00315682
172 -0.380293 -0.393535 0.00313937
173 -0.419769 -0.393687 0.00312485
174 -0.435688 -0.393928 0.0031162
175 -0.414136 -0.394044 0.0031005
176 -0.432867 -0.394264 0.00309071
177 -0.405162 -0.394326 0.00307382
178 -0.409462 -0.394411 0.00305768
179 -0.375735 -0.394306 0.00304234
180 -0.438919 -0.394554 0.00303553
181 -0.390273 -0.394531 0.0030188
182 -0.430883 -0.39473 0.00300881
183 -0.357743 -0.394528 0.00299914
184 -0.343372 -0.39425 0.00299572
185 -0.406865 -0.394318 0.00298027
186 -0.379212 -0.394237 0.00296531
187 -0.377233 -0.394146 0.00295081
188 -0.41999 -0.394284 0.00293829
189 -0.411159 -0.394373 0.00292407
190 -0.294476 -0.393847 0.00295578
191 -0.374149 -0.393744 0.00294207
192 -0.413426 -0.393847 0.0029285
193 -0.34708 -0.393604 0.00292335
194 -0.399179 -0.393633 0.00290838
195 -0.347286 -0.393395 0.00290317
196 -0.373921 -0.393296 0.00289003
197 -0.395378 -0.393307 0.00287534
198 -0.426553 -0.393474 0.00286571
199 -0.354862 -0.39328 0.00285787
200 -0.373275 -0.39318 0.0028453
