1 35.7063 2.14997
2 33.3586 1.46467
3 32.0426 0.708231
4 31.4397 0.765078
5 30.6877 0.602336
6 30.1987 0.423601
7 29.6329 0.596532
8 28.9654 0.365703
9 28.5677 0.299018
10 28.3145 0.293677
11 27.9353 0.540611
12 27.1182 1.09453
13 26.0829 1.17251
14 25.0217 0.871998
15 24.1919 0.56083
16 23.7948 0.162028
17 23.6404 0.163747
18 23.5609 0.0902598
19 23.536 0.00324315
20 23.5321 0.0109618
21 23.5166 0.0582235
22 23.4144 0.222517
23 23.1441 0.391421
24 22.8028 0.46232
25 22.2801 0.452469
26 21.7073 0.437469
27 21.4616 0.303493
28 21.3398 0.0117261
29 21.327 0.0218925
30 21.306 0.0208507
31 21.2892 0.0251938
32 21.259 0.0851544
33 21.181 0.130057
34 21.0392 0.118155
35 20.9292 0.124336
36 20.8094 0.180617
37 20.621 0.320681
38 20.3658 0.437653
39 20.0036 0.424793
40 19.6076 0.247857
41 19.4012 0.340849
42 18.9596 0.419917
43 18.6273 0.477908
44 18.3613 0.448141
45 18.0625 0.168042
46 18.0064 0.00485359
47 18.0007 0.0158451
48 17.9908 0.0228876
49 17.9715 0.0215807
50 17.9548 0.037216
51 17.9103 0.117617
52 17.8179 0.171643
53 17.6462 0.118661
54 17.5934 0.000738832
55 17.5927 0.000403798
56 17.5925 0.000747362
57 17.5913 0.00722444
58 17.582 0.0222782
59 17.5567 0.0356655
60 17.5213 0.0418203
61 17.473 0.0565214
62 17.4366 0.0492536
63 17.4083 1.07118e-14
64 17.4083 1.07118e-14
65 17.4083 1.07118e-14
66 17.4057 0.025863
67 17.3767 0.0844639
68 17.3016 0.128757
69 17.2222 0.130215
70 17.1178 0.0320422
71 17.0981 0.0333328
72 17.0653 0.0590907
73 17.0296 0.0865442
74 16.9525 0.0856952
75 16.9052 0.0349032
76 16.893 0.049972
77 16.8425 0.157047
78 16.6467 0.274779
79 16.3044 0.374424
80 15.8903 0.411475
81 15.5926 0.280896
82 15.426 0.147525
83 15.2841 0.108772
84 15.2386 7.14122e-15
85 15.2386 7.14122e-15
86 15.2386 7.14122e-15
87 15.2372 0.0140038
88 15.2232 0.0440373
89 15.17 0.0703579
90 15.1322 0.0601093
91 15.0986 1.07118e-14
92 15.0986 1.07118e-14
93 15.0986 1.07118e-14
94 15.0986 1.07118e-14
95 15.0986 1.07118e-14
96 15.0986 1.07118e-14
97 15.0986 1.07118e-14
98 15.098 0.00562229
99 15.0935 0.016171
100 15.0755 0.0277916
101 15.0503 0.0195908
102 15.0423 1.42824e-14
103 15.0392 0.0315691
104 15.0203 0.0809533
105 14.9571 0.14086
106 14.8797 0.157774
107 14.7565 0.0915262
108 14.7267 3.03502e-14
109 14.7267 3.03502e-14
110 14.7267 3.03502e-14
111 14.7267 3.03502e-14
112 14.7267 7.04104e-05
113 14.7265 0.000265817
114 14.7263 0.000353188
115 14.7229 0.0282091
116 14.6986 0.0805578
117 14.5873 0.138063
118 14.4661 0.090727
119 14.3862 0.14668
120 14.2559 0.211963
121 14.1164 0.182771
122 14.013 0.0161192
123 14.001 0.0795143
124 13.9238 0.24674
125 13.7063 0.408272
126 13.3747 0.400972
127 13.0686 0.114369
128 12.9788 0
129 12.9788 0
130 12.9788 0
131 12.9762 0.0258627
132 12.9426 0.0894236
133 12.851 0.128574
134 12.7698 0.0990358
135 12.7164 0.00665551
136 12.7124 0.00926248
137 12.7063 0.0091829
138 12.6991 5.35592e-15
139 12.6991 5.35592e-15
140 12.698 0.0113896
141 12.6738 0.0473552
142 12.633 0.0651001
143 12.5631 0.102601
144 12.4532 0.147043
145 12.3012 0.0736534
146 12.2726 0.00327069
147 12.2723 1.07118e-14
148 12.2723 1.07118e-14
149 12.2685 0.0297331
150 12.2328 0.095141
151 12.1548 0.133563
152 12.0241 0.0820391
153 11.9905 0.0153794
154 11.9675 0.056666
155 11.9413 0.0726804
156 11.8729 0.064067
157 11.8383 1.24971e-14
158 11.8361 0.0216209
159 11.8188 0.0621867
160 11.7626 0.103644
161 11.6869 0.0995784
162 11.635 0.0516054
163 11.6221 1.78531e-15
164 11.6221 1.78531e-15
165 11.6221 1.78531e-15
166 11.6221 1.78531e-15
167 11.6221 1.78531e-15
168 11.6221 1.78531e-15
169 11.6221 1.78531e-15
170 11.6221 1.78531e-15
171 11.6221 1.78531e-15
172 11.6221 1.78531e-15
173 11.6221 1.78531e-15
174 11.6221 1.78531e-15
175 11.6221 1.78531e-15
176 11.6221 1.78531e-15
177 11.6221 1.78531e-15
178 11.6221 1.78531e-15
179 11.6221 1.78531e-15
180 11.6221 1.78531e-15
181 11.6221 1.78531e-15
182 11.6221 1.78531e-15
183 11.608 0.141165
184 11.514 0.369811
185 11.0582 0.675793
186 10.3558 0.374318
187 10.2227 0.0773704
188 10.2104 1.96384e-14
189 10.2104 1.96384e-14
190 10.2014 0.0898466
191 10.1026 0.293438
192 9.78814 0.450682
193 9.41977 0.293438
194 9.31195 2.14237e-14
195 9.31184 0.00111609
196 9.31017 0.00411225
197 9.30738 0.00551693
198 9.3028 0.00430946
199 9.30079 1.42824e-14
200 9.30079 1.42824e-14
201 9.30079 1.42824e-14
202 9.30079 1.42824e-14
203 9.30079 1.42824e-14
204 9.30079 1.42824e-14
205 9.30079 1.42824e-14
206 9.30079 1.42824e-14
207 9.30079 1.42824e-14
208 9.30079 1.42824e-14
209 9.30079 1.42824e-14
210 9.30079 1.42824e-14
211 9.30079 1.42824e-14
212 9.30079 1.42824e-14
213 9.30079 1.42824e-14
214 9.30079 1.42824e-14
215 9.30079 1.42824e-14
216 9.30079 1.42824e-14
217 9.30079 1.42824e-14
218 9.30079 1.42824e-14
219 9.30079 1.42824e-14
220 9.30079 1.42824e-14
221 9.30079 1.42824e-14
222 9.30079 1.42824e-14
223 9.30079 1.42824e-14
224 9.30079 1.42824e-14
225 9.30079 1.42824e-14
226 9.30079 1.42824e-14
227 9.30079 1.42824e-14
228 9.30079 1.42824e-14
229 9.30079 1.42824e-14
230 9.30079 1.42824e-14
231 9.30079 1.42824e-14
232 9.30079 1.42824e-14
233 9.30079 1.42824e-14
234 9.30079 1.42824e-14
235 9.30079 1.42824e-14
236 9.30079 1.42824e-14
237 9.30079 1.42824e-14
238 9.30079 1.42824e-14
239 9.30079 1.42824e-14
240 9.30079 1.42824e-14
241 9.30079 1.42824e-14
242 9.30079 1.42824e-14
243 9.30079 1.42824e-14
244 9.30079 1.42824e-14
245 9.30079 1.42824e-14
246 9.30079 1.42824e-14
247 9.30079 1.42824e-14
248 9.30079 1.42824e-14
249 9.30079 1.42824e-14
250 9.30079 1.42824e-14
251 9.30079 1.42824e-14
252 9.30079 1.42824e-14
253 9.29534 0.0545387
254 9.25716 0.148705
255 9.16443 0.237339
256 8.98764 0.269638
257 8.75541 3.57061e-15
258 8.75541 6.10353e-06
259 8.75539 2.35671e-05
260 8.75537 3.05731e-05
261 8.75534 1.07118e-14
262 8.75534 1.07118e-14
263 8.75534 1.07118e-14
264 8.75534 1.07118e-14
265 8.75534 1.07118e-14
266 8.75534 1.07118e-14
267 8.75534 1.07118e-14
268 8.75534 1.07118e-14
269 8.75534 1.07118e-14
270 8.75534 1.07118e-14
271 8.75534 1.07118e-14
272 8.75534 1.07118e-14
273 8.75534 1.07118e-14
274 8.75534 1.07118e-14
275 8.75476 0.00582768
276 8.74602 0.0214723
277 8.73145 0.0288068
278 8.708 0.0230927
279 8.69519 0.00488386
280 8.69143 0.00708319
281 8.68905 0.00718037
282 8.68334 0.00299259
283 8.68262 0
284 8.68262 0
285 8.68262 0
286 8.68262 0
287 8.68262 0
288 8.68262 0
289 8.68262 0
290 8.68262 0
291 8.68262 0
292 8.68262 0
293 8.68262 0
294 8.68262 0
295 8.68262 0
296 8.68262 0
297 8.68262 0
298 8.68262 0
299 8.68262 0
300 8.68262 0
301 8.68262 0
302 8.68262 0
303 8.68204 0.00582768
304 8.67621 0.0183261
305 8.65504 0.0291154
306 8.62998 0.0171027
307 8.62421 0.0012704
308 8.62118 0.0179971
309 8.59855 0.0589331
310 8.53859 0.085222
311 8.49475 0.0749876
312 8.44744 7.14122e-15
313 8.44744 7.14122e-15
314 8.44744 7.14122e-15
315 8.44744 7.14122e-15
316 8.44744 7.14122e-15
317 8.44744 7.14122e-15
318 8.44744 7.14122e-15
319 8.44744 7.14122e-15
320 8.44744 7.14122e-15
321 8.44744 7.14122e-15
322 8.44732 0.00127126
323 8.44643 0.00346622
324 8.44236 0.00625925
325 8.43829 0.0057367
326 8.43473 8.92653e-15
327 8.43473 8.92653e-15
328 8.43473 8.92653e-15
329 8.43473 8.92653e-15
330 8.43473 8.92653e-15
331 8.43473 8.92653e-15
332 8.43473 8.92653e-15
333 8.43473 8.92653e-15
334 8.43473 8.92653e-15
335 8.43141 0.0332374
336 8.39485 0.108553
337 8.29181 0.165379
338 8.17216 0.136061
339 8.10236 1.60678e-14
340 8.10121 0.0114872
341 8.08972 0.0361233
342 8.04837 0.0576213
343 8.00816 0.0443547
344 8.00127 0.037517
345 7.98749 9.81918e-15
346 7.98606 0.0142176
347 7.97042 0.0464345
348 7.93061 0.0700027
349 7.88093 0.0618349
350 7.84531 1.07118e-14
351 7.84531 1.07118e-14
352 7.84531 1.07118e-14
353 7.84531 1.07118e-14
354 7.84506 0.00254076
355 7.84124 0.00936149
356 7.83235 0.0127652
357 7.82346 0.0088605
358 7.8199 7.14122e-15
359 7.8199 7.14122e-15
360 7.8199 7.14122e-15
361 7.8199 7.14122e-15
362 7.8199 7.14122e-15
363 7.8199 7.14122e-15
364 7.8199 7.14122e-15
365 7.8199 7.14122e-15
366 7.8199 7.14122e-15
367 7.81775 0.0214768
368 7.80272 0.0585586
369 7.73614 0.105281
370 7.63655 0.0755623
371 7.60513 1.24971e-14
372 7.60225 0.0288394
373 7.56476 0.100573
374 7.48112 0.143496
375 7.39896 0.12979
376 7.32944 0.0564113
377 7.31674 8.92653e-16
378 7.31674 8.92653e-16
379 7.31674 8.92653e-16
380 7.31674 8.92653e-16
381 7.31674 8.92653e-16
382 7.31674 8.92653e-16
383 7.31674 8.92653e-16
384 7.31674 8.92653e-16
385 7.31674 8.92653e-16
386 7.31674 8.92653e-16
387 7.31674 8.92653e-16
388 7.31674 8.92653e-16
389 7.31674 8.92653e-16
390 7.31674 8.92653e-16
391 7.31212 0.0462357
392 7.26542 0.146791
393 7.14794 0.226685
394 6.934 0.196309
395 6.82048 0.0207195
396 6.80795 2.67796e-15
397 6.80273 0.0521209
398 6.75583 0.157151
399 6.55777 0.261708
400 6.36236 0.182619
401 6.28674 9.81918e-15
402 6.28674 9.81918e-15
403 6.28674 9.81918e-15
404 6.28674 9.81918e-15
405 6.28674 9.81918e-15
406 6.28674 9.81918e-15
407 6.28674 9.81918e-15
408 6.28674 9.81918e-15
409 6.28674 9.81918e-15
410 6.28674 9.81918e-15
411 6.28674 9.81918e-15
412 6.28674 9.81918e-15
413 6.28674 9.81918e-15
414 6.28674 9.81918e-15
415 6.28674 9.81918e-15
416 6.28674 9.81918e-15
417 6.28674 9.81918e-15
418 6.28674 9.81918e-15
419 6.28674 9.81918e-15
420 6.28674 9.81918e-15
421 6.28674 9.81918e-15
422 6.28627 0.00464359
423 6.28163 0.0146025
424 6.27002 0.0224015
425 6.2547 0.0215845
426 6.2403 4.46326e-15
427 6.2403 4.46326e-15
428 6.2403 4.46326e-15
429 6.2403 4.46326e-15
430 6.2403 4.46326e-15
431 6.2403 4.46326e-15
432 6.2403 4.46326e-15
433 6.2403 4.46326e-15
434 6.2403 4.46326e-15
435 6.2403 4.46326e-15
436 6.2403 4.46326e-15
437 6.2403 4.46326e-15
438 6.2403 4.46326e-15
439 6.2403 4.46326e-15
440 6.2403 4.46326e-15
441 6.2403 4.46326e-15
442 6.2403 4.46326e-15
443 6.2403 4.46326e-15
444 6.2403 4.46326e-15
445 6.2403 4.46326e-15
446 6.2403 4.46326e-15
447 6.2403 4.46326e-15
448 6.2403 4.46326e-15
449 6.2403 4.46326e-15
450 6.2403 4.46326e-15
451 6.2403 4.46326e-15
452 6.2403 4.46326e-15
453 6.2403 4.46326e-15
454 6.2403 4.46326e-15
455 6.2403 4.46326e-15
456 6.2403 4.46326e-15
457 6.2403 4.46326e-15
458 6.2403 4.46326e-15
459 6.2403 4.46326e-15
460 6.2403 4.46326e-15
461 6.2403 4.46326e-15
462 6.2403 4.46326e-15
463 6.2403 4.46326e-15
464 6.2403 4.46326e-15
465 6.2403 4.46326e-15
466 6.2403 4.46326e-15
467 6.2403 4.46326e-15
468 6.2403 4.46326e-15
469 6.2403 4.46326e-15
470 6.2403 4.46326e-15
471 6.2403 4.46326e-15
472 6.2403 4.46326e-15
473 6.2403 4.46326e-15
474 6.2403 4.46326e-15
475 6.2403 4.46326e-15
476 6.2403 4.46326e-15
477 6.2403 4.46326e-15
478 6.2403 4.46326e-15
479 6.2403 4.46326e-15
480 6.2403 4.46326e-15
481 6.2403 4.46326e-15
482 6.2403 4.46326e-15
483 6.2403 4.46326e-15
484 6.2403 4.46326e-15
485 6.2403 4.46326e-15
486 6.2403 4.46326e-15
487 6.2403 4.46326e-15
488 6.2403 4.46326e-15
489 6.2403 4.46326e-15
490 6.2403 4.46326e-15
491 6.2403 4.46326e-15
492 6.2403 4.46326e-15
493 6.2403 4.46326e-15
494 6.2403 4.46326e-15
495 6.2403 4.46326e-15
496 6.2403 4.46326e-15
497 6.2403 4.46326e-15
498 6.2403 4.46326e-15
499 6.2403 4.46326e-15
500 6.2403 4.46326e-15
501 6.2403 4.46326e-15
502 6.2403 4.46326e-15
503 6.2403 4.46326e-15
504 6.2403 4.46326e-15
505 6.2403 4.46326e-15
506 6.2403 4.46326e-15
507 6.2403 4.46326e-15
508 6.2403 4.46326e-15
509 6.2403 4.46326e-15
510 6.2403 4.46326e-15
511 6.2403 4.46326e-15
512 6.2403 4.46326e-15
513 6.2403 4.46326e-15
514 6.2403 4.46326e-15
515 6.2403 4.46326e-15
516 6.2403 4.46326e-15
517 6.2403 4.46326e-15
518 6.2403 4.46326e-15
519 6.2403 4.46326e-15
520 6.2403 4.46326e-15
521 6.2403 4.46326e-15
522 6.2403 4.46326e-15
523 6.2403 4.46326e-15
524 6.2403 4.46326e-15
525 6.2403 4.46326e-15
526 6.2403 4.46326e-15
527 6.2403 4.46326e-15
528 6.2403 4.46326e-15
529 6.2403 4.46326e-15
530 6.2403 4.46326e-15
531 6.2403 4.46326e-15
532 6.2403 4.46326e-15
533 6.2403 4.46326e-15
534 6.2403 4.46326e-15
535 6.2403 4.46326e-15
536 6.2403 4.46326e-15
537 6.2403 4.46326e-15
538 6.2403 4.46326e-15
539 6.2403 4.46326e-15
540 6.2403 4.46326e-15
541 6.2403 4.46326e-15
542 6.2403 4.46326e-15
543 6.2403 4.46326e-15
544 6.2403 4.46326e-15
545 6.2403 4.46326e-15
546 6.2403 4.46326e-15
547 6.2403 4.46326e-15
548 6.2403 4.46326e-15
549 6.2403 4.46326e-15
550 6.2403 4.46326e-15
551 6.2403 4.46326e-15
552 6.2403 4.46326e-15
553 6.2403 4.46326e-15
554 6.2403 4.46326e-15
555 6.2403 4.46326e-15
556 6.2403 4.46326e-15
557 6.2403 4.46326e-15
558 6.2403 4.46326e-15
559 6.2403 4.46326e-15
560 6.2403 4.46326e-15
561 6.2403 4.46326e-15
562 6.2403 4.46326e-15
563 6.2403 4.46326e-15
564 6.2403 4.46326e-15
565 6.2403 4.46326e-15
566 6.2403 4.46326e-15
567 6.2403 4.46326e-15
568 6.2403 4.46326e-15
569 6.2403 4.46326e-15
570 6.2403 4.46326e-15
571 6.2403 4.46326e-15
572 6.2403 4.46326e-15
573 6.2403 4.46326e-15
574 6.2403 4.46326e-15
575 6.2403 4.46326e-15
576 6.2403 4.46326e-15
577 6.2403 4.46326e-15
578 6.2403 4.46326e-15
579 6.2403 4.46326e-15
580 6.2403 4.46326e-15
581 6.2403 4.46326e-15
582 6.2403 4.46326e-15
583 6.2403 4.46326e-15
584 6.2403 4.46326e-15
585 6.2403 4.46326e-15
586 6.2403 4.46326e-15
587 6.2403 4.46326e-15
588 6.2403 4.46326e-15
589 6.2403 4.46326e-15
590 6.2403 4.46326e-15
591 6.2403 4.46326e-15
592 6.2403 4.46326e-15
593 6.2403 4.46326e-15
594 6.2403 4.46326e-15
595 6.2403 4.46326e-15
596 6.2403 4.46326e-15
597 6.2403 4.46326e-15
598 6.2403 4.46326e-15
599 6.2403 4.46326e-15
600 6.2403 4.46326e-15
601 6.2403 4.46326e-15
602 6.2403 4.46326e-15
603 6.2403 4.46326e-15
604 6.2403 4.46326e-15
605 6.2403 4.46326e-15
606 6.2403 4.46326e-15
607 6.2403 4.46326e-15
608 6.2403 4.46326e-15
609 6.2403 4.46326e-15
610 6.2403 4.46326e-15
611 6.2403 4.46326e-15
612 6.2403 4.46326e-15
613 6.2403 4.46326e-15
614 6.2403 4.46326e-15
615 6.2403 4.46326e-15
616 6.2403 4.46326e-15
617 6.2403 4.46326e-15
618 6.2403 4.46326e-15
619 6.2403 4.46326e-15
620 6.2403 4.46326e-15
621 6.2403 4.46326e-15
622 6.2403 4.46326e-15
623 6.2403 4.46326e-15
624 6.2403 4.46326e-15
625 6.2403 4.46326e-15
626 6.2403 4.46326e-15
627 6.2403 4.46326e-15
628 6.2403 4.46326e-15
629 6.2403 4.46326e-15
630 6.2403 4.46326e-15
631 6.2403 4.46326e-15
632 6.2403 4.46326e-15
633 6.2403 4.46326e-15
634 6.2403 4.46326e-15
635 6.2403 4.46326e-15
636 6.2403 4.46326e-15
637 6.2403 4.46326e-15
638 6.2403 4.46326e-15
639 6.2403 4.46326e-15
640 6.2403 4.46326e-15
641 6.2403 4.46326e-15
642 6.2403 4.46326e-15
643 6.2403 4.46326e-15
644 6.2403 4.46326e-15
645 6.2403 4.46326e-15
646 6.2403 4.46326e-15
647 6.2403 4.46326e-15
648 6.2403 4.46326e-15
649 6.2403 4.46326e-15
650 6.2403 4.46326e-15
651 6.2403 4.46326e-15
652 6.2403 4.46326e-15
653 6.2403 4.46326e-15
654 6.2403 4.46326e-15
655 6.2403 4.46326e-15
656 6.2403 4.46326e-15
657 6.2403 4.46326e-15
658 6.2403 4.46326e-15
659 6.2403 4.46326e-15
660 6.2403 4.46326e-15
661 6.2403 4.46326e-15
662 6.2403 4.46326e-15
663 6.2403 4.46326e-15
664 6.2403 4.46326e-15
665 6.2403 4.46326e-15
666 6.2403 4.46326e-15
667 6.2403 4.46326e-15
668 6.2403 4.46326e-15
669 6.2403 4.46326e-15
670 6.2403 4.46326e-15
671 6.2403 4.46326e-15
672 6.2403 4.46326e-15
673 6.2403 4.46326e-15
674 6.2403 4.46326e-15
675 6.2403 4.46326e-15
676 6.2403 4.46326e-15
677 6.2403 4.46326e-15
678 6.2403 4.46326e-15
679 6.2403 4.46326e-15
680 6.2403 4.46326e-15
681 6.2403 4.46326e-15
682 6.2403 4.46326e-15
683 6.2403 4.46326e-15
684 6.2403 4.46326e-15
685 6.2403 4.46326e-15
686 6.2403 4.46326e-15
687 6.2403 4.46326e-15
688 6.2403 4.46326e-15
689 6.2403 4.46326e-15
690 6.2403 4.46326e-15
691 6.2403 4.46326e-15
692 6.2403 4.46326e-15
693 6.2403 4.46326e-15
694 6.2403 4.46326e-15
695 6.2403 4.46326e-15
696 6.2403 4.46326e-15
697 6.2403 4.46326e-15
698 6.2403 4.46326e-15
699 6.2403 4.46326e-15
700 6.2403 4.46326e-15
701 6.2403 4.46326e-15
702 6.2403 4.46326e-15
703 6.2403 4.46326e-15
704 6.2403 4.46326e-15
705 6.2403 4.46326e-15
706 6.2403 4.46326e-15
707 6.2403 4.46326e-15
708 6.2403 4.46326e-15
709 6.2403 4.46326e-15
710 6.2403 4.46326e-15
711 6.2403 4.46326e-15
712 6.2403 4.46326e-15
713 6.2403 4.46326e-15
714 6.2403 4.46326e-15
715 6.2403 4.46326e-15
716 6.2403 4.46326e-15
717 6.2403 4.46326e-15
718 6.2403 4.46326e-15
719 6.2403 4.46326e-15
720 6.2403 4.46326e-15
721 6.2403 4.46326e-15
722 6.2403 4.46326e-15
723 6.2403 4.46326e-15
724 6.2403 4.46326e-15
725 6.2403 4.46326e-15
726 6.2403 4.46326e-15
727 6.2403 4.46326e-15
728 6.2403 4.46326e-15
729 6.2403 4.46326e-15
730 6.2403 4.46326e-15
731 6.2403 4.46326e-15
732 6.2403 4.46326e-15
733 6.2403 4.46326e-15
734 6.2403 4.46326e-15
735 6.2403 4.46326e-15
736 6.2403 4.46326e-15
737 6.2403 4.46326e-15
738 6.2403 4.46326e-15
739 6.2403 4.46326e-15
740 6.2403 4.46326e-15
741 6.2403 4.46326e-15
742 6.2403 4.46326e-15
743 6.2403 4.46326e-15
744 6.2403 4.46326e-15
745 6.2403 4.46326e-15
746 6.2403 4.46326e-15
747 6.2403 4.46326e-15
748 6.2403 4.46326e-15
749 6.2403 4.46326e-15
750 6.2403 4.46326e-15
751 6.2403 4.46326e-15
752 6.2403 4.46326e-15
753 6.2403 4.46326e-15
754 6.2403 4.46326e-15
755 6.2403 4.46326e-15
756 6.2403 4.46326e-15
757 6.2403 4.46326e-15
758 6.2403 4.46326e-15
759 6.2403 4.46326e-15
760 6.2403 4.46326e-15
761 6.2403 4.46326e-15
762 6.2403 4.46326e-15
763 6.2403 4.46326e-15
764 6.2403 4.46326e-15
765 6.2403 4.46326e-15
766 6.2403 4.46326e-15
767 6.2403 4.46326e-15
768 6.2403 4.46326e-15
769 6.2403 4.46326e-15
770 6.2403 4.46326e-15
771 6.2403 4.46326e-15
772 6.2403 4.46326e-15
773 6.2403 4.46326e-15
774 6.2403 4.46326e-15
775 6.2403 4.46326e-15
776 6.2403 4.46326e-15
777 6.2403 4.46326e-15
778 6.2403 4.46326e-15
779 6.2403 4.46326e-15
780 6.2403 4.46326e-15
781 6.2403 4.46326e-15
782 6.2403 4.46326e-15
783 6.2403 4.46326e-15
784 6.2403 4.46326e-15
785 6.2403 4.46326e-15
786 6.2403 4.46326e-15
787 6.2403 4.46326e-15
788 6.2403 4.46326e-15
789 6.2403 4.46326e-15
790 6.2403 4.46326e-15
791 6.2403 4.46326e-15
792 6.2403 4.46326e-15
793 6.2403 4.46326e-15
794 6.2403 4.46326e-15
795 6.2403 4.46326e-15
796 6.2403 4.46326e-15
797 6.2403 4.46326e-15
798 6.2403 4.46326e-15
799 6.2403 4.46326e-15
800 6.2403 4.46326e-15
801 6.2403 4.46326e-15
802 6.2403 4.46326e-15
803 6.2403 4.46326e-15
804 6.2403 4.46326e-15
805 6.2403 4.46326e-15
806 6.2403 4.46326e-15
807 6.2403 4.46326e-15
808 6.2403 4.46326e-15
809 6.2403 4.46326e-15
810 6.2403 4.46326e-15
811 6.2403 4.46326e-15
812 6.2403 4.46326e-15
813 6.2403 4.46326e-15
814 6.2403 4.46326e-15
815 6.2403 4.46326e-15
816 6.2403 4.46326e-15
817 6.2403 4.46326e-15
818 6.2403 4.46326e-15
819 6.2403 4.46326e-15
820 6.2403 4.46326e-15
821 6.2403 4.46326e-15
822 6.2403 4.46326e-15
823 6.2403 4.46326e-15
824 6.2403 4.46326e-15
825 6.2403 4.46326e-15
826 6.2403 4.46326e-15
827 6.2403 4.46326e-15
828 6.2403 4.46326e-15
829 6.2403 4.46326e-15
830 6.2403 4.46326e-15
831 6.2403 4.46326e-15
832 6.2403 4.46326e-15
833 6.2403 4.46326e-15
834 6.2403 4.46326e-15
835 6.2403 4.46326e-15
836 6.2403 4.46326e-15
837 6.2403 4.46326e-15
838 6.2403 4.46326e-15
839 6.2403 4.46326e-15
840 6.2403 4.46326e-15
841 6.2403 4.46326e-15
842 6.2403 4.46326e-15
843 6.2403 4.46326e-15
844 6.2403 4.46326e-15
845 6.2403 4.46326e-15
846 6.2403 4.46326e-15
847 6.2403 4.46326e-15
848 6.2403 4.46326e-15
849 6.2403 4.46326e-15
850 6.2403 4.46326e-15
851 6.2403 4.46326e-15
852 6.2403 4.46326e-15
853 6.2403 4.46326e-15
854 6.2403 4.46326e-15
855 6.2403 4.46326e-15
856 6.2403 4.46326e-15
857 6.2403 4.46326e-15
858 6.2403 4.46326e-15
859 6.2403 4.46326e-15
860 6.2403 4.46326e-15
861 6.2403 4.46326e-15
862 6.2403 4.46326e-15
863 6.2403 4.46326e-15
864 6.2403 4.46326e-15
865 6.2403 4.46326e-15
866 6.2403 4.46326e-15
867 6.2403 4.46326e-15
868 6.2403 4.46326e-15
869 6.2403 4.46326e-15
870 6.2403 4.46326e-15
871 6.2403 4.46326e-15
872 6.2403 4.46326e-15
873 6.2403 4.46326e-15
874 6.2403 4.46326e-15
875 6.2403 4.46326e-15
876 6.2403 4.46326e-15
877 6.2403 4.46326e-15
878 6.2403 4.46326e-15
879 6.2403 4.46326e-15
880 6.2403 4.46326e-15
881 6.2403 4.46326e-15
882 6.2403 4.46326e-15
883 6.2403 4.46326e-15
884 6.2403 4.46326e-15
885 6.2403 4.46326e-15
886 6.2403 4.46326e-15
887 6.2403 4.46326e-15
888 6.2403 4.46326e-15
889 6.2403 4.46326e-15
890 6.2403 4.46326e-15
891 6.2403 4.46326e-15
892 6.2403 4.46326e-15
893 6.2403 4.46326e-15
894 6.2403 4.46326e-15
895 6.2403 4.46326e-15
896 6.2403 4.46326e-15
897 6.2403 4.46326e-15
898 6.2403 4.46326e-15
899 6.2403 4.46326e-15
900 6.2403 4.46326e-15
901 6.2403 4.46326e-15
902 6.2403 4.46326e-15
903 6.2403 4.46326e-15
904 6.2403 4.46326e-15
905 6.2403 4.46326e-15
906 6.2403 4.46326e-15
907 6.2403 4.46326e-15
908 6.2403 4.46326e-15
909 6.2403 4.46326e-15
910 6.2403 4.46326e-15
911 6.2403 4.46326e-15
912 6.2403 4.46326e-15
913 6.2403 4.46326e-15
914 6.2403 4.46326e-15
915 6.2403 4.46326e-15
916 6.2403 4.46326e-15
917 6.2403 4.46326e-15
918 6.2403 4.46326e-15
919 6.2403 4.46326e-15
920 6.2403 4.46326e-15
921 6.2403 4.46326e-15
922 6.2403 4.46326e-15
923 6.2403 4.46326e-15
924 6.2403 4.46326e-15
925 6.2403 4.46326e-15
926 6.2403 4.46326e-15
927 6.2403 4.46326e-15
928 6.2403 4.46326e-15
929 6.2403 4.46326e-15
930 6.2403 4.46326e-15
931 6.2403 4.46326e-15
932 6.2403 4.46326e-15
933 6.2403 4.46326e-15
934 6.2403 4.46326e-15
935 6.2403 4.46326e-15
936 6.2403 4.46326e-15
937 6.2403 4.46326e-15
938 6.2403 4.46326e-15
939 6.2403 4.46326e-15
940 6.2403 4.46326e-15
941 6.2403 4.46326e-15
942 6.2403 4.46326e-15
943 6.2403 4.46326e-15
944 6.2403 4.46326e-15
945 6.2403 4.46326e-15
946 6.2403 4.46326e-15
947 6.2403 4.46326e-15
948 6.2403 4.46326e-15
949 6.2403 4.46326e-15
950 6.2403 4.46326e-15
951 6.2403 4.46326e-15
952 6.2403 4.46326e-15
953 6.2403 4.46326e-15
954 6.2403 4.46326e-15
955 6.2403 4.46326e-15
956 6.2403 4.46326e-15
957 6.2403 4.46326e-15
958 6.2403 4.46326e-15
959 6.2403 4.46326e-15
960 6.2403 4.46326e-15
961 6.2403 4.46326e-15
962 6.2403 4.46326e-15
963 6.2403 4.46326e-15
964 6.2403 4.46326e-15
965 6.2403 4.46326e-15
966 6.2403 4.46326e-15
967 6.2403 4.46326e-15
968 6.2403 4.46326e-15
969 6.2403 4.46326e-15
970 6.2403 4.46326e-15
971 6.2403 4.46326e-15
972 6.2403 4.46326e-15
973 6.2403 4.46326e-15
974 6.2403 4.46326e-15
975 6.2403 4.46326e-15
976 6.2403 4.46326e-15
977 6.2403 4.46326e-15
978 6.2403 4.46326e-15
979 6.2403 4.46326e-15
980 6.2403 4.46326e-15
981 6.2403 4.46326e-15
982 6.2403 4.46326e-15
983 6.2403 4.46326e-15
984 6.2403 4.46326e-15
985 6.2403 4.46326e-15
986 6.2403 4.46326e-15
987 6.2403 4.46326e-15
988 6.2403 4.46326e-15
989 6.2403 4.46326e-15
990 6.2403 4.46326e-15
991 6.2403 4.46326e-15
992 6.2403 4.46326e-15
993 6.2403 4.46326e-15
994 6.2403 4.46326e-15
995 6.2403 4.46326e-15
996 6.2403 4.46326e-15
997 6.2403 4.46326e-15
998 6.2403 4.46326e-15
999 6.2403 4.46326e-15
1000 6.2403 4.46326e-15
1001 6.2403 4.46326e-15
1002 6.2403 4.46326e-15
1003 6.2403 4.46326e-15
1004 6.2403 4.46326e-15
1005 6.2403 4.46326e-15
1006 6.2403 4.46326e-15
1007 6.2403 4.46326e-15
1008 6.2403 4.46326e-15
1009 6.2403 4.46326e-15
1010 6.2403 4.46326e-15
1011 6.2403 4.46326e-15
1012 6.2403 4.46326e-15
1013 6.2403 4.46326e-15
1014 6.2403 4.46326e-15
1015 6.2403 4.46326e-15
1016 6.2403 4.46326e-15
1017 6.2403 4.46326e-15
1018 6.2403 4.46326e-15
1019 6.2403 4.46326e-15
1020 6.2403 4.46326e-15
1021 6.2403 4.46326e-15
1022 6.2403 4.46326e-15
1023 6.2403 4.46326e-15
1024 6.2403 4.46326e-15
1025 6.2403 4.46326e-15
1026 6.2403 4.46326e-15
1027 6.2403 4.46326e-15
1028 6.2403 4.46326e-15
1029 6.2403 4.46326e-15
1030 6.2403 4.46326e-15
1031 6.2403 4.46326e-15
1032 6.2403 4.46326e-15
1033 6.2403 4.46326e-15
1034 6.2403 4.46326e-15
1035 6.2403 4.46326e-15
1036 6.2403 4.46326e-15
1037 6.2403 4.46326e-15
1038 6.2403 4.46326e-15
1039 6.2403 4.46326e-15
1040 6.2403 4.46326e-15
1041 6.2403 4.46326e-15
1042 6.2403 4.46326e-15
1043 6.2403 4.46326e-15
1044 6.2403 4.46326e-15
1045 6.2403 4.46326e-15
1046 6.2403 4.46326e-15
1047 6.2403 4.46326e-15
1048 6.2403 4.46326e-15
1049 6.2403 4.46326e-15
1050 6.2403 4.46326e-15
1051 6.2403 4.46326e-15
1052 6.2403 4.46326e-15
1053 6.2403 4.46326e-15
1054 6.2403 4.46326e-15
1055 6.2403 4.46326e-15
1056 6.2403 4.46326e-15
1057 6.2403 4.46326e-15
1058 6.2403 4.46326e-15
1059 6.2403 4.46326e-15
1060 6.2403 4.46326e-15
1061 6.2403 4.46326e-15
1062 6.2403 4.46326e-15
1063 6.2403 4.46326e-15
1064 6.2403 4.46326e-15
1065 6.2403 4.46326e-15
1066 6.2403 4.46326e-15
1067 6.2403 4.46326e-15
1068 6.2403 4.46326e-15
1069 6.2403 4.46326e-15
1070 6.2403 4.46326e-15
1071 6.2403 4.46326e-15
1072 6.2403 4.46326e-15
1073 6.2403 4.46326e-15
1074 6.2403 4.46326e-15
1075 6.2403 4.46326e-15
1076 6.2403 4.46326e-15
1077 6.2403 4.46326e-15
1078 6.2403 4.46326e-15
1079 6.2403 4.46326e-15
1080 6.2403 4.46326e-15
1081 6.2403 4.46326e-15
1082 6.2403 4.46326e-15
1083 6.2403 4.46326e-15
1084 6.2403 4.46326e-15
1085 6.2403 4.46326e-15
1086 6.2403 4.46326e-15
1087 6.2403 4.46326e-15
1088 6.2403 4.46326e-15
1089 6.2403 4.46326e-15
1090 6.2403 4.46326e-15
1091 6.2403 4.46326e-15
1092 6.2403 4.46326e-15
1093 6.2403 4.46326e-15
1094 6.2403 4.46326e-15
1095 6.2403 4.46326e-15
1096 6.2403 4.46326e-15
1097 6.2403 4.46326e-15
1098 6.2403 4.46326e-15
1099 6.2403 4.46326e-15
1100 6.2403 4.46326e-15
1101 6.2403 4.46326e-15
1102 6.2403 4.46326e-15
1103 6.2403 4.46326e-15
1104 6.2403 4.46326e-15
1105 6.2403 4.46326e-15
1106 6.2403 4.46326e-15
1107 6.2403 4.46326e-15
1108 6.2403 4.46326e-15
1109 6.2403 4.46326e-15
1110 6.2403 4.46326e-15
1111 6.2403 4.46326e-15
1112 6.2403 4.46326e-15
1113 6.2403 4.46326e-15
1114 6.2403 4.46326e-15
1115 6.2403 4.46326e-15
1116 6.2403 4.46326e-15
1117 6.2403 4.46326e-15
1118 6.2403 4.46326e-15
1119 6.2403 4.46326e-15
1120 6.2403 4.46326e-15
1121 6.2403 4.46326e-15
1122 6.2403 4.46326e-15
1123 6.2403 4.46326e-15
1124 6.2403 4.46326e-15
1125 6.2403 4.46326e-15
1126 6.2403 4.46326e-15
1127 6.2403 4.46326e-15
1128 6.2403 4.46326e-15
1129 6.2403 4.46326e-15
1130 6.2403 4.46326e-15
1131 6.2403 4.46326e-15
1132 6.2403 4.46326e-15
1133 6.2403 4.46326e-15
1134 6.2403 4.46326e-15
1135 6.2403 4.46326e-15
1136 6.2403 4.46326e-15
1137 6.2403 4.46326e-15
1138 6.2403 4.46326e-15
1139 6.2403 4.46326e-15
1140 6.2403 4.46326e-15
1141 6.2403 4.46326e-15
1142 6.2403 4.46326e-15
1143 6.2403 4.46326e-15
1144 6.2403 4.46326e-15
1145 6.2403 4.46326e-15
1146 6.2403 4.46326e-15
1147 6.2403 4.46326e-15
1148 6.2403 4.46326e-15
1149 6.2403 4.46326e-15
1150 6.2403 4.46326e-15
1151 6.2403 4.46326e-15
1152 6.2403 4.46326e-15
1153 6.2403 4.46326e-15
1154 6.2403 4.46326e-15
1155 6.2403 4.46326e-15
1156 6.2403 4.46326e-15
1157 6.2403 4.46326e-15
1158 6.2403 4.46326e-15
1159 6.2403 4.46326e-15
1160 6.2403 4.46326e-15
1161 6.2403 4.46326e-15
1162 6.2403 4.46326e-15
1163 6.2403 4.46326e-15
1164 6.2403 4.46326e-15
1165 6.2403 4.46326e-15
1166 6.2403 4.46326e-15
1167 6.2403 4.46326e-15
1168 6.2403 4.46326e-15
1169 6.2403 4.46326e-15
1170 6.2403 4.46326e-15
1171 6.2403 4.46326e-15
1172 6.2403 4.46326e-15
1173 6.2403 4.46326e-15
1174 6.2403 4.46326e-15
1175 6.2403 4.46326e-15
1176 6.2403 4.46326e-15
1177 6.2403 4.46326e-15
1178 6.2403 4.46326e-15
1179 6.2403 4.46326e-15
1180 6.2403 4.46326e-15
1181 6.2403 4.46326e-15
1182 6.2403 4.46326e-15
1183 6.2403 4.46326e-15
1184 6.2403 4.46326e-15
1185 6.2403 4.46326e-15
1186 6.2403 4.46326e-15
1187 6.2403 4.46326e-15
1188 6.2403 4.46326e-15
1189 6.2403 4.46326e-15
1190 6.2403 4.46326e-15
1191 6.2403 4.46326e-15
1192 6.2403 4.46326e-15
1193 6.2403 4.46326e-15
1194 6.2403 4.46326e-15
1195 6.2403 4.46326e-15
1196 6.2403 4.46326e-15
1197 6.2403 4.46326e-15
1198 6.2403 4.46326e-15
1199 6.2403 4.46326e-15
1200 6.2403 4.46326e-15
1201 6.2403 4.46326e-15
1202 6.2403 4.46326e-15
1203 6.2403 4.46326e-15
1204 6.2403 4.46326e-15
1205 6.2403 4.46326e-15
1206 6.2403 4.46326e-15
1207 6.2403 4.46326e-15
1208 6.2403 4.46326e-15
1209 6.2403 4.46326e-15
1210 6.2403 4.46326e-15
1211 6.2403 4.46326e-15
1212 6.2403 4.46326e-15
1213 6.2403 4.46326e-15
1214 6.2403 4.46326e-15
1215 6.2403 4.46326e-15
1216 6.2403 4.46326e-15
1217 6.2403 4.46326e-15
1218 6.2403 4.46326e-15
1219 6.2403 4.46326e-15
1220 6.2403 4.46326e-15
1221 6.2403 4.46326e-15
1222 6.2403 4.46326e-15
1223 6.2403 4.46326e-15
1224 6.2403 4.46326e-15
1225 6.2403 4.46326e-15
1226 6.2403 4.46326e-15
1227 6.2403 4.46326e-15
1228 6.2403 4.46326e-15
1229 6.2403 4.46326e-15
1230 6.2403 4.46326e-15
1231 6.2403 4.46326e-15
1232 6.2403 4.46326e-15
1233 6.2403 4.46326e-15
1234 6.2403 4.46326e-15
1235 6.2403 4.46326e-15
1236 6.2403 4.46326e-15
1237 6.2403 4.46326e-15
1238 6.2403 4.46326e-15
1239 6.2403 4.46326e-15
1240 6.2403 4.46326e-15
1241 6.2403 4.46326e-15
1242 6.2403 4.46326e-15
1243 6.2403 4.46326e-15
1244 6.2403 4.46326e-15
1245 6.2403 4.46326e-15
1246 6.2403 4.46326e-15
1247 6.2403 4.46326e-15
1248 6.2403 4.46326e-15
1249 6.2403 4.46326e-15
1250 6.2403 4.46326e-15
1251 6.2403 4.46326e-15
1252 6.2403 4.46326e-15
1253 6.2403 4.46326e-15
1254 6.2403 4.46326e-15
1255 6.2403 4.46326e-15
1256 6.2403 4.46326e-15
1257 6.2403 4.46326e-15
1258 6.2403 4.46326e-15
1259 6.2403 4.46326e-15
1260 6.2403 4.46326e-15
1261 6.2403 4.46326e-15
1262 6.2403 4.46326e-15
1263 6.2403 4.46326e-15
1264 6.2403 4.46326e-15
1265 6.2403 4.46326e-15
1266 6.2403 4.46326e-15
1267 6.2403 4.46326e-15
1268 6.2403 4.46326e-15
1269 6.2403 4.46326e-15
1270 6.2403 4.46326e-15
1271 6.2403 4.46326e-15
1272 6.2403 4.46326e-15
1273 6.2403 4.46326e-15
1274 6.2403 4.46326e-15
1275 6.2403 4.46326e-15
1276 6.2403 4.46326e-15
1277 6.2403 4.46326e-15
1278 6.2403 4.46326e-15
1279 6.2403 4.46326e-15
1280 6.2403 4.46326e-15
1281 6.2403 4.46326e-15
1282 6.2403 4.46326e-15
1283 6.2403 4.46326e-15
1284 6.2403 4.46326e-15
1285 6.2403 4.46326e-15
1286 6.2403 4.46326e-15
1287 6.2403 4.46326e-15
1288 6.2403 4.46326e-15
1289 6.2403 4.46326e-15
1290 6.2403 4.46326e-15
1291 6.2403 4.46326e-15
1292 6.2403 4.46326e-15
1293 6.2403 4.46326e-15
1294 6.2403 4.46326e-15
1295 6.2403 4.46326e-15
1296 6.2403 4.46326e-15
1297 6.2403 4.46326e-15
1298 6.2403 4.46326e-15
1299 6.2403 4.46326e-15
1300 6.2403 4.46326e-15
1301 6.2403 4.46326e-15
1302 6.2403 4.46326e-15
1303 6.2403 4.46326e-15
1304 6.2403 4.46326e-15
1305 6.2403 4.46326e-15
1306 6.2403 4.46326e-15
1307 6.2403 4.46326e-15
1308 6.2403 4.46326e-15
1309 6.2403 4.46326e-15
1310 6.2403 4.46326e-15
1311 6.2403 4.46326e-15
1312 6.2403 4.46326e-15
1313 6.2403 4.46326e-15
1314 6.2403 4.46326e-15
1315 6.2403 4.46326e-15
1316 6.2403 4.46326e-15
1317 6.2403 4.46326e-15
1318 6.2403 4.46326e-15
1319 6.2403 4.46326e-15
1320 6.2403 4.46326e-15
1321 6.2403 4.46326e-15
1322 6.2403 4.46326e-15
1323 6.2403 4.46326e-15
1324 6.2403 4.46326e-15
1325 6.2403 4.46326e-15
1326 6.2403 4.46326e-15
1327 6.2403 4.46326e-15
1328 6.2403 4.46326e-15
1329 6.2403 4.46326e-15
1330 6.2403 4.46326e-15
1331 6.2403 4.46326e-15
1332 6.2403 4.46326e-15
1333 6.2403 4.46326e-15
1334 6.2403 4.46326e-15
1335 6.2403 4.46326e-15
1336 6.2403 4.46326e-15
1337 6.2403 4.46326e-15
1338 6.2403 4.46326e-15
1339 6.2403 4.46326e-15
1340 6.2403 4.46326e-15
1341 6.2403 4.46326e-15
1342 6.2403 4.46326e-15
1343 6.2403 4.46326e-15
1344 6.2403 4.46326e-15
1345 6.2403 4.46326e-15
1346 6.2403 4.46326e-15
1347 6.2403 4.46326e-15
1348 6.2403 4.46326e-15
1349 6.2403 4.46326e-15
1350 6.2403 4.46326e-15
1351 6.2403 4.46326e-15
1352 6.2403 4.46326e-15
1353 6.2403 4.46326e-15
1354 6.2403 4.46326e-15
1355 6.2403 4.46326e-15
1356 6.2403 4.46326e-15
1357 6.2403 4.46326e-15
1358 6.2403 4.46326e-15
1359 6.2403 4.46326e-15
1360 6.2403 4.46326e-15
1361 6.2403 4.46326e-15
1362 6.2403 4.46326e-15
1363 6.2403 4.46326e-15
1364 6.2403 4.46326e-15
1365 6.2403 4.46326e-15
1366 6.2403 4.46326e-15
1367 6.2403 4.46326e-15
1368 6.2403 4.46326e-15
1369 6.2403 4.46326e-15
1370 6.2403 4.46326e-15
1371 6.2403 4.46326e-15
1372 6.2403 4.46326e-15
1373 6.2403 4.46326e-15
1374 6.2403 4.46326e-15
1375 6.2403 4.46326e-15
1376 6.2403 4.46326e-15
1377 6.2403 4.46326e-15
1378 6.2403 4.46326e-15
1379 6.2403 4.46326e-15
1380 6.2403 4.46326e-15
1381 6.2403 4.46326e-15
1382 6.2403 4.46326e-15
1383 6.2403 4.46326e-15
1384 6.2403 4.46326e-15
1385 6.2403 4.46326e-15
1386 6.2403 4.46326e-15
1387 6.2403 4.46326e-15
1388 6.2403 4.46326e-15
1389 6.2403 4.46326e-15
1390 6.2403 4.46326e-15
1391 6.2403 4.46326e-15
1392 6.2403 4.46326e-15
1393 6.2403 4.46326e-15
1394 6.2403 4.46326e-15
1395 6.2403 4.46326e-15
1396 6.2403 4.46326e-15
1397 6.2403 4.46326e-15
1398 6.2403 4.46326e-15
1399 6.2403 4.46326e-15
1400 6.2403 4.46326e-15
1401 6.2403 4.46326e-15
1402 6.2403 4.46326e-15
1403 6.2403 4.46326e-15
1404 6.2403 4.46326e-15
1405 6.2403 4.46326e-15
1406 6.2403 4.46326e-15
1407 6.2403 4.46326e-15
1408 6.2403 4.46326e-15
1409 6.2403 4.46326e-15
1410 6.2403 4.46326e-15
1411 6.2403 4.46326e-15
1412 6.2403 4.46326e-15
1413 6.2403 4.46326e-15
1414 6.2403 4.46326e-15
1415 6.2403 4.46326e-15
1416 6.2403 4.46326e-15
1417 6.2403 4.46326e-15
1418 6.2403 4.46326e-15
1419 6.2403 4.46326e-15
1420 6.2403 4.46326e-15
1421 6.2403 4.46326e-15
1422 6.2403 4.46326e-15
1423 6.2403 4.46326e-15
1424 6.2403 4.46326e-15
1425 6.2403 4.46326e-15
1426 6.2403 4.46326e-15
1427 6.2403 4.46326e-15
1428 6.2403 4.46326e-15
1429 6.2403 4.46326e-15
1430 6.2403 4.46326e-15
1431 6.2403 4.46326e-15
1432 6.2403 4.46326e-15
1433 6.2403 4.46326e-15
1434 6.2403 4.46326e-15
1435 6.2403 4.46326e-15
1436 6.2403 4.46326e-15
1437 6.2403 4.46326e-15
1438 6.2403 4.46326e-15
1439 6.2403 4.46326e-15
1440 6.2403 4.46326e-15
1441 6.2403 4.46326e-15
1442 6.2403 4.46326e-15
1443 6.2403 4.46326e-15
1444 6.2403 4.46326e-15
1445 6.2403 4.46326e-15
1446 6.2403 4.46326e-15
1447 6.2403 4.46326e-15
1448 6.2403 4.46326e-15
1449 6.2403 4.46326e-15
1450 6.2403 4.46326e-15
1451 6.2403 4.46326e-15
1452 6.2403 4.46326e-15
1453 6.2403 4.46326e-15
1454 6.2403 4.46326e-15
1455 6.2403 4.46326e-15
1456 6.2403 4.46326e-15
1457 6.2403 4.46326e-15
1458 6.2403 4.46326e-15
1459 6.2403 4.46326e-15
1460 6.2403 4.46326e-15
1461 6.2403 4.46326e-15
1462 6.2403 4.46326e-15
1463 6.2403 4.46326e-15
1464 6.2403 4.46326e-15
1465 6.2403 4.46326e-15
1466 6.2403 4.46326e-15
1467 6.2403 4.46326e-15
1468 6.2403 4.46326e-15
1469 6.2403 4.46326e-15
1470 6.2403 4.46326e-15
1471 6.2403 4.46326e-15
1472 6.2403 4.46326e-15
1473 6.2403 4.46326e-15
1474 6.2403 4.46326e-15
1475 6.2403 4.46326e-15
1476 6.2403 4.46326e-15
1477 6.2403 4.46326e-15
1478 6.2403 4.46326e-15
1479 6.2403 4.46326e-15
1480 6.2403 4.46326e-15
1481 6.2403 4.46326e-15
1482 6.2403 4.46326e-15
1483 6.2403 4.46326e-15
1484 6.2403 4.46326e-15
1485 6.2403 4.46326e-15
1486 6.2403 4.46326e-15
1487 6.2403 4.46326e-15
1488 6.2403 4.46326e-15
1489 6.2403 4.46326e-15
1490 6.2403 4.46326e-15
1491 6.2403 4.46326e-15
1492 6.2403 4.46326e-15
1493 6.2403 4.46326e-15
1494 6.2403 4.46326e-15
1495 6.2403 4.46326e-15
1496 6.2403 4.46326e-15
1497 6.2403 4.46326e-15
1498 6.2403 4.46326e-15
1499 6.2403 4.46326e-15
1500 6.2403 4.46326e-15
1501 6.2403 4.46326e-15
1502 6.2403 4.46326e-15
1503 6.2403 4.46326e-15
1504 6.2403 4.46326e-15
1505 6.2403 4.46326e-15
1506 6.2403 4.46326e-15
1507 6.2403 4.46326e-15
1508 6.2403 4.46326e-15
1509 6.2403 4.46326e-15
1510 6.2403 4.46326e-15
1511 6.2403 4.46326e-15
1512 6.2403 4.46326e-15
1513 6.2403 4.46326e-15
1514 6.2403 4.46326e-15
1515 6.2403 4.46326e-15
1516 6.2403 4.46326e-15
1517 6.2403 4.46326e-15
1518 6.2403 4.46326e-15
1519 6.2403 4.46326e-15
1520 6.2403 4.46326e-15
1521 6.2403 4.46326e-15
1522 6.2403 4.46326e-15
1523 6.2403 4.46326e-15
1524 6.2403 4.46326e-15
1525 6.2403 4.46326e-15
1526 6.2403 4.46326e-15
1527 6.2403 4.46326e-15
1528 6.2403 4.46326e-15
1529 6.2403 4.46326e-15
1530 6.2403 4.46326e-15
1531 6.2403 4.46326e-15
1532 6.2403 4.46326e-15
1533 6.2403 4.46326e-15
1534 6.2403 4.46326e-15
1535 6.2403 4.46326e-15
1536 6.2403 4.46326e-15
1537 6.2403 4.46326e-15
1538 6.2403 4.46326e-15
1539 6.2403 4.46326e-15
1540 6.2403 4.46326e-15
1541 6.2403 4.46326e-15
1542 6.2403 4.46326e-15
1543 6.2403 4.46326e-15
1544 6.2403 4.46326e-15
1545 6.2403 4.46326e-15
1546 6.2403 4.46326e-15
1547 6.2403 4.46326e-15
1548 6.2403 4.46326e-15
1549 6.2403 4.46326e-15
1550 6.2403 4.46326e-15
1551 6.2403 4.46326e-15
1552 6.2403 4.46326e-15
1553 6.2403 4.46326e-15
1554 6.2403 4.46326e-15
1555 6.2403 4.46326e-15
1556 6.2403 4.46326e-15
1557 6.2403 4.46326e-15
1558 6.2403 4.46326e-15
1559 6.2403 4.46326e-15
1560 6.2403 4.46326e-15
1561 6.2403 4.46326e-15
1562 6.2403 4.46326e-15
1563 6.2403 4.46326e-15
1564 6.2403 4.46326e-15
1565 6.2403 4.46326e-15
1566 6.2403 4.46326e-15
1567 6.2403 4.46326e-15
1568 6.2403 4.46326e-15
1569 6.2403 4.46326e-15
1570 6.2403 4.46326e-15
1571 6.2403 4.46326e-15
1572 6.2403 4.46326e-15
1573 6.2403 4.46326e-15
1574 6.2403 4.46326e-15
1575 6.2403 4.46326e-15
1576 6.2403 4.46326e-15
1577 6.2403 4.46326e-15
1578 6.2403 4.46326e-15
1579 6.2403 4.46326e-15
1580 6.2403 4.46326e-15
1581 6.2403 4.46326e-15
1582 6.2403 4.46326e-15
1583 6.2403 4.46326e-15
1584 6.2403 4.46326e-15
1585 6.2403 4.46326e-15
1586 6.2403 4.46326e-15
1587 6.2403 4.46326e-15
1588 6.2403 4.46326e-15
1589 6.2403 4.46326e-15
1590 6.2403 4.46326e-15
1591 6.2403 4.46326e-15
1592 6.2403 4.46326e-15
1593 6.2403 4.46326e-15
1594 6.2403 4.46326e-15
1595 6.2403 4.46326e-15
1596 6.2403 4.46326e-15
1597 6.2403 4.46326e-15
1598 6.2403 4.46326e-15
1599 6.2403 4.46326e-15
1600 6.2403 4.46326e-15
1601 6.2403 4.46326e-15
1602 6.2403 4.46326e-15
1603 6.2403 4.46326e-15
1604 6.2403 4.46326e-15
1605 6.2403 4.46326e-15
1606 6.2403 4.46326e-15
1607 6.2403 4.46326e-15
1608 6.2403 4.46326e-15
1609 6.2403 4.46326e-15
1610 6.2403 4.46326e-15
1611 6.2403 4.46326e-15
1612 6.2403 4.46326e-15
1613 6.2403 4.46326e-15
1614 6.2403 4.46326e-15
1615 6.2403 4.46326e-15
1616 6.2403 4.46326e-15
1617 6.2403 4.46326e-15
1618 6.2403 4.46326e-15
1619 6.2403 4.46326e-15
1620 6.2403 4.46326e-15
1621 6.2403 4.46326e-15
1622 6.2403 4.46326e-15
1623 6.2403 4.46326e-15
1624 6.2403 4.46326e-15
1625 6.2403 4.46326e-15
1626 6.2403 4.46326e-15
1627 6.2403 4.46326e-15
1628 6.2403 4.46326e-15
1629 6.2403 4.46326e-15
1630 6.2403 4.46326e-15
1631 6.2403 4.46326e-15
1632 6.2403 4.46326e-15
1633 6.2403 4.46326e-15
1634 6.2403 4.46326e-15
1635 6.2403 4.46326e-15
1636 6.2403 4.46326e-15
1637 6.2403 4.46326e-15
1638 6.2403 4.46326e-15
1639 6.2403 4.46326e-15
1640 6.2403 4.46326e-15
1641 6.2403 4.46326e-15
1642 6.2403 4.46326e-15
1643 6.2403 4.46326e-15
1644 6.2403 4.46326e-15
1645 6.2403 4.46326e-15
1646 6.2403 4.46326e-15
1647 6.2403 4.46326e-15
1648 6.2403 4.46326e-15
1649 6.2403 4.46326e-15
1650 6.2403 4.46326e-15
1651 6.2403 4.46326e-15
1652 6.2403 4.46326e-15
1653 6.2403 4.46326e-15
1654 6.2403 4.46326e-15
1655 6.2403 4.46326e-15
1656 6.2403 4.46326e-15
1657 6.2403 4.46326e-15
1658 6.2403 4.46326e-15
1659 6.2403 4.46326e-15
1660 6.2403 4.46326e-15
1661 6.2403 4.46326e-15
1662 6.2403 4.46326e-15
1663 6.2403 4.46326e-15
1664 6.2403 4.46326e-15
1665 6.2403 4.46326e-15
1666 6.2403 4.46326e-15
1667 6.2403 4.46326e-15
1668 6.2403 4.46326e-15
1669 6.2403 4.46326e-15
1670 6.2403 4.46326e-15
1671 6.2403 4.46326e-15
1672 6.2403 4.46326e-15
1673 6.2403 4.46326e-15
1674 6.2403 4.46326e-15
1675 6.2403 4.46326e-15
1676 6.2403 4.46326e-15
1677 6.2403 4.46326e-15
1678 6.2403 4.46326e-15
1679 6.2403 4.46326e-15
1680 6.2403 4.46326e-15
1681 6.2403 4.46326e-15
1682 6.2403 4.46326e-15
1683 6.2403 4.46326e-15
1684 6.2403 4.46326e-15
1685 6.2403 4.46326e-15
1686 6.2403 4.46326e-15
1687 6.2403 4.46326e-15
1688 6.2403 4.46326e-15
1689 6.2403 4.46326e-15
1690 6.2403 4.46326e-15
1691 6.2403 4.46326e-15
1692 6.2403 4.46326e-15
1693 6.2403 4.46326e-15
1694 6.2403 4.46326e-15
1695 6.2403 4.46326e-15
1696 6.2403 4.46326e-15
1697 6.2403 4.46326e-15
1698 6.2403 4.46326e-15
1699 6.2403 4.46326e-15
1700 6.2403 4.46326e-15
1701 6.2403 4.46326e-15
1702 6.2403 4.46326e-15
1703 6.2403 4.46326e-15
1704 6.2403 4.46326e-15
1705 6.2403 4.46326e-15
1706 6.2403 4.46326e-15
1707 6.2403 4.46326e-15
1708 6.2403 4.46326e-15
1709 6.2403 4.46326e-15
1710 6.2403 4.46326e-15
1711 6.2403 4.46326e-15
1712 6.2403 4.46326e-15
1713 6.2403 4.46326e-15
1714 6.2403 4.46326e-15
1715 6.2403 4.46326e-15
1716 6.2403 4.46326e-15
1717 6.2403 4.46326e-15
1718 6.2403 4.46326e-15
1719 6.2403 4.46326e-15
1720 6.2403 4.46326e-15
1721 6.2403 4.46326e-15
1722 6.2403 4.46326e-15
1723 6.2403 4.46326e-15
1724 6.2403 4.46326e-15
1725 6.2403 4.46326e-15
1726 6.2403 4.46326e-15
1727 6.2403 4.46326e-15
1728 6.2403 4.46326e-15
1729 6.2403 4.46326e-15
1730 6.2403 4.46326e-15
1731 6.2403 4.46326e-15
1732 6.2403 4.46326e-15
1733 6.2403 4.46326e-15
1734 6.2403 4.46326e-15
1735 6.2403 4.46326e-15
1736 6.2403 4.46326e-15
1737 6.2403 4.46326e-15
1738 6.2403 4.46326e-15
1739 6.2403 4.46326e-15
1740 6.2403 4.46326e-15
1741 6.2403 4.46326e-15
1742 6.2403 4.46326e-15
1743 6.2403 4.46326e-15
1744 6.2403 4.46326e-15
1745 6.2403 4.46326e-15
1746 6.2403 4.46326e-15
1747 6.2403 4.46326e-15
1748 6.2403 4.46326e-15
1749 6.2403 4.46326e-15
1750 6.2403 4.46326e-15
1751 6.2403 4.46326e-15
1752 6.2403 4.46326e-15
1753 6.2403 4.46326e-15
1754 6.2403 4.46326e-15
1755 6.2403 4.46326e-15
1756 6.2403 4.46326e-15
1757 6.2403 4.46326e-15
1758 6.2403 4.46326e-15
1759 6.2403 4.46326e-15
1760 6.2403 4.46326e-15
1761 6.2403 4.46326e-15
1762 6.2403 4.46326e-15
1763 6.2403 4.46326e-15
1764 6.2403 4.46326e-15
1765 6.2403 4.46326e-15
1766 6.2403 4.46326e-15
1767 6.2403 4.46326e-15
1768 6.2403 4.46326e-15
1769 6.2403 4.46326e-15
1770 6.2403 4.46326e-15
1771 6.2403 4.46326e-15
1772 6.2403 4.46326e-15
1773 6.2403 4.46326e-15
1774 6.2403 4.46326e-15
1775 6.2403 4.46326e-15
1776 6.2403 4.46326e-15
1777 6.2403 4.46326e-15
1778 6.2403 4.46326e-15
1779 6.2403 4.46326e-15
1780 6.2403 4.46326e-15
1781 6.2403 4.46326e-15
1782 6.2403 4.46326e-15
1783 6.2403 4.46326e-15
1784 6.2403 4.46326e-15
1785 6.2403 4.46326e-15
1786 6.2403 4.46326e-15
1787 6.2403 4.46326e-15
1788 6.2403 4.46326e-15
1789 6.2403 4.46326e-15
1790 6.2403 4.46326e-15
1791 6.2403 4.46326e-15
1792 6.2403 4.46326e-15
1793 6.2403 4.46326e-15
1794 6.2403 4.46326e-15
1795 6.2403 4.46326e-15
1796 6.2403 4.46326e-15
1797 6.2403 4.46326e-15
1798 6.2403 4.46326e-15
1799 6.2403 4.46326e-15
1800 6.2403 4.46326e-15
1801 6.2403 4.46326e-15
1802 6.2403 4.46326e-15
1803 6.2403 4.46326e-15
1804 6.2403 4.46326e-15
1805 6.2403 4.46326e-15
1806 6.2403 4.46326e-15
1807 6.2403 4.46326e-15
1808 6.2403 4.46326e-15
1809 6.2403 4.46326e-15
1810 6.2403 4.46326e-15
1811 6.2403 4.46326e-15
1812 6.2403 4.46326e-15
1813 6.2403 4.46326e-15
1814 6.2403 4.46326e-15
1815 6.2403 4.46326e-15
1816 6.2403 4.46326e-15
1817 6.2403 4.46326e-15
1818 6.2403 4.46326e-15
1819 6.2403 4.46326e-15
1820 6.2403 4.46326e-15
1821 6.2403 4.46326e-15
1822 6.2403 4.46326e-15
1823 6.2403 4.46326e-15
1824 6.2403 4.46326e-15
1825 6.2403 4.46326e-15
1826 6.2403 4.46326e-15
1827 6.2403 4.46326e-15
1828 6.2403 4.46326e-15
1829 6.2403 4.46326e-15
1830 6.2403 4.46326e-15
1831 6.2403 4.46326e-15
1832 6.2403 4.46326e-15
1833 6.2403 4.46326e-15
1834 6.2403 4.46326e-15
1835 6.2403 4.46326e-15
1836 6.2403 4.46326e-15
1837 6.2403 4.46326e-15
1838 6.2403 4.46326e-15
1839 6.2403 4.46326e-15
1840 6.2403 4.46326e-15
1841 6.2403 4.46326e-15
1842 6.2403 4.46326e-15
1843 6.2403 4.46326e-15
1844 6.2403 4.46326e-15
1845 6.2403 4.46326e-15
1846 6.2403 4.46326e-15
1847 6.2403 4.46326e-15
1848 6.2403 4.46326e-15
1849 6.2403 4.46326e-15
1850 6.2403 4.46326e-15
1851 6.2403 4.46326e-15
1852 6.2403 4.46326e-15
1853 6.2403 4.46326e-15
1854 6.2403 4.46326e-15
1855 6.2403 4.46326e-15
1856 6.2403 4.46326e-15
1857 6.2403 4.46326e-15
1858 6.2403 4.46326e-15
1859 6.2403 4.46326e-15
1860 6.2403 4.46326e-15
1861 6.2403 4.46326e-15
1862 6.2403 4.46326e-15
1863 6.2403 4.46326e-15
1864 6.2403 4.46326e-15
1865 6.2403 4.46326e-15
1866 6.2403 4.46326e-15
1867 6.2403 4.46326e-15
1868 6.2403 4.46326e-15
1869 6.2403 4.46326e-15
1870 6.2403 4.46326e-15
1871 6.2403 4.46326e-15
1872 6.2403 4.46326e-15
1873 6.2403 4.46326e-15
1874 6.2403 4.46326e-15
1875 6.2403 4.46326e-15
1876 6.2403 4.46326e-15
1877 6.2403 4.46326e-15
1878 6.2403 4.46326e-15
1879 6.2403 4.46326e-15
1880 6.2403 4.46326e-15
1881 6.2403 4.46326e-15
1882 6.2403 4.46326e-15
1883 6.2403 4.46326e-15
1884 6.2403 4.46326e-15
1885 6.2403 4.46326e-15
1886 6.2403 4.46326e-15
1887 6.2403 4.46326e-15
1888 6.2403 4.46326e-15
1889 6.2403 4.46326e-15
1890 6.2403 4.46326e-15
1891 6.2403 4.46326e-15
1892 6.2403 4.46326e-15
1893 6.2403 4.46326e-15
1894 6.2403 4.46326e-15
1895 6.2403 4.46326e-15
1896 6.2403 4.46326e-15
1897 6.2403 4.46326e-15
1898 6.2403 4.46326e-15
1899 6.2403 4.46326e-15
1900 6.2403 4.46326e-15
1901 6.2403 4.46326e-15
1902 6.2403 4.46326e-15
1903 6.2403 4.46326e-15
1904 6.2403 4.46326e-15
1905 6.2403 4.46326e-15
1906 6.2403 4.46326e-15
1907 6.2403 4.46326e-15
1908 6.2403 4.46326e-15
1909 6.2403 4.46326e-15
1910 6.2403 4.46326e-15
1911 6.2403 4.46326e-15
1912 6.2403 4.46326e-15
1913 6.2403 4.46326e-15
1914 6.2403 4.46326e-15
1915 6.2403 4.46326e-15
1916 6.2403 4.46326e-15
1917 6.2403 4.46326e-15
1918 6.2403 4.46326e-15
1919 6.2403 4.46326e-15
1920 6.2403 4.46326e-15
1921 6.2403 4.46326e-15
1922 6.2403 4.46326e-15
1923 6.2403 4.46326e-15
1924 6.2403 4.46326e-15
1925 6.2403 4.46326e-15
1926 6.2403 4.46326e-15
1927 6.2403 4.46326e-15
1928 6.2403 4.46326e-15
1929 6.2403 4.46326e-15
1930 6.2403 4.46326e-15
1931 6.2403 4.46326e-15
1932 6.2403 4.46326e-15
1933 6.2403 4.46326e-15
1934 6.2403 4.46326e-15
1935 6.2403 4.46326e-15
1936 6.2403 4.46326e-15
1937 6.2403 4.46326e-15
1938 6.2403 4.46326e-15
1939 6.2403 4.46326e-15
1940 6.2403 4.46326e-15
1941 6.2403 4.46326e-15
1942 6.2403 4.46326e-15
1943 6.2403 4.46326e-15
1944 6.2403 4.46326e-15
1945 6.2403 4.46326e-15
1946 6.2403 4.46326e-15
1947 6.2403 4.46326e-15
1948 6.2403 4.46326e-15
1949 6.2403 4.46326e-15
1950 6.2403 4.46326e-15
1951 6.2403 4.46326e-15
1952 6.2403 4.46326e-15
1953 6.2403 4.46326e-15
1954 6.2403 4.46326e-15
1955 6.2403 4.46326e-15
1956 6.2403 4.46326e-15
1957 6.2403 4.46326e-15
1958 6.2403 4.46326e-15
1959 6.2403 4.46326e-15
1960 6.2403 4.46326e-15
1961 6.2403 4.46326e-15
1962 6.2403 4.46326e-15
1963 6.2403 4.46326e-15
1964 6.2403 4.46326e-15
1965 6.2403 4.46326e-15
1966 6.2403 4.46326e-15
1967 6.2403 4.46326e-15
1968 6.2403 4.46326e-15
1969 6.2403 4.46326e-15
1970 6.2403 4.46326e-15
1971 6.2403 4.46326e-15
1972 6.2403 4.46326e-15
1973 6.2403 4.46326e-15
1974 6.2403 4.46326e-15
1975 6.2403 4.46326e-15
1976 6.2403 4.46326e-15
1977 6.2403 4.46326e-15
1978 6.2403 4.46326e-15
1979 6.2403 4.46326e-15
1980 6.2403 4.46326e-15
1981 6.2403 4.46326e-15
1982 6.2403 4.46326e-15
1983 6.2403 4.46326e-15
1984 6.2403 4.46326e-15
1985 6.2403 4.46326e-15
1986 6.2403 4.46326e-15
1987 6.2403 4.46326e-15
1988 6.2403 4.46326e-15
1989 6.2403 4.46326e-15
1990 6.2403 4.46326e-15
1991 6.2403 4.46326e-15
1992 6.2403 4.46326e-15
1993 6.2403 4.46326e-15
1994 6.2403 4.46326e-15
1995 6.2403 4.46326e-15
1996 6.2403 4.46326e-15
1997 6.2403 4.46326e-15
1998 6.2403 4.46326e-15
1999 6.2403 4.46326e-15
2000 6.2403 4.46326e-15
