1 31.6384 1.55158
2 29.9632 0.774255
3 29.2029 0.731036
4 28.3455 1.00763
5 26.9728 0.835745
6 25.9674 1.04255
7 24.7865 0.453019
8 24.4621 0.524716
9 24.038 0.324578
10 23.8546 0.0366998
11 23.803 0.12316
12 23.6042 0.368975
13 23.3207 0.452541
14 22.884 0.301627
15 22.6454 0.33196
16 22.2717 0.53021
17 21.8751 0.499632
18 21.3867 0.476008
19 20.7697 0.627731
20 20.1144 0.108803
21 19.9919 0.0818422
22 19.94 0.011911
23 19.9305 0.0342589
24 19.8931 0.0584483
25 19.8374 0.0390176
26 19.8216 0.00541224
27 19.8194 0.0118551
28 19.8075 0.0241492
29 19.7853 0.025374
30 19.7679 0.0013006
31 19.7568 0.0815958
32 19.6278 0.288399
33 19.3351 0.374302
34 19.0339 0.201075
35 18.9386 0.0703895
36 18.8849 0.104789
37 18.7967 0.162773
38 18.608 0.252724
39 18.3372 0.250545
40 18.2207 0.204268
41 18.062 0.0653098
42 18 0.132866
43 17.9013 0.179364
44 17.7232 0.215459
45 17.5199 0.244989
46 17.3171 0.23044
47 17.1818 0.135798
48 17.0709 0.121652
49 16.9819 0.118207
50 16.8973 0.0138716
51 16.8897 0.0149479
52 16.8705 0.0241908
53 16.8532 0.0319674
54 16.8224 0.0174713
55 16.8079 0.0726277
56 16.746 0.190949
57 16.5415 0.309937
58 16.2993 0.260029
59 16.113 0.0746539
60 16.0248 0.129146
61 15.9417 0.112956
62 15.8749 0.0195518
63 15.8573 0.0589509
64 15.8062 0.0941906
65 15.7747 0.0977902
66 15.7259 0.081997
67 15.6803 0.00996326
68 15.6654 0.0367099
69 15.6315 0.0500672
70 15.6046 0.0421398
71 15.5817 3.39208e-14
72 15.5817 3.39208e-14
73 15.5817 3.39208e-14
74 15.5817 3.39208e-14
75 15.5768 0.0392888
76 15.5339 0.120887
77 15.3934 0.184941
78 15.2453 0.114345
79 15.1956 1.60678e-14
80 15.1956 0.00020651
81 15.1953 0.000720174
82 15.1946 0.00103692
83 15.1936 2.85649e-14
84 15.1936 2.85649e-14
85 15.1936 2.85649e-14
86 15.1916 0.0140844
87 15.1751 0.0410145
88 15.1169 0.0758338
89 15.0552 0.12775
90 14.8813 0.22784
91 14.6635 0.151504
92 14.5933 0.0418929
93 14.5537 0.0618861
94 14.5235 0.0579007
95 14.4838 0.00237139
96 14.4815 0.0067702
97 14.4752 0.017843
98 14.4582 0.0296982
99 14.4293 0.0232408
100 14.4185 0.00325574
101 14.4152 0.0102382
102 14.4022 0.0163574
103 14.3938 0.0145415
104 14.3826 0.0104007
105 14.3777 0.0145806
106 14.3678 0.0165003
107 14.3532 2.14237e-14
108 14.3532 2.14237e-14
109 14.3532 2.14237e-14
110 14.3532 2.14237e-14
111 14.3526 0.00576637
112 14.3434 0.0217695
113 14.3226 0.0289249
114 14.2987 0.0129708
115 14.2955 1.24971e-14
116 14.2955 1.24971e-14
117 14.2955 1.24971e-14
118 14.2947 0.0078355
119 14.2845 0.027201
120 14.2666 0.0378249
121 14.2474 0.0379686
122 14.2226 0.040496
123 14.1918 0.0874048
124 14.1277 0.144658
125 14.0251 0.157835
126 13.8969 7.14122e-15
127 13.8912 0.0576076
128 13.8351 0.177341
129 13.6957 0.271184
130 13.4414 0.228947
131 13.3208 1.60678e-14
132 13.3208 1.60678e-14
133 13.3208 1.60678e-14
134 13.3208 1.60678e-14
135 13.312 0.0881874
136 13.2589 0.226096
137 13.0032 0.425292
138 12.6412 0.371947
139 12.439 2.14237e-14
140 12.439 2.14237e-14
141 12.439 2.14237e-14
142 12.439 2.14237e-14
143 12.439 2.14237e-14
144 12.439 2.14237e-14
145 12.439 2.14237e-14
146 12.439 2.14237e-14
147 12.439 2.14237e-14
148 12.439 2.14237e-14
149 12.439 2.14237e-14
150 12.439 2.14237e-14
151 12.439 2.14237e-14
152 12.439 2.14237e-14
153 12.439 2.14237e-14
154 12.439 2.14237e-14
155 12.439 2.14237e-14
156 12.439 2.14237e-14
157 12.439 2.14237e-14
158 12.439 2.14237e-14
159 12.439 2.14237e-14
160 12.439 2.14237e-14
161 12.439 2.14237e-14
162 12.439 2.14237e-14
163 12.439 2.14237e-14
164 12.439 2.14237e-14
165 12.439 2.14237e-14
166 12.439 2.14237e-14
167 12.439 2.14237e-14
168 12.439 2.14237e-14
169 12.439 2.14237e-14
170 12.439 2.14237e-14
171 12.439 2.14237e-14
172 12.439 2.14237e-14
173 12.439 2.14237e-14
174 12.439 2.14237e-14
175 12.439 2.14237e-14
176 12.439 2.14237e-14
177 12.439 2.14237e-14
178 12.439 2.14237e-14
179 12.439 2.14237e-14
180 12.439 2.14237e-14
181 12.439 2.14237e-14
182 12.439 2.14237e-14
183 12.439 2.14237e-14
184 12.439 2.14237e-14
185 12.439 2.14237e-14
186 12.439 2.14237e-14
187 12.439 2.14237e-14
188 12.439 2.14237e-14
189 12.439 2.14237e-14
190 12.439 2.14237e-14
191 12.439 2.14237e-14
192 12.439 2.14237e-14
193 12.439 2.14237e-14
194 12.439 2.14237e-14
195 12.439 2.14237e-14
196 12.439 2.14237e-14
197 12.439 2.14237e-14
198 12.439 2.14237e-14
199 12.439 2.14237e-14
200 12.439 2.14237e-14
201 12.439 2.14237e-14
202 12.4387 0.00302563
203 12.4353 0.00988166
204 12.4247 0.015177
205 12.4105 0.00722167
206 12.4087 7.14122e-15
207 12.4087 7.14122e-15
208 12.4087 7.14122e-15
209 12.4087 7.14122e-15
210 12.4087 7.14122e-15
211 12.4087 7.14122e-15
212 12.4087 7.14122e-15
213 12.4087 7.14122e-15
214 12.4087 7.14122e-15
215 12.4084 0.00204458
216 12.4061 0.00561072
217 12.401 0.0072889
218 12.3969 0.00572921
219 12.3942 1.07118e-14
220 12.3942 1.07118e-14
221 12.3931 0.0108126
222 12.3758 0.0408202
223 12.3271 0.0527472
224 12.2861 5.35592e-15
225 12.2861 5.35592e-15
226 12.2861 5.35592e-15
227 12.2861 5.35592e-15
228 12.2861 5.35592e-15
229 12.2861 5.35592e-15
230 12.2861 5.35592e-15
231 12.2861 5.35592e-15
232 12.2861 5.35592e-15
233 12.2861 5.35592e-15
234 12.2861 5.35592e-15
235 12.2861 5.35592e-15
236 12.2861 5.35592e-15
237 12.2861 5.35592e-15
238 12.2861 5.35592e-15
239 12.2861 5.35592e-15
240 12.2861 5.35592e-15
241 12.2861 5.35592e-15
242 12.2859 0.00191623
243 12.2841 0.00577766
244 12.2801 0.0089071
245 12.2744 0.00939351
246 12.2673 0.00269624
247 12.2669 1.42824e-14
248 12.2669 1.42824e-14
249 12.2669 1.42824e-14
250 12.2669 1.42824e-14
251 12.2669 1.42824e-14
252 12.2669 1.42824e-14
253 12.2669 1.42824e-14
254 12.2669 1.42824e-14
255 12.2669 1.42824e-14
256 12.2669 1.42824e-14
257 12.2669 1.42824e-14
258 12.2669 1.42824e-14
259 12.2668 0.000627607
260 12.2661 0.0021213
261 12.2643 0.00311321
262 12.2619 0.00252307
263 12.2606 1.60678e-14
264 12.2606 1.60678e-14
265 12.2603 0.00328839
266 12.2557 0.011801
267 12.2484 0.0159564
268 12.2307 0.00945817
269 12.2277 7.14122e-15
270 12.2277 7.14122e-15
271 12.2277 7.14122e-15
272 12.2277 7.14122e-15
273 12.2277 7.14122e-15
274 12.2277 7.14122e-15
275 12.2277 7.14122e-15
276 12.2277 7.14122e-15
277 12.2277 0.000766009
278 12.2267 0.00258909
279 12.2247 0.00375503
280 12.2235 0.00383005
281 12.2205 0.00182834
282 12.2201 1.42824e-14
283 12.2201 1.42824e-14
284 12.2201 1.42824e-14
285 12.2201 1.42824e-14
286 12.2201 1.42824e-14
287 12.2201 1.42824e-14
288 12.2201 1.42824e-14
289 12.2201 1.42824e-14
290 12.2201 1.42824e-14
291 12.2201 1.42824e-14
292 12.2201 1.42824e-14
293 12.2201 1.42824e-14
294 12.2201 1.42824e-14
295 12.2201 1.42824e-14
296 12.2201 1.42824e-14
297 12.2201 1.42824e-14
298 12.2201 1.42824e-14
299 12.2201 1.42824e-14
300 12.2201 1.42824e-14
301 12.2201 1.42824e-14
302 12.2194 0.00684559
303 12.2125 0.021527
304 12.1872 0.0343728
305 12.1578 0.0196895
306 12.1516 1.78531e-14
307 12.1516 1.78531e-14
308 12.1516 1.78531e-14
309 12.1516 1.78531e-14
310 12.1516 1.78531e-14
311 12.1516 1.78531e-14
312 12.1516 1.78531e-14
313 12.1516 1.78531e-14
314 12.1516 1.78531e-14
315 12.1516 1.78531e-14
316 12.1516 1.78531e-14
317 12.1516 1.78531e-14
318 12.1516 1.78531e-14
319 12.1516 1.78531e-14
320 12.1516 0.000194112
321 12.1515 0.000497767
322 12.1511 0.000844766
323 12.1504 0.000936433
324 12.1498 0.000504266
325 12.1497 8.92653e-15
326 12.1497 8.92653e-15
327 12.1497 8.92653e-15
328 12.1497 8.92653e-15
329 12.1497 8.92653e-15
330 12.1497 8.92653e-15
331 12.1497 8.92653e-15
332 12.1497 8.92653e-15
333 12.1497 8.92653e-15
334 12.1497 8.92653e-15
335 12.1497 8.92653e-15
336 12.1497 8.92653e-15
337 12.1497 8.92653e-15
338 12.1497 8.92653e-15
339 12.1497 8.92653e-15
340 12.1497 8.92653e-15
341 12.1497 8.92653e-15
342 12.1497 8.92653e-15
343 12.1497 8.92653e-15
344 12.1497 8.92653e-15
345 12.1497 8.92653e-15
346 12.1497 8.92653e-15
347 12.1497 8.92653e-15
348 12.1497 8.92653e-15
349 12.1497 8.92653e-15
350 12.1497 8.92653e-15
351 12.1497 8.92653e-15
352 12.1497 8.92653e-15
353 12.1497 8.92653e-15
354 12.1497 8.92653e-15
355 12.1497 8.92653e-15
356 12.1497 8.92653e-15
357 12.1497 8.92653e-15
358 12.1497 8.92653e-15
359 12.1497 8.92653e-15
360 12.1497 8.92653e-15
361 12.1497 8.92653e-15
362 12.1497 8.92653e-15
363 12.1497 8.92653e-15
364 12.1497 8.92653e-15
365 12.1497 8.92653e-15
366 12.1497 8.92653e-15
367 12.1497 8.92653e-15
368 12.1497 8.92653e-15
369 12.1497 8.92653e-15
370 12.1497 8.92653e-15
371 12.1497 8.92653e-15
372 12.1497 8.92653e-15
373 12.1497 8.92653e-15
374 12.1497 8.92653e-15
375 12.1497 8.92653e-15
376 12.1497 8.92653e-15
377 12.1497 8.92653e-15
378 12.1497 8.92653e-15
379 12.1497 8.92653e-15
380 12.1497 8.92653e-15
381 12.1497 8.92653e-15
382 12.1497 8.92653e-15
383 12.1497 8.92653e-15
384 12.1497 8.92653e-15
385 12.1497 8.92653e-15
386 12.1497 8.92653e-15
387 12.1497 8.92653e-15
388 12.1497 8.92653e-15
389 12.1497 8.92653e-15
390 12.1497 8.92653e-15
391 12.1497 8.92653e-15
392 12.1497 8.92653e-15
393 12.1497 8.92653e-15
394 12.1497 8.92653e-15
395 12.1497 8.92653e-15
396 12.1497 8.92653e-15
397 12.1497 8.92653e-15
398 12.1497 8.92653e-15
399 12.1497 8.92653e-15
400 12.1497 8.92653e-15
401 12.1497 8.92653e-15
402 12.1497 8.92653e-15
403 12.1497 8.92653e-15
404 12.1497 8.92653e-15
405 12.1497 8.92653e-15
406 12.1497 8.92653e-15
407 12.1497 8.92653e-15
408 12.1497 8.92653e-15
409 12.1497 8.92653e-15
410 12.1497 8.92653e-15
411 12.1497 8.92653e-15
412 12.1497 8.92653e-15
413 12.1497 8.92653e-15
414 12.1497 8.92653e-15
415 12.1497 8.92653e-15
416 12.1497 8.92653e-15
417 12.1497 8.92653e-15
418 12.1497 8.92653e-15
419 12.1497 8.92653e-15
420 12.1497 8.92653e-15
421 12.1497 8.92653e-15
422 12.1497 8.92653e-15
423 12.1497 8.92653e-15
424 12.1497 8.92653e-15
425 12.1497 8.92653e-15
426 12.1497 8.92653e-15
427 12.1497 8.92653e-15
428 12.1497 8.92653e-15
429 12.1497 8.92653e-15
430 12.1497 8.92653e-15
431 12.1497 8.92653e-15
432 12.1497 8.92653e-15
433 12.1497 8.92653e-15
434 12.1497 8.92653e-15
435 12.1497 8.92653e-15
436 12.1497 8.92653e-15
437 12.1497 8.92653e-15
438 12.1497 8.92653e-15
439 12.1497 8.92653e-15
440 12.1497 8.92653e-15
441 12.1497 8.92653e-15
442 12.1497 8.92653e-15
443 12.1497 8.92653e-15
444 12.1497 8.92653e-15
445 12.1497 8.92653e-15
446 12.1497 8.92653e-15
447 12.1497 8.92653e-15
448 12.1497 8.92653e-15
449 12.1497 8.92653e-15
450 12.1497 8.92653e-15
451 12.1497 8.92653e-15
452 12.1497 8.92653e-15
453 12.1497 8.92653e-15
454 12.1497 8.92653e-15
455 12.1497 8.92653e-15
456 12.1497 8.92653e-15
457 12.1497 8.92653e-15
458 12.1497 8.92653e-15
459 12.1497 8.92653e-15
460 12.1497 8.92653e-15
461 12.1497 8.92653e-15
462 12.1497 8.92653e-15
463 12.1497 8.92653e-15
464 12.1497 8.92653e-15
465 12.1497 8.92653e-15
466 12.1497 8.92653e-15
467 12.1497 8.92653e-15
468 12.1497 8.92653e-15
469 12.1497 8.92653e-15
470 12.1497 8.92653e-15
471 12.1497 8.92653e-15
472 12.1497 8.92653e-15
473 12.1497 8.92653e-15
474 12.1497 8.92653e-15
475 12.1497 8.92653e-15
476 12.1497 8.92653e-15
477 12.1497 8.92653e-15
478 12.1497 8.92653e-15
479 12.1497 8.92653e-15
480 12.1497 8.92653e-15
481 12.1497 8.92653e-15
482 12.1497 8.92653e-15
483 12.1497 8.92653e-15
484 12.1497 8.92653e-15
485 12.1497 8.92653e-15
486 12.1497 8.92653e-15
487 12.1497 8.92653e-15
488 12.1497 8.92653e-15
489 12.1497 8.92653e-15
490 12.1497 8.92653e-15
491 12.1497 8.92653e-15
492 12.1497 8.92653e-15
493 12.1497 8.92653e-15
494 12.1497 8.92653e-15
495 12.1497 8.92653e-15
496 12.1497 8.92653e-15
497 12.1497 8.92653e-15
498 12.1497 8.92653e-15
499 12.1497 8.92653e-15
500 12.1497 8.92653e-15
501 12.1497 8.92653e-15
502 12.1497 8.92653e-15
503 12.1497 8.92653e-15
504 12.1497 8.92653e-15
505 12.1497 8.92653e-15
506 12.1497 8.92653e-15
507 12.1497 8.92653e-15
508 12.1497 8.92653e-15
509 12.1497 8.92653e-15
510 12.1497 8.92653e-15
511 12.1497 8.92653e-15
512 12.1497 8.92653e-15
513 12.1497 8.92653e-15
514 12.1497 8.92653e-15
515 12.1497 8.92653e-15
516 12.1497 8.92653e-15
517 12.1497 8.92653e-15
518 12.1497 8.92653e-15
519 12.1497 8.92653e-15
520 12.1497 8.92653e-15
521 12.1497 8.92653e-15
522 12.1497 8.92653e-15
523 12.1497 8.92653e-15
524 12.1497 8.92653e-15
525 12.1497 8.92653e-15
526 12.1497 8.92653e-15
527 12.1497 8.92653e-15
528 12.1497 8.92653e-15
529 12.1497 8.92653e-15
530 12.1497 8.92653e-15
531 12.1497 8.92653e-15
532 12.1497 8.92653e-15
533 12.1497 8.92653e-15
534 12.1497 8.92653e-15
535 12.1497 8.92653e-15
536 12.1497 8.92653e-15
537 12.1497 8.92653e-15
538 12.1497 8.92653e-15
539 12.1497 8.92653e-15
540 12.1497 8.92653e-15
541 12.1497 8.92653e-15
542 12.1497 8.92653e-15
543 12.1497 8.92653e-15
544 12.1497 8.92653e-15
545 12.1497 8.92653e-15
546 12.1497 8.92653e-15
547 12.1497 8.92653e-15
548 12.1497 8.92653e-15
549 12.1497 8.92653e-15
550 12.1497 8.92653e-15
551 12.1497 8.92653e-15
552 12.1497 8.92653e-15
553 12.1497 8.92653e-15
554 12.1497 8.92653e-15
555 12.1497 8.92653e-15
556 12.1497 8.92653e-15
557 12.1497 8.92653e-15
558 12.1497 8.92653e-15
559 12.1497 8.92653e-15
560 12.1497 8.92653e-15
561 12.1497 8.92653e-15
562 12.1497 8.92653e-15
563 12.1497 8.92653e-15
564 12.1497 8.92653e-15
565 12.1497 8.92653e-15
566 12.1497 8.92653e-15
567 12.1497 8.92653e-15
568 12.1497 8.92653e-15
569 12.1497 8.92653e-15
570 12.1497 8.92653e-15
571 12.1497 8.92653e-15
572 12.1497 8.92653e-15
573 12.1497 8.92653e-15
574 12.1497 8.92653e-15
575 12.1497 8.92653e-15
576 12.1497 8.92653e-15
577 12.1497 8.92653e-15
578 12.1497 8.92653e-15
579 12.1497 8.92653e-15
580 12.1497 8.92653e-15
581 12.1497 8.92653e-15
582 12.1497 8.92653e-15
583 12.1497 8.92653e-15
584 12.1497 8.92653e-15
585 12.1497 8.92653e-15
586 12.1497 8.92653e-15
587 12.1497 8.92653e-15
588 12.1497 8.92653e-15
589 12.1497 8.92653e-15
590 12.1497 8.92653e-15
591 12.1497 8.92653e-15
592 12.1497 8.92653e-15
593 12.1497 8.92653e-15
594 12.1497 8.92653e-15
595 12.1497 8.92653e-15
596 12.1497 8.92653e-15
597 12.1497 8.92653e-15
598 12.1497 8.92653e-15
599 12.1497 8.92653e-15
600 12.1497 8.92653e-15
601 12.1497 8.92653e-15
602 12.1497 8.92653e-15
603 12.1497 8.92653e-15
604 12.1497 8.92653e-15
605 12.1497 8.92653e-15
606 12.1497 8.92653e-15
607 12.1497 8.92653e-15
608 12.1497 8.92653e-15
609 12.1497 8.92653e-15
610 12.1497 8.92653e-15
611 12.1497 8.92653e-15
612 12.1497 8.92653e-15
613 12.1497 8.92653e-15
614 12.1497 8.92653e-15
615 12.1497 8.92653e-15
616 12.1497 8.92653e-15
617 12.1497 8.92653e-15
618 12.1497 8.92653e-15
619 12.1497 8.92653e-15
620 12.1497 8.92653e-15
621 12.1497 8.92653e-15
622 12.1497 8.92653e-15
623 12.1497 8.92653e-15
624 12.1497 8.92653e-15
625 12.1497 8.92653e-15
626 12.1497 8.92653e-15
627 12.1497 8.92653e-15
628 12.1497 8.92653e-15
629 12.1497 8.92653e-15
630 12.1497 8.92653e-15
631 12.1497 8.92653e-15
632 12.1497 8.92653e-15
633 12.1497 8.92653e-15
634 12.1497 8.92653e-15
635 12.1497 8.92653e-15
636 12.1497 8.92653e-15
637 12.1497 8.92653e-15
638 12.1497 8.92653e-15
639 12.1497 8.92653e-15
640 12.1497 8.92653e-15
641 12.1497 8.92653e-15
642 12.1497 8.92653e-15
643 12.1497 8.92653e-15
644 12.1497 8.92653e-15
645 12.1497 8.92653e-15
646 12.1497 8.92653e-15
647 12.1497 8.92653e-15
648 12.1497 8.92653e-15
649 12.1497 8.92653e-15
650 12.1497 8.92653e-15
651 12.1497 8.92653e-15
652 12.1497 8.92653e-15
653 12.1497 8.92653e-15
654 12.1497 8.92653e-15
655 12.1497 8.92653e-15
656 12.1497 8.92653e-15
657 12.1497 8.92653e-15
658 12.1497 8.92653e-15
659 12.1497 8.92653e-15
660 12.1497 8.92653e-15
661 12.1497 8.92653e-15
662 12.1497 8.92653e-15
663 12.1497 8.92653e-15
664 12.1497 8.92653e-15
665 12.1497 8.92653e-15
666 12.1497 8.92653e-15
667 12.1497 8.92653e-15
668 12.1497 8.92653e-15
669 12.1497 8.92653e-15
670 12.1497 8.92653e-15
671 12.1497 8.92653e-15
672 12.1497 8.92653e-15
673 12.1497 8.92653e-15
674 12.1497 8.92653e-15
675 12.1497 8.92653e-15
676 12.1497 8.92653e-15
677 12.1497 8.92653e-15
678 12.1497 8.92653e-15
679 12.1497 8.92653e-15
680 12.1497 8.92653e-15
681 12.1497 8.92653e-15
682 12.1497 8.92653e-15
683 12.1497 8.92653e-15
684 12.1497 8.92653e-15
685 12.1497 8.92653e-15
686 12.1497 8.92653e-15
687 12.1497 8.92653e-15
688 12.1497 8.92653e-15
689 12.1479 0.017479
690 12.1235 0.062727
691 12.0413 0.0852682
692 11.9784 0.0245939
693 11.9731 0.0174529
694 11.9508 0.0600201
695 11.9163 0.0821846
696 11.8562 0.0818237
697 11.8004 2.85649e-14
698 11.8004 2.85649e-14
699 11.8004 2.85649e-14
700 11.8004 2.85649e-14
701 11.8004 2.85649e-14
702 11.8004 2.85649e-14
703 11.8004 2.85649e-14
704 11.8004 2.85649e-14
705 11.8004 2.85649e-14
706 11.8004 2.85649e-14
707 11.8004 2.85649e-14
708 11.8004 2.85649e-14
709 11.8004 2.85649e-14
710 11.8004 2.85649e-14
711 11.8004 2.85649e-14
712 11.8004 2.85649e-14
713 11.8004 2.85649e-14
714 11.8004 2.85649e-14
715 11.8004 2.85649e-14
716 11.8004 2.85649e-14
717 11.8004 2.85649e-14
718 11.8004 2.85649e-14
719 11.8004 2.85649e-14
720 11.8004 2.85649e-14
721 11.8004 2.85649e-14
722 11.8004 2.85649e-14
723 11.8004 2.85649e-14
724 11.8004 2.85649e-14
725 11.8004 2.85649e-14
726 11.8004 2.85649e-14
727 11.8004 2.85649e-14
728 11.8004 2.85649e-14
729 11.8004 2.85649e-14
730 11.8004 2.85649e-14
731 11.8004 2.85649e-14
732 11.8004 2.85649e-14
733 11.8004 2.85649e-14
734 11.8004 2.85649e-14
735 11.8004 2.85649e-14
736 11.8004 2.85649e-14
737 11.8004 2.85649e-14
738 11.8004 2.85649e-14
739 11.8004 2.85649e-14
740 11.8004 2.85649e-14
741 11.8004 2.85649e-14
742 11.8004 2.85649e-14
743 11.8004 2.85649e-14
744 11.8004 2.85649e-14
745 11.8004 2.85649e-14
746 11.8004 2.85649e-14
747 11.8004 2.85649e-14
748 11.8004 2.85649e-14
749 11.8004 2.85649e-14
750 11.8004 2.85649e-14
751 11.8004 2.85649e-14
752 11.8004 2.85649e-14
753 11.799 0.0130993
754 11.7859 0.0411929
755 11.7532 0.0631935
756 11.7218 0.0644966
757 11.6733 0.0224583
758 11.666 0.0337359
759 11.6221 0.117649
760 11.5412 0.164574
761 11.3826 0.121068
762 11.332 1.42824e-14
763 11.332 1.42824e-14
764 11.332 1.42824e-14
765 11.332 1.42824e-14
766 11.332 1.42824e-14
767 11.332 1.42824e-14
768 11.332 1.42824e-14
769 11.332 1.42824e-14
770 11.332 1.42824e-14
771 11.332 1.42824e-14
772 11.332 1.42824e-14
773 11.332 1.42824e-14
774 11.332 1.42824e-14
775 11.332 1.42824e-14
776 11.332 1.42824e-14
777 11.332 1.42824e-14
778 11.332 1.42824e-14
779 11.332 1.42824e-14
780 11.332 1.42824e-14
781 11.332 1.42824e-14
782 11.332 1.42824e-14
783 11.332 1.42824e-14
784 11.332 1.42824e-14
785 11.332 1.42824e-14
786 11.332 1.42824e-14
787 11.332 1.42824e-14
788 11.332 1.42824e-14
789 11.332 1.42824e-14
790 11.332 1.42824e-14
791 11.332 1.42824e-14
792 11.332 1.42824e-14
793 11.332 1.42824e-14
794 11.332 1.42824e-14
795 11.332 1.42824e-14
796 11.332 1.42824e-14
797 11.332 1.42824e-14
798 11.3315 0.00527015
799 11.3257 0.0172123
800 11.3083 0.0263508
801 11.2819 0.0115439
802 11.2793 3.57061e-15
803 11.2793 3.57061e-15
804 11.2793 3.57061e-15
805 11.2793 3.57061e-15
806 11.2793 3.57061e-15
807 11.2793 3.57061e-15
808 11.2793 3.57061e-15
809 11.2793 3.57061e-15
810 11.2793 3.57061e-15
811 11.2793 3.57061e-15
812 11.2793 3.57061e-15
813 11.2793 3.57061e-15
814 11.2793 3.57061e-15
815 11.2793 3.57061e-15
816 11.2793 3.57061e-15
817 11.2793 3.57061e-15
818 11.2793 3.57061e-15
819 11.2793 3.57061e-15
820 11.2793 3.57061e-15
821 11.2793 3.57061e-15
822 11.2793 3.57061e-15
823 11.2793 3.57061e-15
824 11.2793 3.57061e-15
825 11.2793 3.57061e-15
826 11.2793 3.57061e-15
827 11.2793 3.57061e-15
828 11.2793 3.57061e-15
829 11.2793 3.57061e-15
830 11.2793 3.57061e-15
831 11.2793 3.57061e-15
832 11.2793 3.57061e-15
833 11.2793 3.57061e-15
834 11.2793 3.57061e-15
835 11.2793 3.57061e-15
836 11.2793 3.57061e-15
837 11.2793 3.57061e-15
838 11.2793 3.57061e-15
839 11.2793 3.57061e-15
840 11.2793 3.57061e-15
841 11.2793 3.57061e-15
842 11.2793 3.57061e-15
843 11.2793 3.57061e-15
844 11.2793 3.57061e-15
845 11.2793 3.57061e-15
846 11.2793 3.57061e-15
847 11.2793 3.57061e-15
848 11.2793 3.57061e-15
849 11.2793 3.57061e-15
850 11.2793 3.57061e-15
851 11.2793 3.57061e-15
852 11.2793 3.57061e-15
853 11.2793 3.57061e-15
854 11.2793 3.57061e-15
855 11.2793 3.57061e-15
856 11.2793 3.57061e-15
857 11.2793 3.57061e-15
858 11.2793 3.57061e-15
859 11.2793 3.57061e-15
860 11.2793 3.57061e-15
861 11.2793 3.57061e-15
862 11.2793 3.57061e-15
863 11.2793 3.57061e-15
864 11.2793 3.57061e-15
865 11.2793 3.57061e-15
866 11.2793 3.57061e-15
867 11.2793 3.57061e-15
868 11.2793 3.57061e-15
869 11.2793 3.57061e-15
870 11.2793 3.57061e-15
871 11.2793 3.57061e-15
872 11.2793 3.57061e-15
873 11.2793 3.57061e-15
874 11.2793 3.57061e-15
875 11.2793 3.57061e-15
876 11.2793 3.57061e-15
877 11.2793 3.57061e-15
878 11.2793 3.57061e-15
879 11.2793 3.57061e-15
880 11.2793 3.57061e-15
881 11.2793 3.57061e-15
882 11.2793 3.57061e-15
883 11.2793 3.57061e-15
884 11.2793 3.57061e-15
885 11.2793 3.57061e-15
886 11.2793 3.57061e-15
887 11.2793 3.57061e-15
888 11.2793 3.57061e-15
889 11.2793 3.57061e-15
890 11.2793 3.57061e-15
891 11.2793 3.57061e-15
892 11.2793 3.57061e-15
893 11.2793 3.57061e-15
894 11.2793 3.57061e-15
895 11.2793 3.57061e-15
896 11.2793 3.57061e-15
897 11.2793 3.57061e-15
898 11.2793 3.57061e-15
899 11.2793 3.57061e-15
900 11.2793 3.57061e-15
901 11.2793 3.57061e-15
902 11.2793 3.57061e-15
903 11.2793 3.57061e-15
904 11.2793 3.57061e-15
905 11.2793 3.57061e-15
906 11.2793 3.57061e-15
907 11.2793 3.57061e-15
908 11.2793 3.57061e-15
909 11.2793 3.57061e-15
910 11.2793 3.57061e-15
911 11.2793 3.57061e-15
912 11.2793 3.57061e-15
913 11.2793 3.57061e-15
914 11.2793 3.57061e-15
915 11.2793 3.57061e-15
916 11.2793 3.57061e-15
917 11.2793 3.57061e-15
918 11.2793 3.57061e-15
919 11.2793 3.57061e-15
920 11.2793 3.57061e-15
921 11.2793 3.57061e-15
922 11.2793 3.57061e-15
923 11.2793 3.57061e-15
924 11.2793 3.57061e-15
925 11.2793 3.57061e-15
926 11.2793 3.57061e-15
927 11.2793 3.57061e-15
928 11.2793 3.57061e-15
929 11.2793 3.57061e-15
930 11.2793 3.57061e-15
931 11.2793 3.57061e-15
932 11.2793 3.57061e-15
933 11.2793 3.57061e-15
934 11.2793 3.57061e-15
935 11.2793 3.57061e-15
936 11.2793 3.57061e-15
937 11.2793 3.57061e-15
938 11.2793 3.57061e-15
939 11.2793 3.57061e-15
940 11.2793 3.57061e-15
941 11.2793 3.57061e-15
942 11.2793 3.57061e-15
943 11.2793 3.57061e-15
944 11.2793 3.57061e-15
945 11.2793 3.57061e-15
946 11.2793 3.57061e-15
947 11.2793 3.57061e-15
948 11.2793 3.57061e-15
949 11.2793 3.57061e-15
950 11.2793 3.57061e-15
951 11.2793 3.57061e-15
952 11.2793 3.57061e-15
953 11.2793 3.57061e-15
954 11.2793 3.57061e-15
955 11.2793 3.57061e-15
956 11.2793 3.57061e-15
957 11.2793 3.57061e-15
958 11.2793 3.57061e-15
959 11.2793 3.57061e-15
960 11.2793 3.57061e-15
961 11.2793 3.57061e-15
962 11.2793 3.57061e-15
963 11.2793 3.57061e-15
964 11.2793 3.57061e-15
965 11.2793 3.57061e-15
966 11.2793 3.57061e-15
967 11.2793 3.57061e-15
968 11.2793 3.57061e-15
969 11.2793 3.57061e-15
970 11.2793 3.57061e-15
971 11.2793 3.57061e-15
972 11.2793 3.57061e-15
973 11.2793 3.57061e-15
974 11.2793 3.57061e-15
975 11.2793 3.57061e-15
976 11.2793 3.57061e-15
977 11.2793 3.57061e-15
978 11.2793 3.57061e-15
979 11.2793 3.57061e-15
980 11.2793 3.57061e-15
981 11.2793 3.57061e-15
982 11.2793 3.57061e-15
983 11.2793 3.57061e-15
984 11.2793 3.57061e-15
985 11.2793 3.57061e-15
986 11.2793 3.57061e-15
987 11.2793 3.57061e-15
988 11.2793 3.57061e-15
989 11.2793 3.57061e-15
990 11.2793 3.57061e-15
991 11.2793 3.57061e-15
992 11.2793 3.57061e-15
993 11.2793 3.57061e-15
994 11.2793 3.57061e-15
995 11.2793 3.57061e-15
996 11.2793 3.57061e-15
997 11.2793 3.57061e-15
998 11.2793 3.57061e-15
999 11.2793 3.57061e-15
1000 11.2793 3.57061e-15
1001 11.2793 3.57061e-15
1002 11.2793 3.57061e-15
1003 11.2793 3.57061e-15
1004 11.2793 3.57061e-15
1005 11.2793 3.57061e-15
1006 11.2793 3.57061e-15
1007 11.2793 3.57061e-15
1008 11.2793 3.57061e-15
1009 11.2793 3.57061e-15
1010 11.2793 3.57061e-15
1011 11.2793 3.57061e-15
1012 11.2793 3.57061e-15
1013 11.2793 3.57061e-15
1014 11.2793 3.57061e-15
1015 11.2793 3.57061e-15
1016 11.2793 3.57061e-15
1017 11.2793 3.57061e-15
1018 11.2793 3.57061e-15
1019 11.2793 3.57061e-15
1020 11.2793 3.57061e-15
1021 11.2793 3.57061e-15
1022 11.2793 3.57061e-15
1023 11.2793 3.57061e-15
1024 11.2793 3.57061e-15
1025 11.2793 3.57061e-15
1026 11.2793 3.57061e-15
1027 11.2793 3.57061e-15
1028 11.2793 3.57061e-15
1029 11.2793 3.57061e-15
1030 11.2793 3.57061e-15
1031 11.2793 3.57061e-15
1032 11.2793 3.57061e-15
1033 11.2793 3.57061e-15
1034 11.2793 3.57061e-15
1035 11.2793 3.57061e-15
1036 11.2793 3.57061e-15
1037 11.2793 3.57061e-15
1038 11.2793 3.57061e-15
1039 11.2793 3.57061e-15
1040 11.2793 3.57061e-15
1041 11.2793 3.57061e-15
1042 11.2793 3.57061e-15
1043 11.2793 3.57061e-15
1044 11.2793 3.57061e-15
1045 11.2793 3.57061e-15
1046 11.2793 3.57061e-15
1047 11.2793 3.57061e-15
1048 11.2793 3.57061e-15
1049 11.2793 3.57061e-15
1050 11.2793 3.57061e-15
1051 11.2793 3.57061e-15
1052 11.2793 3.57061e-15
1053 11.2793 3.57061e-15
1054 11.2793 3.57061e-15
1055 11.2793 3.57061e-15
1056 11.2793 3.57061e-15
1057 11.2793 3.57061e-15
1058 11.2793 3.57061e-15
1059 11.2793 3.57061e-15
1060 11.2793 3.57061e-15
1061 11.2793 3.57061e-15
1062 11.2793 3.57061e-15
1063 11.2793 3.57061e-15
1064 11.2793 3.57061e-15
1065 11.2793 3.57061e-15
1066 11.2793 3.57061e-15
1067 11.2793 3.57061e-15
1068 11.2793 3.57061e-15
1069 11.2793 3.57061e-15
1070 11.2793 3.57061e-15
1071 11.2793 3.57061e-15
1072 11.2793 3.57061e-15
1073 11.2793 3.57061e-15
1074 11.2793 3.57061e-15
1075 11.2793 3.57061e-15
1076 11.2793 3.57061e-15
1077 11.2793 3.57061e-15
1078 11.2793 3.57061e-15
1079 11.2793 3.57061e-15
1080 11.2793 3.57061e-15
1081 11.2793 3.57061e-15
1082 11.2793 3.57061e-15
1083 11.2793 3.57061e-15
1084 11.2793 3.57061e-15
1085 11.2793 3.57061e-15
1086 11.2793 3.57061e-15
1087 11.2793 3.57061e-15
1088 11.2793 3.57061e-15
1089 11.2793 3.57061e-15
1090 11.2793 3.57061e-15
1091 11.2793 3.57061e-15
1092 11.2793 3.57061e-15
1093 11.2793 3.57061e-15
1094 11.2793 3.57061e-15
1095 11.2793 3.57061e-15
1096 11.2793 3.57061e-15
1097 11.2793 3.57061e-15
1098 11.2793 3.57061e-15
1099 11.2793 3.57061e-15
1100 11.2793 3.57061e-15
1101 11.2793 3.57061e-15
1102 11.2793 3.57061e-15
1103 11.2793 3.57061e-15
1104 11.2793 3.57061e-15
1105 11.2793 3.57061e-15
1106 11.2793 3.57061e-15
1107 11.2793 3.57061e-15
1108 11.2793 3.57061e-15
1109 11.2793 3.57061e-15
1110 11.2793 3.57061e-15
1111 11.2793 3.57061e-15
1112 11.2793 3.57061e-15
1113 11.2793 3.57061e-15
1114 11.2793 3.57061e-15
1115 11.2793 3.57061e-15
1116 11.2793 3.57061e-15
1117 11.2793 3.57061e-15
1118 11.2793 3.57061e-15
1119 11.2793 3.57061e-15
1120 11.2793 3.57061e-15
1121 11.2793 3.57061e-15
1122 11.2793 3.57061e-15
1123 11.2793 3.57061e-15
1124 11.2793 3.57061e-15
1125 11.2793 3.57061e-15
1126 11.2793 3.57061e-15
1127 11.2793 3.57061e-15
1128 11.2793 3.57061e-15
1129 11.2793 3.57061e-15
1130 11.2793 3.57061e-15
1131 11.2793 3.57061e-15
1132 11.2793 3.57061e-15
1133 11.2793 3.57061e-15
1134 11.2793 3.57061e-15
1135 11.2793 3.57061e-15
1136 11.2793 3.57061e-15
1137 11.2793 3.57061e-15
1138 11.2793 3.57061e-15
1139 11.2793 3.57061e-15
1140 11.2793 3.57061e-15
1141 11.2793 3.57061e-15
1142 11.2793 3.57061e-15
1143 11.2793 3.57061e-15
1144 11.2793 3.57061e-15
1145 11.2793 3.57061e-15
1146 11.2793 3.57061e-15
1147 11.2793 3.57061e-15
1148 11.2793 3.57061e-15
1149 11.2793 3.57061e-15
1150 11.2793 3.57061e-15
1151 11.2793 3.57061e-15
1152 11.2793 3.57061e-15
1153 11.2793 3.57061e-15
1154 11.2793 3.57061e-15
1155 11.2793 3.57061e-15
1156 11.2793 3.57061e-15
1157 11.2793 3.57061e-15
1158 11.2793 3.57061e-15
1159 11.2793 3.57061e-15
1160 11.2793 3.57061e-15
1161 11.2793 3.57061e-15
1162 11.2793 3.57061e-15
1163 11.2793 3.57061e-15
1164 11.2793 3.57061e-15
1165 11.2793 3.57061e-15
1166 11.2793 3.57061e-15
1167 11.2793 3.57061e-15
1168 11.2793 3.57061e-15
1169 11.2793 3.57061e-15
1170 11.2793 3.57061e-15
1171 11.2793 3.57061e-15
1172 11.2793 3.57061e-15
1173 11.2793 3.57061e-15
1174 11.2793 3.57061e-15
1175 11.2793 3.57061e-15
1176 11.2793 3.57061e-15
1177 11.2793 3.57061e-15
1178 11.2793 3.57061e-15
1179 11.2793 3.57061e-15
1180 11.2793 3.57061e-15
1181 11.2793 3.57061e-15
1182 11.2793 3.57061e-15
1183 11.2793 3.57061e-15
1184 11.2793 3.57061e-15
1185 11.2793 3.57061e-15
1186 11.2793 3.57061e-15
1187 11.2793 3.57061e-15
1188 11.2793 3.57061e-15
1189 11.2793 3.57061e-15
1190 11.2793 3.57061e-15
1191 11.2793 3.57061e-15
1192 11.2793 3.57061e-15
1193 11.2793 3.57061e-15
1194 11.2793 3.57061e-15
1195 11.2792 0.00132743
1196 11.2781 0.003818
1197 11.2741 0.00650716
1198 11.2696 0.00592294
1199 11.266 3.57061e-15
1200 11.266 3.57061e-15
1201 11.266 3.57061e-15
1202 11.266 3.57061e-15
1203 11.266 3.57061e-15
1204 11.266 3.57061e-15
1205 11.266 3.57061e-15
1206 11.266 3.57061e-15
1207 11.266 3.57061e-15
1208 11.266 3.57061e-15
1209 11.266 3.57061e-15
1210 11.266 3.57061e-15
1211 11.266 3.57061e-15
1212 11.266 3.57061e-15
1213 11.266 3.57061e-15
1214 11.266 3.57061e-15
1215 11.266 3.57061e-15
1216 11.266 3.57061e-15
1217 11.266 3.57061e-15
1218 11.266 3.57061e-15
1219 11.266 3.57061e-15
1220 11.266 3.57061e-15
1221 11.266 3.57061e-15
1222 11.2653 0.00684138
1223 11.2599 0.0196774
1224 11.2354 0.0340993
1225 11.2189 0.031744
1226 11.1983 0.00684138
1227 11.1976 8.92653e-15
1228 11.1958 0.0184438
1229 11.176 0.0590549
1230 11.1207 0.0910287
1231 11.0661 0.0834393
1232 11.0132 1.78531e-15
1233 11.0132 1.78531e-15
1234 11.0132 1.78531e-15
1235 11.0132 1.78531e-15
1236 11.0132 1.78531e-15
1237 11.0132 1.78531e-15
1238 11.0132 1.78531e-15
1239 11.0132 1.78531e-15
1240 11.0132 1.78531e-15
1241 11.0132 1.78531e-15
1242 11.0132 1.78531e-15
1243 11.0132 1.78531e-15
1244 11.0132 1.78531e-15
1245 11.0132 1.78531e-15
1246 11.0132 1.78531e-15
1247 11.0132 1.78531e-15
1248 11.0132 1.78531e-15
1249 11.0132 1.78531e-15
1250 11.0132 1.78531e-15
1251 11.0132 1.78531e-15
1252 11.0132 1.78531e-15
1253 11.0132 1.78531e-15
1254 11.0132 1.78531e-15
1255 11.0132 1.78531e-15
1256 11.0132 1.78531e-15
1257 11.0132 1.78531e-15
1258 11.0132 1.78531e-15
1259 11.0132 1.78531e-15
1260 11.0132 1.78531e-15
1261 11.0132 1.78531e-15
1262 11.0132 1.78531e-15
1263 11.0132 1.78531e-15
1264 11.0132 1.78531e-15
1265 11.0132 1.78531e-15
1266 11.0132 1.78531e-15
1267 11.0132 1.78531e-15
1268 11.0132 1.78531e-15
1269 11.0132 1.78531e-15
1270 11.0132 1.78531e-15
1271 11.0132 1.78531e-15
1272 11.0132 1.78531e-15
1273 11.0132 1.78531e-15
1274 11.0132 1.78531e-15
1275 11.0132 1.78531e-15
1276 11.0132 1.78531e-15
1277 11.0132 1.78531e-15
1278 11.0132 1.78531e-15
1279 11.0132 1.78531e-15
1280 11.0132 1.78531e-15
1281 11.0132 1.78531e-15
1282 11.0132 1.78531e-15
1283 11.0132 1.78531e-15
1284 11.0132 1.78531e-15
1285 11.0132 1.78531e-15
1286 11.0132 1.78531e-15
1287 11.0132 1.78531e-15
1288 11.0132 1.78531e-15
1289 11.0132 1.78531e-15
1290 11.0132 1.78531e-15
1291 11.0132 1.78531e-15
1292 11.0132 1.78531e-15
1293 11.0132 1.78531e-15
1294 11.0132 1.78531e-15
1295 11.0132 1.78531e-15
1296 11.0132 1.78531e-15
1297 11.0132 1.78531e-15
1298 11.0132 1.78531e-15
1299 11.0132 1.78531e-15
1300 11.0132 1.78531e-15
1301 11.0132 1.78531e-15
1302 11.0132 1.78531e-15
1303 11.0132 1.78531e-15
1304 11.0132 1.78531e-15
1305 11.0132 1.78531e-15
1306 11.0132 1.78531e-15
1307 11.0132 1.78531e-15
1308 11.0132 1.78531e-15
1309 11.0132 1.78531e-15
1310 11.0132 1.78531e-15
1311 11.0132 1.78531e-15
1312 11.0132 1.78531e-15
1313 11.0132 1.78531e-15
1314 11.0132 1.78531e-15
1315 11.0132 1.78531e-15
1316 11.0132 1.78531e-15
1317 11.0132 1.78531e-15
1318 11.0132 1.78531e-15
1319 11.0132 1.78531e-15
1320 11.0132 1.78531e-15
1321 11.0132 1.78531e-15
1322 11.0132 1.78531e-15
1323 11.0132 1.78531e-15
1324 11.0132 1.78531e-15
1325 11.0132 1.78531e-15
1326 11.0132 1.78531e-15
1327 11.0132 1.78531e-15
1328 11.0132 1.78531e-15
1329 11.0132 1.78531e-15
1330 11.0132 1.78531e-15
1331 11.0132 1.78531e-15
1332 11.0132 1.78531e-15
1333 11.0132 1.78531e-15
1334 11.0132 1.78531e-15
1335 11.0132 1.78531e-15
1336 11.0132 1.78531e-15
1337 11.0132 1.78531e-15
1338 11.0132 1.78531e-15
1339 11.0132 1.78531e-15
1340 11.0132 1.78531e-15
1341 11.0132 1.78531e-15
1342 11.0132 1.78531e-15
1343 11.0132 1.78531e-15
1344 11.0132 1.78531e-15
1345 11.0132 1.78531e-15
1346 11.0128 0.00364307
1347 11.0088 0.0118982
1348 10.9971 0.0181748
1349 10.9811 0.0118982
1350 10.9767 1.78531e-14
1351 10.9767 1.78531e-14
1352 10.9767 1.78531e-14
1353 10.9767 1.78531e-14
1354 10.9717 0.0502295
1355 10.9366 0.136956
1356 10.806 0.23914
1357 10.59 0.212447
1358 10.4744 2.49943e-14
1359 10.4744 2.49943e-14
1360 10.4744 2.49943e-14
1361 10.4744 2.49943e-14
1362 10.4744 2.49943e-14
1363 10.4744 2.49943e-14
1364 10.4744 2.49943e-14
1365 10.4744 2.49943e-14
1366 10.4744 2.49943e-14
1367 10.4744 2.49943e-14
1368 10.4744 2.49943e-14
1369 10.4744 2.49943e-14
1370 10.4744 2.49943e-14
1371 10.4744 2.49943e-14
1372 10.4744 2.49943e-14
1373 10.4744 2.49943e-14
1374 10.4744 2.49943e-14
1375 10.4744 2.49943e-14
1376 10.4744 2.49943e-14
1377 10.4744 2.49943e-14
1378 10.4744 2.49943e-14
1379 10.4744 2.49943e-14
1380 10.4744 2.49943e-14
1381 10.4744 2.49943e-14
1382 10.4744 2.49943e-14
1383 10.4744 2.49943e-14
1384 10.4744 2.49943e-14
1385 10.4744 2.49943e-14
1386 10.4744 2.49943e-14
1387 10.4744 2.49943e-14
1388 10.4744 2.49943e-14
1389 10.4744 2.49943e-14
1390 10.4744 2.49943e-14
1391 10.4744 2.49943e-14
1392 10.4744 2.49943e-14
1393 10.4744 2.49943e-14
1394 10.4744 2.49943e-14
1395 10.4744 2.49943e-14
1396 10.4744 2.49943e-14
1397 10.4744 2.49943e-14
1398 10.4744 2.49943e-14
1399 10.4744 2.49943e-14
1400 10.4744 2.49943e-14
1401 10.4744 2.49943e-14
1402 10.4744 2.49943e-14
1403 10.4744 2.49943e-14
1404 10.4744 2.49943e-14
1405 10.4744 2.49943e-14
1406 10.4744 2.49943e-14
1407 10.4744 2.49943e-14
1408 10.4744 2.49943e-14
1409 10.4744 2.49943e-14
1410 10.4744 2.49943e-14
1411 10.4744 2.49943e-14
1412 10.4744 2.49943e-14
1413 10.4744 2.49943e-14
1414 10.4744 2.49943e-14
1415 10.4744 2.49943e-14
1416 10.4744 2.49943e-14
1417 10.4744 2.49943e-14
1418 10.4744 2.49943e-14
1419 10.4744 2.49943e-14
1420 10.4744 2.49943e-14
1421 10.4744 2.49943e-14
1422 10.4744 2.49943e-14
1423 10.4744 2.49943e-14
1424 10.4744 2.49943e-14
1425 10.4744 2.49943e-14
1426 10.4744 2.49943e-14
1427 10.4744 2.49943e-14
1428 10.4744 2.49943e-14
1429 10.4744 2.49943e-14
1430 10.4744 2.49943e-14
1431 10.4744 2.49943e-14
1432 10.4744 2.49943e-14
1433 10.4744 2.49943e-14
1434 10.4744 2.49943e-14
1435 10.4744 2.49943e-14
1436 10.4744 2.49943e-14
1437 10.4744 2.49943e-14
1438 10.4744 2.49943e-14
1439 10.4744 2.49943e-14
1440 10.4744 2.49943e-14
1441 10.4744 2.49943e-14
1442 10.4744 2.49943e-14
1443 10.4744 2.49943e-14
1444 10.4744 2.49943e-14
1445 10.4744 2.49943e-14
1446 10.4744 2.49943e-14
1447 10.4744 2.49943e-14
1448 10.4744 2.49943e-14
1449 10.4744 2.49943e-14
1450 10.4744 2.49943e-14
1451 10.4744 2.49943e-14
1452 10.4744 2.49943e-14
1453 10.4744 2.49943e-14
1454 10.4744 2.49943e-14
1455 10.4744 2.49943e-14
1456 10.4744 2.49943e-14
1457 10.4744 2.49943e-14
1458 10.4744 2.49943e-14
1459 10.4744 2.49943e-14
1460 10.4744 2.49943e-14
1461 10.4744 2.49943e-14
1462 10.4744 2.49943e-14
1463 10.4744 2.49943e-14
1464 10.4744 2.49943e-14
1465 10.4744 2.49943e-14
1466 10.4744 2.49943e-14
1467 10.4744 2.49943e-14
1468 10.4744 2.49943e-14
1469 10.4744 2.49943e-14
1470 10.4744 2.49943e-14
1471 10.4744 2.49943e-14
1472 10.4744 2.49943e-14
1473 10.4744 2.49943e-14
1474 10.4744 2.49943e-14
1475 10.4744 2.49943e-14
1476 10.4744 2.49943e-14
1477 10.4744 2.49943e-14
1478 10.4744 2.49943e-14
1479 10.4744 2.49943e-14
1480 10.4744 2.49943e-14
1481 10.4744 2.49943e-14
1482 10.4744 2.49943e-14
1483 10.4744 2.49943e-14
1484 10.4744 2.49943e-14
1485 10.4744 2.49943e-14
1486 10.4744 2.49943e-14
1487 10.4744 2.49943e-14
1488 10.4744 2.49943e-14
1489 10.4744 2.49943e-14
1490 10.4744 2.49943e-14
1491 10.4744 2.49943e-14
1492 10.4744 2.49943e-14
1493 10.4744 2.49943e-14
1494 10.4744 2.49943e-14
1495 10.4744 2.49943e-14
1496 10.4744 2.49943e-14
1497 10.4744 2.49943e-14
1498 10.4744 2.49943e-14
1499 10.4744 2.49943e-14
1500 10.4744 2.49943e-14
1501 10.4744 2.49943e-14
1502 10.4744 2.49943e-14
1503 10.4744 2.49943e-14
1504 10.4744 2.49943e-14
1505 10.4744 2.49943e-14
1506 10.4744 2.49943e-14
1507 10.4744 2.49943e-14
1508 10.4744 2.49943e-14
1509 10.4744 2.49943e-14
1510 10.4744 2.49943e-14
1511 10.4744 2.49943e-14
1512 10.4744 2.49943e-14
1513 10.4744 2.49943e-14
1514 10.4744 2.49943e-14
1515 10.4744 2.49943e-14
1516 10.4744 2.49943e-14
1517 10.4744 2.49943e-14
1518 10.4744 2.49943e-14
1519 10.4744 2.49943e-14
1520 10.4744 2.49943e-14
1521 10.4744 2.49943e-14
1522 10.4744 2.49943e-14
1523 10.4744 2.49943e-14
1524 10.4744 2.49943e-14
1525 10.4744 2.49943e-14
1526 10.4744 2.49943e-14
1527 10.4744 2.49943e-14
1528 10.4744 2.49943e-14
1529 10.4744 2.49943e-14
1530 10.4744 2.49943e-14
1531 10.4744 2.49943e-14
1532 10.4744 2.49943e-14
1533 10.4744 2.49943e-14
1534 10.4744 2.49943e-14
1535 10.4744 2.49943e-14
1536 10.4744 2.49943e-14
1537 10.4744 2.49943e-14
1538 10.4744 2.49943e-14
1539 10.4744 2.49943e-14
1540 10.4744 2.49943e-14
1541 10.4744 2.49943e-14
1542 10.4744 2.49943e-14
1543 10.4744 2.49943e-14
1544 10.4744 2.49943e-14
1545 10.4744 2.49943e-14
1546 10.4744 2.49943e-14
1547 10.4744 2.49943e-14
1548 10.4744 2.49943e-14
1549 10.4744 2.49943e-14
1550 10.4744 2.49943e-14
1551 10.4744 2.49943e-14
1552 10.4744 2.49943e-14
1553 10.4744 2.49943e-14
1554 10.4744 2.49943e-14
1555 10.4744 2.49943e-14
1556 10.4744 2.49943e-14
1557 10.4744 2.49943e-14
1558 10.4744 2.49943e-14
1559 10.4744 2.49943e-14
1560 10.4744 2.49943e-14
1561 10.4744 2.49943e-14
1562 10.4744 2.49943e-14
1563 10.4744 2.49943e-14
1564 10.4744 2.49943e-14
1565 10.4744 2.49943e-14
1566 10.4744 2.49943e-14
1567 10.4744 2.49943e-14
1568 10.4744 2.49943e-14
1569 10.4744 2.49943e-14
1570 10.4744 2.49943e-14
1571 10.4744 2.49943e-14
1572 10.4744 2.49943e-14
1573 10.4744 2.49943e-14
1574 10.4744 2.49943e-14
1575 10.4744 2.49943e-14
1576 10.4744 2.49943e-14
1577 10.4744 2.49943e-14
1578 10.4744 2.49943e-14
1579 10.4744 2.49943e-14
1580 10.4744 2.49943e-14
1581 10.4744 2.49943e-14
1582 10.4744 2.49943e-14
1583 10.4744 2.49943e-14
1584 10.4744 2.49943e-14
1585 10.4744 2.49943e-14
1586 10.4744 2.49943e-14
1587 10.4744 2.49943e-14
1588 10.4744 2.49943e-14
1589 10.4744 2.49943e-14
1590 10.4744 2.49943e-14
1591 10.4744 2.49943e-14
1592 10.4744 2.49943e-14
1593 10.4744 2.49943e-14
1594 10.4744 2.49943e-14
1595 10.4744 2.49943e-14
1596 10.4744 2.49943e-14
1597 10.4744 2.49943e-14
1598 10.4744 2.49943e-14
1599 10.4744 2.49943e-14
1600 10.4744 2.49943e-14
1601 10.4744 2.49943e-14
1602 10.4744 2.49943e-14
1603 10.4744 2.49943e-14
1604 10.4744 2.49943e-14
1605 10.4744 2.49943e-14
1606 10.4744 2.49943e-14
1607 10.4744 2.49943e-14
1608 10.4744 2.49943e-14
1609 10.4744 2.49943e-14
1610 10.4744 2.49943e-14
1611 10.4744 2.49943e-14
1612 10.4744 2.49943e-14
1613 10.4744 2.49943e-14
1614 10.4744 2.49943e-14
1615 10.4744 2.49943e-14
1616 10.4744 2.49943e-14
1617 10.4744 2.49943e-14
1618 10.4744 2.49943e-14
1619 10.4744 2.49943e-14
1620 10.4744 2.49943e-14
1621 10.4744 2.49943e-14
1622 10.4744 2.49943e-14
1623 10.4744 2.49943e-14
1624 10.4744 2.49943e-14
1625 10.4744 2.49943e-14
1626 10.4744 2.49943e-14
1627 10.4744 2.49943e-14
1628 10.4744 2.49943e-14
1629 10.4744 2.49943e-14
1630 10.4744 2.49943e-14
1631 10.4744 2.49943e-14
1632 10.4744 2.49943e-14
1633 10.4744 2.49943e-14
1634 10.4744 2.49943e-14
1635 10.4744 2.49943e-14
1636 10.4744 2.49943e-14
1637 10.4744 2.49943e-14
1638 10.4744 2.49943e-14
1639 10.4744 2.49943e-14
1640 10.4744 2.49943e-14
1641 10.4744 2.49943e-14
1642 10.4744 2.49943e-14
1643 10.4744 2.49943e-14
1644 10.4744 2.49943e-14
1645 10.4744 2.49943e-14
1646 10.4744 2.49943e-14
1647 10.4744 2.49943e-14
1648 10.4744 2.49943e-14
1649 10.4744 2.49943e-14
1650 10.4744 2.49943e-14
1651 10.4744 2.49943e-14
1652 10.4744 2.49943e-14
1653 10.4744 2.49943e-14
1654 10.4744 2.49943e-14
1655 10.4744 2.49943e-14
1656 10.4744 2.49943e-14
1657 10.4744 2.49943e-14
1658 10.4744 2.49943e-14
1659 10.4744 2.49943e-14
1660 10.4744 2.49943e-14
1661 10.4744 2.49943e-14
1662 10.4744 2.49943e-14
1663 10.4744 2.49943e-14
1664 10.4744 2.49943e-14
1665 10.4744 2.49943e-14
1666 10.4744 2.49943e-14
1667 10.4744 2.49943e-14
1668 10.4744 2.49943e-14
1669 10.4744 2.49943e-14
1670 10.4744 2.49943e-14
1671 10.4744 2.49943e-14
1672 10.4744 2.49943e-14
1673 10.4744 2.49943e-14
1674 10.4744 2.49943e-14
1675 10.4744 2.49943e-14
1676 10.4744 2.49943e-14
1677 10.4744 2.49943e-14
1678 10.4744 2.49943e-14
1679 10.4744 2.49943e-14
1680 10.4744 2.49943e-14
1681 10.4744 2.49943e-14
1682 10.4744 2.49943e-14
1683 10.4744 2.49943e-14
1684 10.4744 2.49943e-14
1685 10.4744 2.49943e-14
1686 10.4744 2.49943e-14
1687 10.4744 2.49943e-14
1688 10.4744 2.49943e-14
1689 10.4744 2.49943e-14
1690 10.4744 2.49943e-14
1691 10.4744 2.49943e-14
1692 10.4744 2.49943e-14
1693 10.4744 2.49943e-14
1694 10.4744 2.49943e-14
1695 10.4744 2.49943e-14
1696 10.4744 2.49943e-14
1697 10.4744 2.49943e-14
1698 10.4744 2.49943e-14
1699 10.4744 2.49943e-14
1700 10.4744 2.49943e-14
1701 10.4744 2.49943e-14
1702 10.4744 2.49943e-14
1703 10.4744 2.49943e-14
1704 10.4744 2.49943e-14
1705 10.4744 2.49943e-14
1706 10.4744 2.49943e-14
1707 10.4744 2.49943e-14
1708 10.4744 2.49943e-14
1709 10.4744 2.49943e-14
1710 10.4744 2.49943e-14
1711 10.4744 2.49943e-14
1712 10.4744 2.49943e-14
1713 10.4744 2.49943e-14
1714 10.4744 2.49943e-14
1715 10.4744 2.49943e-14
1716 10.4744 2.49943e-14
1717 10.4744 2.49943e-14
1718 10.4744 2.49943e-14
1719 10.4744 2.49943e-14
1720 10.4744 2.49943e-14
1721 10.4744 2.49943e-14
1722 10.4744 2.49943e-14
1723 10.4744 2.49943e-14
1724 10.4744 2.49943e-14
1725 10.4744 2.49943e-14
1726 10.4744 2.49943e-14
1727 10.4744 2.49943e-14
1728 10.4744 2.49943e-14
1729 10.4744 2.49943e-14
1730 10.4744 2.49943e-14
1731 10.4744 2.49943e-14
1732 10.4744 2.49943e-14
1733 10.4744 2.49943e-14
1734 10.4744 2.49943e-14
1735 10.4744 2.49943e-14
1736 10.4744 2.49943e-14
1737 10.4744 2.49943e-14
1738 10.4744 2.49943e-14
1739 10.4744 2.49943e-14
1740 10.4744 2.49943e-14
1741 10.4744 2.49943e-14
1742 10.4744 2.49943e-14
1743 10.4744 2.49943e-14
1744 10.4744 2.49943e-14
1745 10.4744 2.49943e-14
1746 10.4744 2.49943e-14
1747 10.4744 2.49943e-14
1748 10.4744 2.49943e-14
1749 10.4744 2.49943e-14
1750 10.4744 2.49943e-14
1751 10.4744 2.49943e-14
1752 10.4744 2.49943e-14
1753 10.4744 2.49943e-14
1754 10.4744 2.49943e-14
1755 10.4744 2.49943e-14
1756 10.4744 2.49943e-14
1757 10.4744 2.49943e-14
1758 10.4744 2.49943e-14
1759 10.4744 2.49943e-14
1760 10.4744 2.49943e-14
1761 10.4744 2.49943e-14
1762 10.4744 2.49943e-14
1763 10.4744 2.49943e-14
1764 10.4744 2.49943e-14
1765 10.4744 2.49943e-14
1766 10.4744 2.49943e-14
1767 10.4744 2.49943e-14
1768 10.4744 2.49943e-14
1769 10.4744 2.49943e-14
1770 10.4744 2.49943e-14
1771 10.4744 2.49943e-14
1772 10.4744 2.49943e-14
1773 10.4744 2.49943e-14
1774 10.4744 2.49943e-14
1775 10.4744 2.49943e-14
1776 10.4744 2.49943e-14
1777 10.4744 2.49943e-14
1778 10.4744 2.49943e-14
1779 10.4744 2.49943e-14
1780 10.4744 2.49943e-14
1781 10.4744 2.49943e-14
1782 10.4744 2.49943e-14
1783 10.4744 2.49943e-14
1784 10.4744 2.49943e-14
1785 10.4744 2.49943e-14
1786 10.4744 2.49943e-14
1787 10.4744 2.49943e-14
1788 10.4744 2.49943e-14
1789 10.4744 2.49943e-14
1790 10.4744 2.49943e-14
1791 10.4744 2.49943e-14
1792 10.4744 2.49943e-14
1793 10.4744 2.49943e-14
1794 10.4744 2.49943e-14
1795 10.4744 2.49943e-14
1796 10.4744 2.49943e-14
1797 10.4744 2.49943e-14
1798 10.4744 2.49943e-14
1799 10.4744 2.49943e-14
1800 10.4744 2.49943e-14
1801 10.4744 2.49943e-14
1802 10.4744 2.49943e-14
1803 10.4744 2.49943e-14
1804 10.4744 2.49943e-14
1805 10.4744 2.49943e-14
1806 10.4744 2.49943e-14
1807 10.4744 2.49943e-14
1808 10.4744 2.49943e-14
1809 10.4744 2.49943e-14
1810 10.4744 2.49943e-14
1811 10.4744 2.49943e-14
1812 10.4744 2.49943e-14
1813 10.4744 2.49943e-14
1814 10.4744 2.49943e-14
1815 10.4744 2.49943e-14
1816 10.4744 2.49943e-14
1817 10.4744 2.49943e-14
1818 10.4744 2.49943e-14
1819 10.4744 2.49943e-14
1820 10.4744 2.49943e-14
1821 10.4744 2.49943e-14
1822 10.4744 2.49943e-14
1823 10.4744 2.49943e-14
1824 10.4744 2.49943e-14
1825 10.4744 2.49943e-14
1826 10.4744 2.49943e-14
1827 10.4744 2.49943e-14
1828 10.4744 2.49943e-14
1829 10.4744 2.49943e-14
1830 10.4744 2.49943e-14
1831 10.4744 2.49943e-14
1832 10.4744 2.49943e-14
1833 10.4744 2.49943e-14
1834 10.4744 2.49943e-14
1835 10.4744 2.49943e-14
1836 10.4744 2.49943e-14
1837 10.4744 2.49943e-14
1838 10.4744 2.49943e-14
1839 10.4744 2.49943e-14
1840 10.4744 2.49943e-14
1841 10.4744 2.49943e-14
1842 10.4744 2.49943e-14
1843 10.4744 2.49943e-14
1844 10.4744 2.49943e-14
1845 10.4744 2.49943e-14
1846 10.4744 2.49943e-14
1847 10.4744 2.49943e-14
1848 10.4744 2.49943e-14
1849 10.4744 2.49943e-14
1850 10.4744 2.49943e-14
1851 10.4744 2.49943e-14
1852 10.4744 2.49943e-14
1853 10.4744 2.49943e-14
1854 10.4744 2.49943e-14
1855 10.4744 2.49943e-14
1856 10.4744 2.49943e-14
1857 10.4744 2.49943e-14
1858 10.4744 2.49943e-14
1859 10.4744 2.49943e-14
1860 10.4744 2.49943e-14
1861 10.4744 2.49943e-14
1862 10.4744 2.49943e-14
1863 10.4744 2.49943e-14
1864 10.4744 2.49943e-14
1865 10.4744 2.49943e-14
1866 10.4744 2.49943e-14
1867 10.4744 2.49943e-14
1868 10.4744 2.49943e-14
1869 10.4744 2.49943e-14
1870 10.4744 2.49943e-14
1871 10.4744 2.49943e-14
1872 10.4744 2.49943e-14
1873 10.4744 2.49943e-14
1874 10.4744 2.49943e-14
1875 10.4744 2.49943e-14
1876 10.4744 2.49943e-14
1877 10.4744 2.49943e-14
1878 10.4744 2.49943e-14
1879 10.4744 2.49943e-14
1880 10.4744 2.49943e-14
1881 10.4744 2.49943e-14
1882 10.4744 2.49943e-14
1883 10.4744 2.49943e-14
1884 10.4744 2.49943e-14
1885 10.4744 2.49943e-14
1886 10.4744 2.49943e-14
1887 10.4744 2.49943e-14
1888 10.4744 2.49943e-14
1889 10.4744 2.49943e-14
1890 10.4744 2.49943e-14
1891 10.4744 2.49943e-14
1892 10.4744 2.49943e-14
1893 10.4744 2.49943e-14
1894 10.4744 2.49943e-14
1895 10.4744 2.49943e-14
1896 10.4744 2.49943e-14
1897 10.4744 2.49943e-14
1898 10.4744 2.49943e-14
1899 10.4744 2.49943e-14
1900 10.4744 2.49943e-14
1901 10.4744 2.49943e-14
1902 10.4744 2.49943e-14
1903 10.4744 2.49943e-14
1904 10.4744 2.49943e-14
1905 10.4744 2.49943e-14
1906 10.4744 2.49943e-14
1907 10.4744 2.49943e-14
1908 10.4744 2.49943e-14
1909 10.4744 2.49943e-14
1910 10.4744 2.49943e-14
1911 10.4744 2.49943e-14
1912 10.4744 2.49943e-14
1913 10.4744 2.49943e-14
1914 10.4744 2.49943e-14
1915 10.4744 2.49943e-14
1916 10.4744 2.49943e-14
1917 10.4744 2.49943e-14
1918 10.4744 2.49943e-14
1919 10.4744 2.49943e-14
1920 10.4744 2.49943e-14
1921 10.4744 2.49943e-14
1922 10.4744 2.49943e-14
1923 10.4744 2.49943e-14
1924 10.4744 2.49943e-14
1925 10.4744 2.49943e-14
1926 10.4744 2.49943e-14
1927 10.4744 2.49943e-14
1928 10.4744 2.49943e-14
1929 10.4744 2.49943e-14
1930 10.4744 2.49943e-14
1931 10.4744 2.49943e-14
1932 10.4744 2.49943e-14
1933 10.4744 2.49943e-14
1934 10.4744 2.49943e-14
1935 10.4744 2.49943e-14
1936 10.4744 2.49943e-14
1937 10.4744 2.49943e-14
1938 10.4744 2.49943e-14
1939 10.4744 2.49943e-14
1940 10.4744 2.49943e-14
1941 10.4744 2.49943e-14
1942 10.4744 2.49943e-14
1943 10.4744 2.49943e-14
1944 10.4744 2.49943e-14
1945 10.4744 2.49943e-14
1946 10.4744 2.49943e-14
1947 10.4744 2.49943e-14
1948 10.4744 2.49943e-14
1949 10.4744 2.49943e-14
1950 10.4744 2.49943e-14
1951 10.4744 2.49943e-14
1952 10.4744 2.49943e-14
1953 10.4744 2.49943e-14
1954 10.4744 2.49943e-14
1955 10.4744 2.49943e-14
1956 10.4744 2.49943e-14
1957 10.4744 2.49943e-14
1958 10.4744 2.49943e-14
1959 10.4744 2.49943e-14
1960 10.4744 2.49943e-14
1961 10.4744 2.49943e-14
1962 10.4744 2.49943e-14
1963 10.4744 2.49943e-14
1964 10.4744 2.49943e-14
1965 10.4744 2.49943e-14
1966 10.4744 2.49943e-14
1967 10.4744 2.49943e-14
1968 10.4744 2.49943e-14
1969 10.4744 2.49943e-14
1970 10.4744 2.49943e-14
1971 10.4744 2.49943e-14
1972 10.4744 2.49943e-14
1973 10.4744 2.49943e-14
1974 10.4744 2.49943e-14
1975 10.4744 2.49943e-14
1976 10.4744 2.49943e-14
1977 10.4744 2.49943e-14
1978 10.4744 2.49943e-14
1979 10.4744 2.49943e-14
1980 10.4744 2.49943e-14
1981 10.4744 2.49943e-14
1982 10.4744 2.49943e-14
1983 10.4744 2.49943e-14
1984 10.4744 2.49943e-14
1985 10.4744 2.49943e-14
1986 10.4744 2.49943e-14
1987 10.4744 2.49943e-14
1988 10.4744 2.49943e-14
1989 10.4744 2.49943e-14
1990 10.4744 2.49943e-14
1991 10.4744 2.49943e-14
1992 10.4744 2.49943e-14
1993 10.4744 2.49943e-14
1994 10.4744 2.49943e-14
1995 10.4744 2.49943e-14
1996 10.4744 2.49943e-14
1997 10.4744 2.49943e-14
1998 10.4744 2.49943e-14
1999 10.4744 2.49943e-14
2000 10.4744 2.49943e-14
