1 28.5532 1.26988
2 26.8598 1.00791
3 25.8438 0.632275
4 25.2137 0.661387
5 24.3934 0.641252
6 23.7206 0.244947
7 23.4136 0.28222
8 23.098 0.267635
9 22.6594 0.469533
10 22.0387 0.381865
11 21.7417 0.170803
12 21.5995 0.140502
13 21.3546 0.315472
14 20.9526 0.427279
15 20.4967 0.217645
16 20.2695 0.137918
17 20.1176 0.224874
18 19.8914 0.310236
19 19.5523 0.406605
20 19.08 0.729786
21 18.3843 0.812476
22 17.6941 0.211681
23 17.6114 2.85649e-14
24 17.605 0.0604519
25 17.5302 0.20327
26 17.3552 0.293929
27 17.0596 0.169491
28 16.982 0.0789719
29 16.894 0.13731
30 16.7982 0.139244
31 16.6602 0.142875
32 16.5644 0.217348
33 16.3734 0.286812
34 16.0948 0.260549
35 15.8638 0.217762
36 15.7047 0.0957295
37 15.5898 0.323563
38 15.3433 0.463865
39 14.9667 0.385658
40 14.757 2.3209e-14
41 14.757 2.3209e-14
42 14.7541 0.0286493
43 14.7164 0.0997187
44 14.6158 0.143122
45 14.5266 0.111476
46 14.4678 0.0273784
47 14.4486 0.07465
48 14.3774 0.130347
49 14.2717 0.121974
50 14.1967 1.42824e-14
51 14.1946 0.0210275
52 14.1715 0.0686755
53 14.1078 0.103835
54 14.0447 0.0940513
55 13.9864 1.07118e-14
56 13.9864 1.07118e-14
57 13.9704 0.114241
58 13.8192 0.333319
59 13.4761 0.424544
60 13.091 0.221512
61 12.8695 0.273101
62 12.5727 0.302538
63 12.3565 0.242541
64 12.2189 0.0137261
65 12.2079 0.0394795
66 12.1544 0.0689211
67 12.1273 0.0664262
68 12.0736 0.0300448
69 12.0318 0.0524819
70 11.9873 0.036384
71 11.9648 0.0468747
72 11.9315 0.0769638
73 11.874 0.0862468
74 11.7988 0.017591
75 11.7871 0.00725991
76 11.7844 1.07118e-14
77 11.7844 1.07118e-14
78 11.7844 1.07118e-14
79 11.7844 1.07118e-14
80 11.7844 1.07118e-14
81 11.7844 1.07118e-14
82 11.7844 1.07118e-14
83 11.7844 1.07118e-14
84 11.7787 0.0353944
85 11.7387 0.0935191
86 11.6422 0.131223
87 11.5174 0.0485501
88 11.5023 0.00152532
89 11.5008 0.00479661
90 11.4955 0.00759575
91 11.4885 0.00423609
92 11.4872 5.35592e-15
93 11.4872 5.35592e-15
94 11.4872 5.35592e-15
95 11.4872 5.35592e-15
96 11.4858 0.0137261
97 11.4735 0.0413858
98 11.4279 0.0681024
99 11.3707 0.0482932
100 11.35 3.57061e-15
101 11.35 3.57061e-15
102 11.35 3.57061e-15
103 11.35 3.57061e-15
104 11.35 3.57061e-15
105 11.3471 0.0285281
106 11.3214 0.0860153
107 11.2387 0.139847
108 11.1243 0.116936
109 11.0621 0.00743301
110 11.0563 0.0117295
111 11.0492 0.0119548
112 11.0405 0.00346655
113 11.04 1.78531e-15
114 11.04 1.78531e-15
115 11.04 1.78531e-15
116 11.04 1.78531e-15
117 11.0395 0.0054184
118 11.0362 0.0138945
119 11.027 0.0245156
120 11.005 0.0413977
121 10.9558 0.0648741
122 10.8801 0.0813335
123 10.8264 0.0622741
124 10.7896 1.07118e-14
125 10.7896 1.07118e-14
126 10.7896 1.07118e-14
127 10.7896 1.07118e-14
128 10.7885 0.0108776
129 10.7809 0.0296589
130 10.7602 0.0485355
131 10.7156 0.0509972
132 10.6808 8.92653e-15
133 10.6808 8.92653e-15
134 10.6808 8.92653e-15
135 10.6808 8.92653e-15
136 10.6808 8.92653e-15
137 10.6807 0.000851412
138 10.68 0.00244886
139 10.6777 0.00626711
140 10.6695 0.0145916
141 10.6547 0.0211662
142 10.6427 0.0199035
143 10.632 0.0149691
144 10.6141 0.0340854
145 10.5979 0.0432809
146 10.5654 0.0411554
147 10.5392 1.07118e-14
148 10.5392 1.07118e-14
149 10.5392 1.07118e-14
150 10.5392 1.07118e-14
151 10.5392 1.07118e-14
152 10.5392 1.07118e-14
153 10.5392 1.07118e-14
154 10.5392 1.07118e-14
155 10.5392 1.07118e-14
156 10.5392 1.07118e-14
157 10.5392 1.07118e-14
158 10.5392 1.07118e-14
159 10.5392 1.07118e-14
160 10.5392 1.07118e-14
161 10.5392 1.07118e-14
162 10.5392 1.07118e-14
163 10.5392 1.07118e-14
164 10.5392 1.07118e-14
165 10.5392 1.07118e-14
166 10.5392 1.07118e-14
167 10.5392 1.07118e-14
168 10.5392 1.07118e-14
169 10.5392 1.07118e-14
170 10.5392 1.07118e-14
171 10.5386 0.0054184
172 10.5321 0.0185478
173 10.5116 0.0353771
174 10.4746 0.0706756
175 10.414 0.0912613
176 10.3522 0.0838612
177 10.2963 1.60678e-14
178 10.2957 0.0054184
179 10.2892 0.018314
180 10.2773 0.0259743
181 10.2529 0.0217828
182 10.2421 1.60678e-14
183 10.2421 1.60678e-14
184 10.2421 1.60678e-14
185 10.241 0.0104459
186 10.2379 0.0205728
187 10.2222 0.0411857
188 10.1836 0.0521131
189 10.1408 0.0179091
190 10.1376 5.35592e-15
191 10.1376 5.35592e-15
192 10.1376 5.35592e-15
193 10.1376 5.35592e-15
194 10.1376 5.35592e-15
195 10.1376 5.35592e-15
196 10.1376 5.35592e-15
197 10.1376 5.35592e-15
198 10.1376 5.35592e-15
199 10.1376 5.35592e-15
200 10.1376 5.35592e-15
201 10.1376 5.35592e-15
202 10.1376 5.35592e-15
203 10.1376 5.35592e-15
204 10.1376 5.35592e-15
205 10.1376 5.35592e-15
206 10.1376 5.35592e-15
207 10.1376 5.35592e-15
208 10.1376 5.35592e-15
209 10.1376 5.35592e-15
210 10.1376 5.35592e-15
211 10.1376 5.35592e-15
212 10.1376 5.35592e-15
213 10.1376 5.35592e-15
214 10.1376 5.35592e-15
215 10.1376 5.35592e-15
216 10.1376 5.35592e-15
217 10.1376 5.35592e-15
218 10.1376 5.35592e-15
219 10.1376 5.35592e-15
220 10.1376 5.35592e-15
221 10.1376 5.35592e-15
222 10.1376 5.35592e-15
223 10.1376 5.35592e-15
224 10.1376 5.35592e-15
225 10.1376 5.35592e-15
226 10.1376 5.35592e-15
227 10.1376 5.35592e-15
228 10.1376 5.35592e-15
229 10.1376 5.35592e-15
230 10.1376 5.35592e-15
231 10.1376 5.35592e-15
232 10.1376 5.35592e-15
233 10.1376 5.35592e-15
234 10.1376 5.35592e-15
235 10.1376 5.35592e-15
236 10.1376 5.35592e-15
237 10.1376 5.35592e-15
238 10.1376 5.35592e-15
239 10.1376 5.35592e-15
240 10.1376 5.35592e-15
241 10.1376 5.35592e-15
242 10.1376 5.35592e-15
243 10.1376 5.35592e-15
244 10.1376 5.35592e-15
245 10.1376 5.35592e-15
246 10.1376 5.35592e-15
247 10.1376 5.35592e-15
248 10.1376 5.35592e-15
249 10.1376 5.35592e-15
250 10.1376 5.35592e-15
251 10.1376 5.35592e-15
252 10.133 0.0466028
253 10.077 0.157516
254 9.93723 0.231882
255 9.76261 0.181523
256 9.6716 3.57061e-15
257 9.6716 3.57061e-15
258 9.6716 3.57061e-15
259 9.6716 3.57061e-15
260 9.6716 3.57061e-15
261 9.6716 3.57061e-15
262 9.6716 3.57061e-15
263 9.6716 3.57061e-15
264 9.6716 3.57061e-15
265 9.6716 3.57061e-15
266 9.6716 3.57061e-15
267 9.6716 3.57061e-15
268 9.6716 3.57061e-15
269 9.6716 3.57061e-15
270 9.6716 3.57061e-15
271 9.6716 3.57061e-15
272 9.6716 3.57061e-15
273 9.6716 3.57061e-15
274 9.6716 3.57061e-15
275 9.6716 3.57061e-15
276 9.6716 3.57061e-15
277 9.6716 3.57061e-15
278 9.6716 3.57061e-15
279 9.6716 3.57061e-15
280 9.6716 3.57061e-15
281 9.6716 3.57061e-15
282 9.6716 3.57061e-15
283 9.6716 3.57061e-15
284 9.6716 3.57061e-15
285 9.6716 3.57061e-15
286 9.67143 0.00162714
287 9.66964 0.00531421
288 9.66655 0.00756331
289 9.66086 0.00774672
290 9.65532 2.3209e-14
291 9.65532 2.3209e-14
292 9.65532 2.3209e-14
293 9.65532 2.3209e-14
294 9.65532 2.3209e-14
295 9.65532 2.3209e-14
296 9.65532 2.3209e-14
297 9.65532 2.3209e-14
298 9.65532 2.3209e-14
299 9.65532 2.3209e-14
300 9.65532 2.3209e-14
301 9.65532 2.3209e-14
302 9.65532 2.3209e-14
303 9.65532 2.3209e-14
304 9.65532 2.3209e-14
305 9.65532 2.3209e-14
306 9.65532 2.3209e-14
307 9.65532 2.3209e-14
308 9.65532 2.3209e-14
309 9.65532 2.3209e-14
310 9.65532 2.3209e-14
311 9.65532 2.3209e-14
312 9.65532 2.3209e-14
313 9.65532 2.3209e-14
314 9.65532 2.3209e-14
315 9.65532 2.3209e-14
316 9.65532 2.3209e-14
317 9.65532 2.3209e-14
318 9.65532 2.3209e-14
319 9.65532 2.3209e-14
320 9.65532 2.3209e-14
321 9.65532 2.3209e-14
322 9.65532 2.3209e-14
323 9.65532 2.3209e-14
324 9.65532 2.3209e-14
325 9.65532 2.3209e-14
326 9.65532 2.3209e-14
327 9.65532 2.3209e-14
328 9.65532 2.3209e-14
329 9.65532 2.3209e-14
330 9.65532 2.3209e-14
331 9.65532 2.3209e-14
332 9.65532 2.3209e-14
333 9.65532 2.3209e-14
334 9.65532 2.3209e-14
335 9.65532 2.3209e-14
336 9.65532 2.3209e-14
337 9.65532 2.3209e-14
338 9.65532 2.3209e-14
339 9.65532 2.3209e-14
340 9.65532 2.3209e-14
341 9.65532 2.3209e-14
342 9.65532 2.3209e-14
343 9.65532 2.3209e-14
344 9.65532 2.3209e-14
345 9.65532 2.3209e-14
346 9.65532 2.3209e-14
347 9.65532 2.3209e-14
348 9.65532 2.3209e-14
349 9.65532 2.3209e-14
350 9.65532 2.3209e-14
351 9.65532 2.3209e-14
352 9.65532 2.3209e-14
353 9.65532 2.3209e-14
354 9.65532 2.3209e-14
355 9.65532 2.3209e-14
356 9.65532 2.3209e-14
357 9.65532 2.3209e-14
358 9.65532 2.3209e-14
359 9.65532 2.3209e-14
360 9.65532 2.3209e-14
361 9.65532 2.3209e-14
362 9.65532 2.3209e-14
363 9.65532 2.3209e-14
364 9.65532 2.3209e-14
365 9.65532 2.3209e-14
366 9.65532 2.3209e-14
367 9.65532 2.3209e-14
368 9.65532 2.3209e-14
369 9.65532 2.3209e-14
370 9.65532 2.3209e-14
371 9.65532 2.3209e-14
372 9.65532 2.3209e-14
373 9.65532 2.3209e-14
374 9.65532 2.3209e-14
375 9.65532 2.3209e-14
376 9.65532 2.3209e-14
377 9.65532 2.3209e-14
378 9.65532 2.3209e-14
379 9.65532 2.3209e-14
380 9.65532 2.3209e-14
381 9.65532 2.3209e-14
382 9.65532 2.3209e-14
383 9.65532 2.3209e-14
384 9.65532 2.3209e-14
385 9.65532 2.3209e-14
386 9.65532 2.3209e-14
387 9.65532 2.3209e-14
388 9.65532 2.3209e-14
389 9.65532 2.3209e-14
390 9.65532 2.3209e-14
391 9.65532 2.3209e-14
392 9.65532 2.3209e-14
393 9.65532 2.3209e-14
394 9.65532 2.3209e-14
395 9.65532 2.3209e-14
396 9.65532 2.3209e-14
397 9.65532 2.3209e-14
398 9.65532 2.3209e-14
399 9.65532 2.3209e-14
400 9.65532 2.3209e-14
401 9.65532 2.3209e-14
402 9.65532 2.3209e-14
403 9.65532 2.3209e-14
404 9.65532 2.3209e-14
405 9.65532 2.3209e-14
406 9.65532 2.3209e-14
407 9.65532 2.3209e-14
408 9.65532 2.3209e-14
409 9.65532 2.3209e-14
410 9.65532 2.3209e-14
411 9.65532 2.3209e-14
412 9.65532 2.3209e-14
413 9.65532 2.3209e-14
414 9.65532 2.3209e-14
415 9.65532 2.3209e-14
416 9.65532 2.3209e-14
417 9.65532 2.3209e-14
418 9.65532 2.3209e-14
419 9.65532 2.3209e-14
420 9.65532 2.3209e-14
421 9.65532 2.3209e-14
422 9.65532 2.3209e-14
423 9.65532 2.3209e-14
424 9.65532 2.3209e-14
425 9.65532 2.3209e-14
426 9.65532 2.3209e-14
427 9.65532 2.3209e-14
428 9.65532 2.3209e-14
429 9.65532 2.3209e-14
430 9.65532 2.3209e-14
431 9.65532 2.3209e-14
432 9.65532 2.3209e-14
433 9.65532 2.3209e-14
434 9.65532 2.3209e-14
435 9.65532 2.3209e-14
436 9.65532 2.3209e-14
437 9.65532 2.3209e-14
438 9.65532 2.3209e-14
439 9.65532 2.3209e-14
440 9.65532 2.3209e-14
441 9.65532 2.3209e-14
442 9.65532 2.3209e-14
443 9.65532 2.3209e-14
444 9.65532 2.3209e-14
445 9.65532 2.3209e-14
446 9.65532 2.3209e-14
447 9.65532 2.3209e-14
448 9.65532 2.3209e-14
449 9.65532 2.3209e-14
450 9.65532 2.3209e-14
451 9.65532 2.3209e-14
452 9.65532 2.3209e-14
453 9.65532 2.3209e-14
454 9.65532 2.3209e-14
455 9.65532 2.3209e-14
456 9.65532 2.3209e-14
457 9.65532 2.3209e-14
458 9.65532 2.3209e-14
459 9.65532 2.3209e-14
460 9.65532 2.3209e-14
461 9.65532 2.3209e-14
462 9.65532 2.3209e-14
463 9.65532 2.3209e-14
464 9.65532 2.3209e-14
465 9.65532 2.3209e-14
466 9.65532 2.3209e-14
467 9.65532 2.3209e-14
468 9.65532 2.3209e-14
469 9.65532 2.3209e-14
470 9.65532 2.3209e-14
471 9.65532 2.3209e-14
472 9.65532 2.3209e-14
473 9.65532 2.3209e-14
474 9.65532 2.3209e-14
475 9.65532 2.3209e-14
476 9.65532 2.3209e-14
477 9.65532 2.3209e-14
478 9.65532 2.3209e-14
479 9.65532 2.3209e-14
480 9.65532 2.3209e-14
481 9.65532 2.3209e-14
482 9.65532 2.3209e-14
483 9.65532 2.3209e-14
484 9.65532 2.3209e-14
485 9.65532 2.3209e-14
486 9.65532 2.3209e-14
487 9.65532 2.3209e-14
488 9.65532 2.3209e-14
489 9.65532 2.3209e-14
490 9.65532 2.3209e-14
491 9.65532 2.3209e-14
492 9.65532 2.3209e-14
493 9.65532 2.3209e-14
494 9.65532 2.3209e-14
495 9.65532 2.3209e-14
496 9.65532 2.3209e-14
497 9.65532 2.3209e-14
498 9.65532 2.3209e-14
499 9.65532 2.3209e-14
500 9.65532 2.3209e-14
501 9.65532 2.3209e-14
502 9.65532 2.3209e-14
503 9.65532 2.3209e-14
504 9.65532 2.3209e-14
505 9.65532 2.3209e-14
506 9.65532 2.3209e-14
507 9.65532 2.3209e-14
508 9.65532 2.3209e-14
509 9.65532 2.3209e-14
510 9.65532 2.3209e-14
511 9.65532 2.3209e-14
512 9.65532 2.3209e-14
513 9.65532 2.3209e-14
514 9.65532 2.3209e-14
515 9.65532 2.3209e-14
516 9.65532 2.3209e-14
517 9.65532 2.3209e-14
518 9.65532 2.3209e-14
519 9.65532 2.3209e-14
520 9.65532 2.3209e-14
521 9.65532 2.3209e-14
522 9.65532 2.3209e-14
523 9.65532 2.3209e-14
524 9.65532 2.3209e-14
525 9.65532 2.3209e-14
526 9.65532 2.3209e-14
527 9.65532 2.3209e-14
528 9.65532 2.3209e-14
529 9.65532 2.3209e-14
530 9.65532 2.3209e-14
531 9.65532 2.3209e-14
532 9.65532 2.3209e-14
533 9.65532 2.3209e-14
534 9.65532 2.3209e-14
535 9.65532 2.3209e-14
536 9.65532 2.3209e-14
537 9.65532 2.3209e-14
538 9.65532 2.3209e-14
539 9.65532 2.3209e-14
540 9.65532 2.3209e-14
541 9.65532 2.3209e-14
542 9.65532 2.3209e-14
543 9.65532 2.3209e-14
544 9.65532 2.3209e-14
545 9.65532 2.3209e-14
546 9.65532 2.3209e-14
547 9.65532 2.3209e-14
548 9.65532 2.3209e-14
549 9.65532 2.3209e-14
550 9.65532 2.3209e-14
551 9.65532 2.3209e-14
552 9.65532 2.3209e-14
553 9.65532 2.3209e-14
554 9.65532 2.3209e-14
555 9.65532 2.3209e-14
556 9.65532 2.3209e-14
557 9.65532 2.3209e-14
558 9.65532 2.3209e-14
559 9.65532 2.3209e-14
560 9.65532 2.3209e-14
561 9.65532 2.3209e-14
562 9.65532 2.3209e-14
563 9.65532 2.3209e-14
564 9.65532 2.3209e-14
565 9.65532 2.3209e-14
566 9.65532 2.3209e-14
567 9.65532 2.3209e-14
568 9.65532 2.3209e-14
569 9.65532 2.3209e-14
570 9.65532 2.3209e-14
571 9.65532 2.3209e-14
572 9.65532 2.3209e-14
573 9.65532 2.3209e-14
574 9.65532 2.3209e-14
575 9.65532 2.3209e-14
576 9.65532 2.3209e-14
577 9.65532 2.3209e-14
578 9.65532 2.3209e-14
579 9.65532 2.3209e-14
580 9.65532 2.3209e-14
581 9.65532 2.3209e-14
582 9.65532 2.3209e-14
583 9.65532 2.3209e-14
584 9.65532 2.3209e-14
585 9.65532 2.3209e-14
586 9.65532 2.3209e-14
587 9.65532 2.3209e-14
588 9.65532 2.3209e-14
589 9.65532 2.3209e-14
590 9.65532 2.3209e-14
591 9.65532 2.3209e-14
592 9.65532 2.3209e-14
593 9.65532 2.3209e-14
594 9.65532 2.3209e-14
595 9.65532 2.3209e-14
596 9.65532 2.3209e-14
597 9.65532 2.3209e-14
598 9.65532 2.3209e-14
599 9.65532 2.3209e-14
600 9.65532 2.3209e-14
601 9.65532 2.3209e-14
602 9.65532 2.3209e-14
603 9.65532 2.3209e-14
604 9.65532 2.3209e-14
605 9.65532 2.3209e-14
606 9.65532 2.3209e-14
607 9.65532 2.3209e-14
608 9.65532 2.3209e-14
609 9.65532 2.3209e-14
610 9.65532 2.3209e-14
611 9.65532 2.3209e-14
612 9.65532 2.3209e-14
613 9.65532 2.3209e-14
614 9.65532 2.3209e-14
615 9.65532 2.3209e-14
616 9.65532 2.3209e-14
617 9.65532 2.3209e-14
618 9.65532 2.3209e-14
619 9.65532 2.3209e-14
620 9.65532 2.3209e-14
621 9.65532 2.3209e-14
622 9.65532 2.3209e-14
623 9.65532 2.3209e-14
624 9.65532 2.3209e-14
625 9.65532 2.3209e-14
626 9.65532 2.3209e-14
627 9.65532 2.3209e-14
628 9.65532 2.3209e-14
629 9.65532 2.3209e-14
630 9.65532 2.3209e-14
631 9.65532 2.3209e-14
632 9.65532 2.3209e-14
633 9.65532 2.3209e-14
634 9.65532 2.3209e-14
635 9.65532 2.3209e-14
636 9.65532 2.3209e-14
637 9.65532 2.3209e-14
638 9.65532 2.3209e-14
639 9.65532 2.3209e-14
640 9.65532 2.3209e-14
641 9.65532 2.3209e-14
642 9.65532 2.3209e-14
643 9.65532 2.3209e-14
644 9.65532 2.3209e-14
645 9.65532 2.3209e-14
646 9.65532 2.3209e-14
647 9.65532 2.3209e-14
648 9.65532 2.3209e-14
649 9.65532 2.3209e-14
650 9.65532 2.3209e-14
651 9.65532 2.3209e-14
652 9.65532 2.3209e-14
653 9.65532 2.3209e-14
654 9.65532 2.3209e-14
655 9.65532 2.3209e-14
656 9.65532 2.3209e-14
657 9.65532 2.3209e-14
658 9.65532 2.3209e-14
659 9.65532 2.3209e-14
660 9.65532 2.3209e-14
661 9.65532 2.3209e-14
662 9.65532 2.3209e-14
663 9.65532 2.3209e-14
664 9.65532 2.3209e-14
665 9.65532 2.3209e-14
666 9.65532 2.3209e-14
667 9.65532 2.3209e-14
668 9.65532 2.3209e-14
669 9.65532 2.3209e-14
670 9.65532 2.3209e-14
671 9.65532 2.3209e-14
672 9.65532 2.3209e-14
673 9.65532 2.3209e-14
674 9.65532 2.3209e-14
675 9.65532 2.3209e-14
676 9.65532 2.3209e-14
677 9.65532 2.3209e-14
678 9.65532 2.3209e-14
679 9.65532 2.3209e-14
680 9.65532 2.3209e-14
681 9.65532 2.3209e-14
682 9.65532 2.3209e-14
683 9.65532 2.3209e-14
684 9.65532 2.3209e-14
685 9.65532 2.3209e-14
686 9.65532 2.3209e-14
687 9.65532 2.3209e-14
688 9.65532 2.3209e-14
689 9.65532 2.3209e-14
690 9.65532 2.3209e-14
691 9.65532 2.3209e-14
692 9.65532 2.3209e-14
693 9.65532 2.3209e-14
694 9.65532 2.3209e-14
695 9.65532 2.3209e-14
696 9.65532 2.3209e-14
697 9.65532 2.3209e-14
698 9.65532 2.3209e-14
699 9.65532 2.3209e-14
700 9.65532 2.3209e-14
701 9.65532 2.3209e-14
702 9.65532 2.3209e-14
703 9.65532 2.3209e-14
704 9.65532 2.3209e-14
705 9.65532 2.3209e-14
706 9.65532 2.3209e-14
707 9.65532 2.3209e-14
708 9.65532 2.3209e-14
709 9.65532 2.3209e-14
710 9.65532 2.3209e-14
711 9.65532 2.3209e-14
712 9.65532 2.3209e-14
713 9.65532 2.3209e-14
714 9.65532 2.3209e-14
715 9.65532 2.3209e-14
716 9.65532 2.3209e-14
717 9.65532 2.3209e-14
718 9.65532 2.3209e-14
719 9.65532 2.3209e-14
720 9.65532 2.3209e-14
721 9.65532 2.3209e-14
722 9.65532 2.3209e-14
723 9.65532 2.3209e-14
724 9.65532 2.3209e-14
725 9.65532 2.3209e-14
726 9.65532 2.3209e-14
727 9.65532 2.3209e-14
728 9.65532 2.3209e-14
729 9.65532 2.3209e-14
730 9.65532 2.3209e-14
731 9.65532 2.3209e-14
732 9.65532 2.3209e-14
733 9.65532 2.3209e-14
734 9.65532 2.3209e-14
735 9.65532 2.3209e-14
736 9.65532 2.3209e-14
737 9.65532 2.3209e-14
738 9.65532 2.3209e-14
739 9.65532 2.3209e-14
740 9.65532 2.3209e-14
741 9.65532 2.3209e-14
742 9.65532 2.3209e-14
743 9.65532 2.3209e-14
744 9.65532 2.3209e-14
745 9.65532 2.3209e-14
746 9.65532 2.3209e-14
747 9.65532 2.3209e-14
748 9.65532 2.3209e-14
749 9.65532 2.3209e-14
750 9.65532 2.3209e-14
751 9.65532 2.3209e-14
752 9.65532 2.3209e-14
753 9.65532 2.3209e-14
754 9.65532 2.3209e-14
755 9.65532 2.3209e-14
756 9.65532 2.3209e-14
757 9.65532 2.3209e-14
758 9.65532 2.3209e-14
759 9.65532 2.3209e-14
760 9.65532 2.3209e-14
761 9.65532 2.3209e-14
762 9.65532 2.3209e-14
763 9.65532 2.3209e-14
764 9.65532 2.3209e-14
765 9.65532 2.3209e-14
766 9.65532 2.3209e-14
767 9.65532 2.3209e-14
768 9.65532 2.3209e-14
769 9.65532 2.3209e-14
770 9.65532 2.3209e-14
771 9.65532 2.3209e-14
772 9.65532 2.3209e-14
773 9.65532 2.3209e-14
774 9.65532 2.3209e-14
775 9.65532 2.3209e-14
776 9.65532 2.3209e-14
777 9.65532 2.3209e-14
778 9.65532 2.3209e-14
779 9.65532 2.3209e-14
780 9.65532 2.3209e-14
781 9.65532 2.3209e-14
782 9.65532 2.3209e-14
783 9.65532 2.3209e-14
784 9.65532 2.3209e-14
785 9.65532 2.3209e-14
786 9.65532 2.3209e-14
787 9.65532 2.3209e-14
788 9.65532 2.3209e-14
789 9.65532 2.3209e-14
790 9.65532 2.3209e-14
791 9.65532 2.3209e-14
792 9.65532 2.3209e-14
793 9.65532 2.3209e-14
794 9.65532 2.3209e-14
795 9.65532 2.3209e-14
796 9.65532 2.3209e-14
797 9.65532 2.3209e-14
798 9.65532 2.3209e-14
799 9.65532 2.3209e-14
800 9.65532 2.3209e-14
801 9.65532 2.3209e-14
802 9.65532 2.3209e-14
803 9.65532 2.3209e-14
804 9.65532 2.3209e-14
805 9.65532 2.3209e-14
806 9.65532 2.3209e-14
807 9.65532 2.3209e-14
808 9.65532 2.3209e-14
809 9.65532 2.3209e-14
810 9.65532 2.3209e-14
811 9.65532 2.3209e-14
812 9.65532 2.3209e-14
813 9.65532 2.3209e-14
814 9.65532 2.3209e-14
815 9.65532 2.3209e-14
816 9.65532 2.3209e-14
817 9.65532 2.3209e-14
818 9.65532 2.3209e-14
819 9.65532 2.3209e-14
820 9.65532 2.3209e-14
821 9.65532 2.3209e-14
822 9.65532 2.3209e-14
823 9.65532 2.3209e-14
824 9.65532 2.3209e-14
825 9.65532 2.3209e-14
826 9.65532 2.3209e-14
827 9.65532 2.3209e-14
828 9.65532 2.3209e-14
829 9.65532 2.3209e-14
830 9.65532 2.3209e-14
831 9.65532 2.3209e-14
832 9.65532 2.3209e-14
833 9.65532 2.3209e-14
834 9.65532 2.3209e-14
835 9.65532 2.3209e-14
836 9.65532 2.3209e-14
837 9.65532 2.3209e-14
838 9.65532 2.3209e-14
839 9.65532 2.3209e-14
840 9.65532 2.3209e-14
841 9.65532 2.3209e-14
842 9.65532 2.3209e-14
843 9.65532 2.3209e-14
844 9.65532 2.3209e-14
845 9.65532 2.3209e-14
846 9.65532 2.3209e-14
847 9.65532 2.3209e-14
848 9.65532 2.3209e-14
849 9.65532 2.3209e-14
850 9.65532 2.3209e-14
851 9.65532 2.3209e-14
852 9.65532 2.3209e-14
853 9.65532 2.3209e-14
854 9.65532 2.3209e-14
855 9.65532 2.3209e-14
856 9.65532 2.3209e-14
857 9.65532 2.3209e-14
858 9.65532 2.3209e-14
859 9.65532 2.3209e-14
860 9.65532 2.3209e-14
861 9.65532 2.3209e-14
862 9.65532 2.3209e-14
863 9.65532 2.3209e-14
864 9.65532 2.3209e-14
865 9.65532 2.3209e-14
866 9.65532 2.3209e-14
867 9.65532 2.3209e-14
868 9.65532 2.3209e-14
869 9.65532 2.3209e-14
870 9.65532 2.3209e-14
871 9.65532 2.3209e-14
872 9.65532 2.3209e-14
873 9.65532 2.3209e-14
874 9.65532 2.3209e-14
875 9.65532 2.3209e-14
876 9.65532 2.3209e-14
877 9.65532 2.3209e-14
878 9.65532 2.3209e-14
879 9.65532 2.3209e-14
880 9.65532 2.3209e-14
881 9.65532 2.3209e-14
882 9.65532 2.3209e-14
883 9.65532 2.3209e-14
884 9.65532 2.3209e-14
885 9.65532 2.3209e-14
886 9.65532 2.3209e-14
887 9.65532 2.3209e-14
888 9.65532 2.3209e-14
889 9.65532 2.3209e-14
890 9.65532 2.3209e-14
891 9.65532 2.3209e-14
892 9.65532 2.3209e-14
893 9.65532 2.3209e-14
894 9.65532 2.3209e-14
895 9.65532 2.3209e-14
896 9.65532 2.3209e-14
897 9.65532 2.3209e-14
898 9.65532 2.3209e-14
899 9.65532 2.3209e-14
900 9.65532 2.3209e-14
901 9.65532 2.3209e-14
902 9.65532 2.3209e-14
903 9.65532 2.3209e-14
904 9.65532 2.3209e-14
905 9.65532 2.3209e-14
906 9.65532 2.3209e-14
907 9.65532 2.3209e-14
908 9.65532 2.3209e-14
909 9.65532 2.3209e-14
910 9.65532 2.3209e-14
911 9.65532 2.3209e-14
912 9.65532 2.3209e-14
913 9.65532 2.3209e-14
914 9.65532 2.3209e-14
915 9.65532 2.3209e-14
916 9.65532 2.3209e-14
917 9.65532 2.3209e-14
918 9.65532 2.3209e-14
919 9.65532 2.3209e-14
920 9.65532 2.3209e-14
921 9.65532 2.3209e-14
922 9.65532 2.3209e-14
923 9.65532 2.3209e-14
924 9.65532 2.3209e-14
925 9.65532 2.3209e-14
926 9.65532 2.3209e-14
927 9.65532 2.3209e-14
928 9.65532 2.3209e-14
929 9.65532 2.3209e-14
930 9.65532 2.3209e-14
931 9.65532 2.3209e-14
932 9.65532 2.3209e-14
933 9.65532 2.3209e-14
934 9.65532 2.3209e-14
935 9.65532 2.3209e-14
936 9.65532 2.3209e-14
937 9.65532 2.3209e-14
938 9.65532 2.3209e-14
939 9.65532 2.3209e-14
940 9.65532 2.3209e-14
941 9.65532 2.3209e-14
942 9.65532 2.3209e-14
943 9.65532 2.3209e-14
944 9.65532 2.3209e-14
945 9.65532 2.3209e-14
946 9.65532 2.3209e-14
947 9.65532 2.3209e-14
948 9.65532 2.3209e-14
949 9.65532 2.3209e-14
950 9.65532 2.3209e-14
951 9.65532 2.3209e-14
952 9.65532 2.3209e-14
953 9.65532 2.3209e-14
954 9.65532 2.3209e-14
955 9.65532 2.3209e-14
956 9.65532 2.3209e-14
957 9.65532 2.3209e-14
958 9.65532 2.3209e-14
959 9.65532 2.3209e-14
960 9.65532 2.3209e-14
961 9.65532 2.3209e-14
962 9.65532 2.3209e-14
963 9.65532 2.3209e-14
964 9.65532 2.3209e-14
965 9.65532 2.3209e-14
966 9.65532 2.3209e-14
967 9.65532 2.3209e-14
968 9.65532 2.3209e-14
969 9.65532 2.3209e-14
970 9.65532 2.3209e-14
971 9.65532 2.3209e-14
972 9.65532 2.3209e-14
973 9.65532 2.3209e-14
974 9.65532 2.3209e-14
975 9.65532 2.3209e-14
976 9.65532 2.3209e-14
977 9.65532 2.3209e-14
978 9.65532 2.3209e-14
979 9.65532 2.3209e-14
980 9.65532 2.3209e-14
981 9.65532 2.3209e-14
982 9.65532 2.3209e-14
983 9.65532 2.3209e-14
984 9.65532 2.3209e-14
985 9.65532 2.3209e-14
986 9.65532 2.3209e-14
987 9.65532 2.3209e-14
988 9.65532 2.3209e-14
989 9.65532 2.3209e-14
990 9.65532 2.3209e-14
991 9.65532 2.3209e-14
992 9.65532 2.3209e-14
993 9.65532 2.3209e-14
994 9.65532 2.3209e-14
995 9.65532 2.3209e-14
996 9.65532 2.3209e-14
997 9.65532 2.3209e-14
998 9.65532 2.3209e-14
999 9.65532 2.3209e-14
1000 9.65532 2.3209e-14
1001 9.65532 2.3209e-14
1002 9.65532 2.3209e-14
1003 9.65532 2.3209e-14
1004 9.65532 2.3209e-14
1005 9.65532 2.3209e-14
1006 9.65532 2.3209e-14
1007 9.65532 2.3209e-14
1008 9.65532 2.3209e-14
1009 9.65532 2.3209e-14
1010 9.65532 2.3209e-14
1011 9.65532 2.3209e-14
1012 9.65532 2.3209e-14
1013 9.65532 2.3209e-14
1014 9.65532 2.3209e-14
1015 9.65532 2.3209e-14
1016 9.65532 2.3209e-14
1017 9.65532 2.3209e-14
1018 9.65532 2.3209e-14
1019 9.65532 2.3209e-14
1020 9.65532 2.3209e-14
1021 9.65532 2.3209e-14
1022 9.65532 2.3209e-14
1023 9.65532 2.3209e-14
1024 9.65532 2.3209e-14
1025 9.65532 2.3209e-14
1026 9.65532 2.3209e-14
1027 9.65532 2.3209e-14
1028 9.65532 2.3209e-14
1029 9.65532 2.3209e-14
1030 9.65532 2.3209e-14
1031 9.65532 2.3209e-14
1032 9.65532 2.3209e-14
1033 9.65532 2.3209e-14
1034 9.65532 2.3209e-14
1035 9.65532 2.3209e-14
1036 9.65532 2.3209e-14
1037 9.65532 2.3209e-14
1038 9.65532 2.3209e-14
1039 9.65532 2.3209e-14
1040 9.65532 2.3209e-14
1041 9.65532 2.3209e-14
1042 9.65532 2.3209e-14
1043 9.65532 2.3209e-14
1044 9.65532 2.3209e-14
1045 9.65532 2.3209e-14
1046 9.65532 2.3209e-14
1047 9.65532 2.3209e-14
1048 9.65532 2.3209e-14
1049 9.65532 2.3209e-14
1050 9.65532 2.3209e-14
1051 9.65532 2.3209e-14
1052 9.65532 2.3209e-14
1053 9.65532 2.3209e-14
1054 9.65532 2.3209e-14
1055 9.65532 2.3209e-14
1056 9.65532 2.3209e-14
1057 9.65532 2.3209e-14
1058 9.65532 2.3209e-14
1059 9.65532 2.3209e-14
1060 9.65532 2.3209e-14
1061 9.65532 2.3209e-14
1062 9.65532 2.3209e-14
1063 9.65532 2.3209e-14
1064 9.65532 2.3209e-14
1065 9.65532 2.3209e-14
1066 9.65532 2.3209e-14
1067 9.65532 2.3209e-14
1068 9.65532 2.3209e-14
1069 9.65532 2.3209e-14
1070 9.65532 2.3209e-14
1071 9.65532 2.3209e-14
1072 9.65532 2.3209e-14
1073 9.65532 2.3209e-14
1074 9.65532 2.3209e-14
1075 9.65532 2.3209e-14
1076 9.65532 2.3209e-14
1077 9.65532 2.3209e-14
1078 9.65532 2.3209e-14
1079 9.65532 2.3209e-14
1080 9.65532 2.3209e-14
1081 9.65532 2.3209e-14
1082 9.65532 2.3209e-14
1083 9.65532 2.3209e-14
1084 9.65532 2.3209e-14
1085 9.65532 2.3209e-14
1086 9.65532 2.3209e-14
1087 9.65532 2.3209e-14
1088 9.65532 2.3209e-14
1089 9.65532 2.3209e-14
1090 9.65532 2.3209e-14
1091 9.65532 2.3209e-14
1092 9.65532 2.3209e-14
1093 9.65532 2.3209e-14
1094 9.65532 2.3209e-14
1095 9.65532 2.3209e-14
1096 9.65532 2.3209e-14
1097 9.65532 2.3209e-14
1098 9.65532 2.3209e-14
1099 9.65532 2.3209e-14
1100 9.65532 2.3209e-14
1101 9.65532 2.3209e-14
1102 9.65532 2.3209e-14
1103 9.65532 2.3209e-14
1104 9.65532 2.3209e-14
1105 9.65532 2.3209e-14
1106 9.65532 2.3209e-14
1107 9.65532 2.3209e-14
1108 9.65532 2.3209e-14
1109 9.65532 2.3209e-14
1110 9.65532 2.3209e-14
1111 9.65532 2.3209e-14
1112 9.65532 2.3209e-14
1113 9.65532 2.3209e-14
1114 9.65532 2.3209e-14
1115 9.65532 2.3209e-14
1116 9.65532 2.3209e-14
1117 9.65532 2.3209e-14
1118 9.65532 2.3209e-14
1119 9.65532 2.3209e-14
1120 9.65532 2.3209e-14
1121 9.65532 2.3209e-14
1122 9.65532 2.3209e-14
1123 9.65532 2.3209e-14
1124 9.65532 2.3209e-14
1125 9.65532 2.3209e-14
1126 9.65532 2.3209e-14
1127 9.65532 2.3209e-14
1128 9.65532 2.3209e-14
1129 9.65532 2.3209e-14
1130 9.65532 2.3209e-14
1131 9.65532 2.3209e-14
1132 9.65532 2.3209e-14
1133 9.65532 2.3209e-14
1134 9.65532 2.3209e-14
1135 9.65532 2.3209e-14
1136 9.65532 2.3209e-14
1137 9.65532 2.3209e-14
1138 9.65532 2.3209e-14
1139 9.65532 2.3209e-14
1140 9.65532 2.3209e-14
1141 9.65532 2.3209e-14
1142 9.65532 2.3209e-14
1143 9.65532 2.3209e-14
1144 9.65532 2.3209e-14
1145 9.65532 2.3209e-14
1146 9.65532 2.3209e-14
1147 9.65532 2.3209e-14
1148 9.65532 2.3209e-14
1149 9.65532 2.3209e-14
1150 9.65532 2.3209e-14
1151 9.65532 2.3209e-14
1152 9.65532 2.3209e-14
1153 9.65532 2.3209e-14
1154 9.65532 2.3209e-14
1155 9.65532 2.3209e-14
1156 9.65532 2.3209e-14
1157 9.65532 2.3209e-14
1158 9.65532 2.3209e-14
1159 9.65532 2.3209e-14
1160 9.65532 2.3209e-14
1161 9.65532 2.3209e-14
1162 9.65532 2.3209e-14
1163 9.65532 2.3209e-14
1164 9.65532 2.3209e-14
1165 9.65532 2.3209e-14
1166 9.65532 2.3209e-14
1167 9.65532 2.3209e-14
1168 9.65532 2.3209e-14
1169 9.65532 2.3209e-14
1170 9.65532 2.3209e-14
1171 9.65532 2.3209e-14
1172 9.65532 2.3209e-14
1173 9.65532 2.3209e-14
1174 9.65532 2.3209e-14
1175 9.65532 2.3209e-14
1176 9.65532 2.3209e-14
1177 9.65532 2.3209e-14
1178 9.65532 2.3209e-14
1179 9.65532 2.3209e-14
1180 9.65532 2.3209e-14
1181 9.65532 2.3209e-14
1182 9.65532 2.3209e-14
1183 9.65532 2.3209e-14
1184 9.65532 2.3209e-14
1185 9.65532 2.3209e-14
1186 9.65532 2.3209e-14
1187 9.65532 2.3209e-14
1188 9.65532 2.3209e-14
1189 9.65532 2.3209e-14
1190 9.65532 2.3209e-14
1191 9.65532 2.3209e-14
1192 9.65532 2.3209e-14
1193 9.65532 2.3209e-14
1194 9.65532 2.3209e-14
1195 9.65532 2.3209e-14
1196 9.65532 2.3209e-14
1197 9.65532 2.3209e-14
1198 9.65532 2.3209e-14
1199 9.65532 2.3209e-14
1200 9.65532 2.3209e-14
1201 9.65532 2.3209e-14
1202 9.65532 2.3209e-14
1203 9.65532 2.3209e-14
1204 9.65532 2.3209e-14
1205 9.65532 2.3209e-14
1206 9.65532 2.3209e-14
1207 9.65532 2.3209e-14
1208 9.65532 2.3209e-14
1209 9.65532 2.3209e-14
1210 9.65532 2.3209e-14
1211 9.65532 2.3209e-14
1212 9.65532 2.3209e-14
1213 9.65532 2.3209e-14
1214 9.65532 2.3209e-14
1215 9.65532 2.3209e-14
1216 9.65532 2.3209e-14
1217 9.65532 2.3209e-14
1218 9.65532 2.3209e-14
1219 9.65532 2.3209e-14
1220 9.65532 2.3209e-14
1221 9.65532 2.3209e-14
1222 9.65532 2.3209e-14
1223 9.65532 2.3209e-14
1224 9.65532 2.3209e-14
1225 9.65532 2.3209e-14
1226 9.65532 2.3209e-14
1227 9.65532 2.3209e-14
1228 9.65532 2.3209e-14
1229 9.65532 2.3209e-14
1230 9.65532 2.3209e-14
1231 9.65532 2.3209e-14
1232 9.65532 2.3209e-14
1233 9.65532 2.3209e-14
1234 9.65532 2.3209e-14
1235 9.65532 2.3209e-14
1236 9.65532 2.3209e-14
1237 9.65532 2.3209e-14
1238 9.65532 2.3209e-14
1239 9.65532 2.3209e-14
1240 9.65532 2.3209e-14
1241 9.65532 2.3209e-14
1242 9.65532 2.3209e-14
1243 9.65532 2.3209e-14
1244 9.65532 2.3209e-14
1245 9.65532 2.3209e-14
1246 9.65532 2.3209e-14
1247 9.65532 2.3209e-14
1248 9.65532 2.3209e-14
1249 9.65532 2.3209e-14
1250 9.65532 2.3209e-14
1251 9.65532 2.3209e-14
1252 9.65532 2.3209e-14
1253 9.65532 2.3209e-14
1254 9.65532 2.3209e-14
1255 9.65532 2.3209e-14
1256 9.65532 2.3209e-14
1257 9.65532 2.3209e-14
1258 9.65532 2.3209e-14
1259 9.65532 2.3209e-14
1260 9.65532 2.3209e-14
1261 9.65532 2.3209e-14
1262 9.65532 2.3209e-14
1263 9.65532 2.3209e-14
1264 9.65532 2.3209e-14
1265 9.65532 2.3209e-14
1266 9.65532 2.3209e-14
1267 9.65532 2.3209e-14
1268 9.65532 2.3209e-14
1269 9.65532 2.3209e-14
1270 9.65532 2.3209e-14
1271 9.65532 2.3209e-14
1272 9.65532 2.3209e-14
1273 9.65532 2.3209e-14
1274 9.65532 2.3209e-14
1275 9.65532 2.3209e-14
1276 9.65532 2.3209e-14
1277 9.65532 2.3209e-14
1278 9.65532 2.3209e-14
1279 9.65532 2.3209e-14
1280 9.65532 2.3209e-14
1281 9.65532 2.3209e-14
1282 9.65532 2.3209e-14
1283 9.65532 2.3209e-14
1284 9.65532 2.3209e-14
1285 9.65532 2.3209e-14
1286 9.65532 2.3209e-14
1287 9.65532 2.3209e-14
1288 9.65532 2.3209e-14
1289 9.65532 2.3209e-14
1290 9.65532 2.3209e-14
1291 9.65532 2.3209e-14
1292 9.65532 2.3209e-14
1293 9.65532 2.3209e-14
1294 9.65532 2.3209e-14
1295 9.65532 2.3209e-14
1296 9.65532 2.3209e-14
1297 9.65532 2.3209e-14
1298 9.65532 2.3209e-14
1299 9.65532 2.3209e-14
1300 9.65532 2.3209e-14
1301 9.65532 2.3209e-14
1302 9.65532 2.3209e-14
1303 9.65532 2.3209e-14
1304 9.65532 2.3209e-14
1305 9.65532 2.3209e-14
1306 9.65532 2.3209e-14
1307 9.65532 2.3209e-14
1308 9.65532 2.3209e-14
1309 9.65532 2.3209e-14
1310 9.65532 2.3209e-14
1311 9.65532 2.3209e-14
1312 9.65532 2.3209e-14
1313 9.65532 2.3209e-14
1314 9.65532 2.3209e-14
1315 9.65532 2.3209e-14
1316 9.65532 2.3209e-14
1317 9.65532 2.3209e-14
1318 9.65532 2.3209e-14
1319 9.65532 2.3209e-14
1320 9.65532 2.3209e-14
1321 9.65532 2.3209e-14
1322 9.65532 2.3209e-14
1323 9.65532 2.3209e-14
1324 9.65532 2.3209e-14
1325 9.65532 2.3209e-14
1326 9.65532 2.3209e-14
1327 9.65532 2.3209e-14
1328 9.65532 2.3209e-14
1329 9.65532 2.3209e-14
1330 9.65532 2.3209e-14
1331 9.65532 2.3209e-14
1332 9.65532 2.3209e-14
1333 9.65532 2.3209e-14
1334 9.65532 2.3209e-14
1335 9.65532 2.3209e-14
1336 9.65532 2.3209e-14
1337 9.65532 2.3209e-14
1338 9.65532 2.3209e-14
1339 9.65532 2.3209e-14
1340 9.65532 2.3209e-14
1341 9.65532 2.3209e-14
1342 9.65532 2.3209e-14
1343 9.65532 2.3209e-14
1344 9.65532 2.3209e-14
1345 9.65532 2.3209e-14
1346 9.65532 2.3209e-14
1347 9.65532 2.3209e-14
1348 9.65532 2.3209e-14
1349 9.65532 2.3209e-14
1350 9.65532 2.3209e-14
1351 9.65532 2.3209e-14
1352 9.65532 2.3209e-14
1353 9.65532 2.3209e-14
1354 9.65532 2.3209e-14
1355 9.65532 2.3209e-14
1356 9.65532 2.3209e-14
1357 9.65532 2.3209e-14
1358 9.65532 2.3209e-14
1359 9.65532 2.3209e-14
1360 9.65532 2.3209e-14
1361 9.65532 2.3209e-14
1362 9.65532 2.3209e-14
1363 9.65532 2.3209e-14
1364 9.65532 2.3209e-14
1365 9.65532 2.3209e-14
1366 9.65532 2.3209e-14
1367 9.65532 2.3209e-14
1368 9.65532 2.3209e-14
1369 9.65532 2.3209e-14
1370 9.65532 2.3209e-14
1371 9.65532 2.3209e-14
1372 9.65532 2.3209e-14
1373 9.65532 2.3209e-14
1374 9.65532 2.3209e-14
1375 9.65532 2.3209e-14
1376 9.65532 2.3209e-14
1377 9.65532 2.3209e-14
1378 9.65532 2.3209e-14
1379 9.65532 2.3209e-14
1380 9.65532 2.3209e-14
1381 9.65532 2.3209e-14
1382 9.65532 2.3209e-14
1383 9.65532 2.3209e-14
1384 9.65532 2.3209e-14
1385 9.65532 2.3209e-14
1386 9.65532 2.3209e-14
1387 9.65532 2.3209e-14
1388 9.65532 2.3209e-14
1389 9.65532 2.3209e-14
1390 9.65532 2.3209e-14
1391 9.65532 2.3209e-14
1392 9.65532 2.3209e-14
1393 9.65532 2.3209e-14
1394 9.65532 2.3209e-14
1395 9.65532 2.3209e-14
1396 9.65532 2.3209e-14
1397 9.65532 2.3209e-14
1398 9.65532 2.3209e-14
1399 9.65532 2.3209e-14
1400 9.65532 2.3209e-14
1401 9.65532 2.3209e-14
1402 9.65532 2.3209e-14
1403 9.65532 2.3209e-14
1404 9.65532 2.3209e-14
1405 9.65532 2.3209e-14
1406 9.65532 2.3209e-14
1407 9.65532 2.3209e-14
1408 9.65532 2.3209e-14
1409 9.65532 2.3209e-14
1410 9.65532 2.3209e-14
1411 9.65532 2.3209e-14
1412 9.65532 2.3209e-14
1413 9.65532 2.3209e-14
1414 9.65532 2.3209e-14
1415 9.65532 2.3209e-14
1416 9.65532 2.3209e-14
1417 9.65532 2.3209e-14
1418 9.65532 2.3209e-14
1419 9.65532 2.3209e-14
1420 9.65532 2.3209e-14
1421 9.65532 2.3209e-14
1422 9.65532 2.3209e-14
1423 9.65532 2.3209e-14
1424 9.65532 2.3209e-14
1425 9.65532 2.3209e-14
1426 9.65532 2.3209e-14
1427 9.65532 2.3209e-14
1428 9.65532 2.3209e-14
1429 9.65532 2.3209e-14
1430 9.65532 2.3209e-14
1431 9.65532 2.3209e-14
1432 9.65532 2.3209e-14
1433 9.65532 2.3209e-14
1434 9.65532 2.3209e-14
1435 9.65532 2.3209e-14
1436 9.65532 2.3209e-14
1437 9.65532 2.3209e-14
1438 9.65532 2.3209e-14
1439 9.65532 2.3209e-14
1440 9.65532 2.3209e-14
1441 9.65532 2.3209e-14
1442 9.65532 2.3209e-14
1443 9.65532 2.3209e-14
1444 9.65532 2.3209e-14
1445 9.65532 2.3209e-14
1446 9.65532 2.3209e-14
1447 9.65532 2.3209e-14
1448 9.65532 2.3209e-14
1449 9.65532 2.3209e-14
1450 9.65532 2.3209e-14
1451 9.65532 2.3209e-14
1452 9.65532 2.3209e-14
1453 9.65532 2.3209e-14
1454 9.65532 2.3209e-14
1455 9.65532 2.3209e-14
1456 9.65532 2.3209e-14
1457 9.65532 2.3209e-14
1458 9.65532 2.3209e-14
1459 9.65532 2.3209e-14
1460 9.65532 2.3209e-14
1461 9.65532 2.3209e-14
1462 9.65532 2.3209e-14
1463 9.65532 2.3209e-14
1464 9.65532 2.3209e-14
1465 9.65532 2.3209e-14
1466 9.65532 2.3209e-14
1467 9.65532 2.3209e-14
1468 9.65532 2.3209e-14
1469 9.65532 2.3209e-14
1470 9.65532 2.3209e-14
1471 9.65532 2.3209e-14
1472 9.65532 2.3209e-14
1473 9.65532 2.3209e-14
1474 9.65532 2.3209e-14
1475 9.65532 2.3209e-14
1476 9.65532 2.3209e-14
1477 9.65532 2.3209e-14
1478 9.65532 2.3209e-14
1479 9.65532 2.3209e-14
1480 9.65532 2.3209e-14
1481 9.65532 2.3209e-14
1482 9.65532 2.3209e-14
1483 9.65532 2.3209e-14
1484 9.65532 2.3209e-14
1485 9.65532 2.3209e-14
1486 9.65532 2.3209e-14
1487 9.65532 2.3209e-14
1488 9.65532 2.3209e-14
1489 9.65532 2.3209e-14
1490 9.65532 2.3209e-14
1491 9.65532 2.3209e-14
1492 9.65532 2.3209e-14
1493 9.65532 2.3209e-14
1494 9.65532 2.3209e-14
1495 9.65532 2.3209e-14
1496 9.65532 2.3209e-14
1497 9.65532 2.3209e-14
1498 9.65532 2.3209e-14
1499 9.65532 2.3209e-14
1500 9.65532 2.3209e-14
1501 9.65532 2.3209e-14
1502 9.65532 2.3209e-14
1503 9.65532 2.3209e-14
1504 9.65532 2.3209e-14
1505 9.65532 2.3209e-14
1506 9.65532 2.3209e-14
1507 9.65532 2.3209e-14
1508 9.65532 2.3209e-14
1509 9.65532 2.3209e-14
1510 9.65532 2.3209e-14
1511 9.65532 2.3209e-14
1512 9.65532 2.3209e-14
1513 9.65532 2.3209e-14
1514 9.65532 2.3209e-14
1515 9.65532 2.3209e-14
1516 9.65532 2.3209e-14
1517 9.65532 2.3209e-14
1518 9.65532 2.3209e-14
1519 9.65532 2.3209e-14
1520 9.65532 2.3209e-14
1521 9.65532 2.3209e-14
1522 9.65532 2.3209e-14
1523 9.65532 2.3209e-14
1524 9.65532 2.3209e-14
1525 9.65532 2.3209e-14
1526 9.65532 2.3209e-14
1527 9.65532 2.3209e-14
1528 9.65532 2.3209e-14
1529 9.65532 2.3209e-14
1530 9.65532 2.3209e-14
1531 9.65532 2.3209e-14
1532 9.65532 2.3209e-14
1533 9.65532 2.3209e-14
1534 9.65532 2.3209e-14
1535 9.65532 2.3209e-14
1536 9.65532 2.3209e-14
1537 9.65532 2.3209e-14
1538 9.65532 2.3209e-14
1539 9.65532 2.3209e-14
1540 9.65532 2.3209e-14
1541 9.65532 2.3209e-14
1542 9.65532 2.3209e-14
1543 9.65532 2.3209e-14
1544 9.65532 2.3209e-14
1545 9.65532 2.3209e-14
1546 9.65532 2.3209e-14
1547 9.65532 2.3209e-14
1548 9.65532 2.3209e-14
1549 9.65532 2.3209e-14
1550 9.65532 2.3209e-14
1551 9.65532 2.3209e-14
1552 9.65532 2.3209e-14
1553 9.65532 2.3209e-14
1554 9.65532 2.3209e-14
1555 9.65532 2.3209e-14
1556 9.65532 2.3209e-14
1557 9.65532 2.3209e-14
1558 9.65532 2.3209e-14
1559 9.65532 2.3209e-14
1560 9.65532 2.3209e-14
1561 9.65532 2.3209e-14
1562 9.65532 2.3209e-14
1563 9.65532 2.3209e-14
1564 9.65532 2.3209e-14
1565 9.65532 2.3209e-14
1566 9.65532 2.3209e-14
1567 9.65532 2.3209e-14
1568 9.65532 2.3209e-14
1569 9.65532 2.3209e-14
1570 9.65532 2.3209e-14
1571 9.65532 2.3209e-14
1572 9.65532 2.3209e-14
1573 9.65532 2.3209e-14
1574 9.65532 2.3209e-14
1575 9.65532 2.3209e-14
1576 9.65532 2.3209e-14
1577 9.65532 2.3209e-14
1578 9.65532 2.3209e-14
1579 9.65532 2.3209e-14
1580 9.65532 2.3209e-14
1581 9.65532 2.3209e-14
1582 9.65532 2.3209e-14
1583 9.65532 2.3209e-14
1584 9.65532 2.3209e-14
1585 9.65532 2.3209e-14
1586 9.65532 2.3209e-14
1587 9.65532 2.3209e-14
1588 9.65532 2.3209e-14
1589 9.65532 2.3209e-14
1590 9.65532 2.3209e-14
1591 9.65532 2.3209e-14
1592 9.65532 2.3209e-14
1593 9.65532 2.3209e-14
1594 9.65532 2.3209e-14
1595 9.65532 2.3209e-14
1596 9.65532 2.3209e-14
1597 9.65532 2.3209e-14
1598 9.65532 2.3209e-14
1599 9.65532 2.3209e-14
1600 9.65532 2.3209e-14
1601 9.65532 2.3209e-14
1602 9.65532 2.3209e-14
1603 9.65532 2.3209e-14
1604 9.65532 2.3209e-14
1605 9.65532 2.3209e-14
1606 9.65532 2.3209e-14
1607 9.65532 2.3209e-14
1608 9.65532 2.3209e-14
1609 9.65532 2.3209e-14
1610 9.65532 2.3209e-14
1611 9.65532 2.3209e-14
1612 9.65532 2.3209e-14
1613 9.65532 2.3209e-14
1614 9.65532 2.3209e-14
1615 9.65532 2.3209e-14
1616 9.65532 2.3209e-14
1617 9.65532 2.3209e-14
1618 9.65532 2.3209e-14
1619 9.65532 2.3209e-14
1620 9.65532 2.3209e-14
1621 9.65532 2.3209e-14
1622 9.65532 2.3209e-14
1623 9.65532 2.3209e-14
1624 9.65532 2.3209e-14
1625 9.65532 2.3209e-14
1626 9.65532 2.3209e-14
1627 9.65532 2.3209e-14
1628 9.65532 2.3209e-14
1629 9.65532 2.3209e-14
1630 9.65532 2.3209e-14
1631 9.65532 2.3209e-14
1632 9.65532 2.3209e-14
1633 9.65532 2.3209e-14
1634 9.65532 2.3209e-14
1635 9.65532 2.3209e-14
1636 9.65532 2.3209e-14
1637 9.65532 2.3209e-14
1638 9.65532 2.3209e-14
1639 9.65532 2.3209e-14
1640 9.65532 2.3209e-14
1641 9.65532 2.3209e-14
1642 9.65532 2.3209e-14
1643 9.65532 2.3209e-14
1644 9.65532 2.3209e-14
1645 9.65532 2.3209e-14
1646 9.65532 2.3209e-14
1647 9.65532 2.3209e-14
1648 9.65532 2.3209e-14
1649 9.65532 2.3209e-14
1650 9.65532 2.3209e-14
1651 9.65532 2.3209e-14
1652 9.65532 2.3209e-14
1653 9.65532 2.3209e-14
1654 9.65532 2.3209e-14
1655 9.65532 2.3209e-14
1656 9.65532 2.3209e-14
1657 9.65532 2.3209e-14
1658 9.65532 2.3209e-14
1659 9.65532 2.3209e-14
1660 9.65532 2.3209e-14
1661 9.65532 2.3209e-14
1662 9.65532 2.3209e-14
1663 9.65532 2.3209e-14
1664 9.65532 2.3209e-14
1665 9.65532 2.3209e-14
1666 9.65532 2.3209e-14
1667 9.65532 2.3209e-14
1668 9.65532 2.3209e-14
1669 9.65532 2.3209e-14
1670 9.65532 2.3209e-14
1671 9.65532 2.3209e-14
1672 9.65532 2.3209e-14
1673 9.65532 2.3209e-14
1674 9.65532 2.3209e-14
1675 9.65532 2.3209e-14
1676 9.65532 2.3209e-14
1677 9.65532 2.3209e-14
1678 9.65532 2.3209e-14
1679 9.65532 2.3209e-14
1680 9.65532 2.3209e-14
1681 9.65532 2.3209e-14
1682 9.65532 2.3209e-14
1683 9.65532 2.3209e-14
1684 9.65532 2.3209e-14
1685 9.65532 2.3209e-14
1686 9.65532 2.3209e-14
1687 9.65532 2.3209e-14
1688 9.65532 2.3209e-14
1689 9.65532 2.3209e-14
1690 9.65532 2.3209e-14
1691 9.65532 2.3209e-14
1692 9.65532 2.3209e-14
1693 9.65532 2.3209e-14
1694 9.65532 2.3209e-14
1695 9.65532 2.3209e-14
1696 9.65532 2.3209e-14
1697 9.65532 2.3209e-14
1698 9.65532 2.3209e-14
1699 9.65532 2.3209e-14
1700 9.65532 2.3209e-14
1701 9.65532 2.3209e-14
1702 9.65532 2.3209e-14
1703 9.65532 2.3209e-14
1704 9.65532 2.3209e-14
1705 9.65532 2.3209e-14
1706 9.65532 2.3209e-14
1707 9.65532 2.3209e-14
1708 9.65532 2.3209e-14
1709 9.65532 2.3209e-14
1710 9.65532 2.3209e-14
1711 9.65532 2.3209e-14
1712 9.65532 2.3209e-14
1713 9.65532 2.3209e-14
1714 9.65532 2.3209e-14
1715 9.65532 2.3209e-14
1716 9.65532 2.3209e-14
1717 9.65532 2.3209e-14
1718 9.65532 2.3209e-14
1719 9.65532 2.3209e-14
1720 9.65532 2.3209e-14
1721 9.65532 2.3209e-14
1722 9.65532 2.3209e-14
1723 9.65532 2.3209e-14
1724 9.65532 2.3209e-14
1725 9.65532 2.3209e-14
1726 9.65532 2.3209e-14
1727 9.65532 2.3209e-14
1728 9.65532 2.3209e-14
1729 9.65532 2.3209e-14
1730 9.65532 2.3209e-14
1731 9.65532 2.3209e-14
1732 9.65532 2.3209e-14
1733 9.65532 2.3209e-14
1734 9.65532 2.3209e-14
1735 9.65532 2.3209e-14
1736 9.65532 2.3209e-14
1737 9.65532 2.3209e-14
1738 9.65532 2.3209e-14
1739 9.65532 2.3209e-14
1740 9.65532 2.3209e-14
1741 9.65532 2.3209e-14
1742 9.65532 2.3209e-14
1743 9.65532 2.3209e-14
1744 9.65532 2.3209e-14
1745 9.65532 2.3209e-14
1746 9.65532 2.3209e-14
1747 9.65532 2.3209e-14
1748 9.65532 2.3209e-14
1749 9.65532 2.3209e-14
1750 9.65532 2.3209e-14
1751 9.65532 2.3209e-14
1752 9.65532 2.3209e-14
1753 9.65532 2.3209e-14
1754 9.65532 2.3209e-14
1755 9.65532 2.3209e-14
1756 9.65532 2.3209e-14
1757 9.65532 2.3209e-14
1758 9.65532 2.3209e-14
1759 9.65532 2.3209e-14
1760 9.65532 2.3209e-14
1761 9.65532 2.3209e-14
1762 9.65532 2.3209e-14
1763 9.65532 2.3209e-14
1764 9.65532 2.3209e-14
1765 9.65532 2.3209e-14
1766 9.65532 2.3209e-14
1767 9.65532 2.3209e-14
1768 9.65532 2.3209e-14
1769 9.65532 2.3209e-14
1770 9.65532 2.3209e-14
1771 9.65532 2.3209e-14
1772 9.65532 2.3209e-14
1773 9.65532 2.3209e-14
1774 9.65532 2.3209e-14
1775 9.65532 2.3209e-14
1776 9.65532 2.3209e-14
1777 9.65532 2.3209e-14
1778 9.65532 2.3209e-14
1779 9.65532 2.3209e-14
1780 9.65532 2.3209e-14
1781 9.65532 2.3209e-14
1782 9.65532 2.3209e-14
1783 9.65532 2.3209e-14
1784 9.65532 2.3209e-14
1785 9.65532 2.3209e-14
1786 9.65532 2.3209e-14
1787 9.65532 2.3209e-14
1788 9.65532 2.3209e-14
1789 9.65532 2.3209e-14
1790 9.65532 2.3209e-14
1791 9.65532 2.3209e-14
1792 9.65532 2.3209e-14
1793 9.65532 2.3209e-14
1794 9.65532 2.3209e-14
1795 9.65532 2.3209e-14
1796 9.65532 2.3209e-14
1797 9.65532 2.3209e-14
1798 9.65532 2.3209e-14
1799 9.65532 2.3209e-14
1800 9.65532 2.3209e-14
1801 9.65532 2.3209e-14
1802 9.65532 2.3209e-14
1803 9.65532 2.3209e-14
1804 9.65532 2.3209e-14
1805 9.65532 2.3209e-14
1806 9.65532 2.3209e-14
1807 9.65532 2.3209e-14
1808 9.65532 2.3209e-14
1809 9.65532 2.3209e-14
1810 9.65532 2.3209e-14
1811 9.65532 2.3209e-14
1812 9.65532 2.3209e-14
1813 9.65532 2.3209e-14
1814 9.65532 2.3209e-14
1815 9.65532 2.3209e-14
1816 9.65532 2.3209e-14
1817 9.65532 2.3209e-14
1818 9.65532 2.3209e-14
1819 9.65532 2.3209e-14
1820 9.65532 2.3209e-14
1821 9.65532 2.3209e-14
1822 9.65532 2.3209e-14
1823 9.65532 2.3209e-14
1824 9.65532 2.3209e-14
1825 9.65532 2.3209e-14
1826 9.65532 2.3209e-14
1827 9.65532 2.3209e-14
1828 9.65532 2.3209e-14
1829 9.65532 2.3209e-14
1830 9.65532 2.3209e-14
1831 9.65532 2.3209e-14
1832 9.65532 2.3209e-14
1833 9.65532 2.3209e-14
1834 9.65532 2.3209e-14
1835 9.65532 2.3209e-14
1836 9.65532 2.3209e-14
1837 9.65532 2.3209e-14
1838 9.65532 2.3209e-14
1839 9.65532 2.3209e-14
1840 9.65532 2.3209e-14
1841 9.65532 2.3209e-14
1842 9.65532 2.3209e-14
1843 9.65532 2.3209e-14
1844 9.65532 2.3209e-14
1845 9.65532 2.3209e-14
1846 9.65532 2.3209e-14
1847 9.65532 2.3209e-14
1848 9.65532 2.3209e-14
1849 9.65532 2.3209e-14
1850 9.65532 2.3209e-14
1851 9.65532 2.3209e-14
1852 9.65532 2.3209e-14
1853 9.65532 2.3209e-14
1854 9.65532 2.3209e-14
1855 9.65532 2.3209e-14
1856 9.65532 2.3209e-14
1857 9.65532 2.3209e-14
1858 9.65532 2.3209e-14
1859 9.65532 2.3209e-14
1860 9.65532 2.3209e-14
1861 9.65532 2.3209e-14
1862 9.65532 2.3209e-14
1863 9.65532 2.3209e-14
1864 9.65532 2.3209e-14
1865 9.65532 2.3209e-14
1866 9.65532 2.3209e-14
1867 9.65532 2.3209e-14
1868 9.65532 2.3209e-14
1869 9.65532 2.3209e-14
1870 9.65532 2.3209e-14
1871 9.65532 2.3209e-14
1872 9.65532 2.3209e-14
1873 9.65532 2.3209e-14
1874 9.65532 2.3209e-14
1875 9.65532 2.3209e-14
1876 9.65532 2.3209e-14
1877 9.65532 2.3209e-14
1878 9.65532 2.3209e-14
1879 9.65532 2.3209e-14
1880 9.65532 2.3209e-14
1881 9.65532 2.3209e-14
1882 9.65532 2.3209e-14
1883 9.65532 2.3209e-14
1884 9.65532 2.3209e-14
1885 9.65532 2.3209e-14
1886 9.65532 2.3209e-14
1887 9.65532 2.3209e-14
1888 9.65532 2.3209e-14
1889 9.65532 2.3209e-14
1890 9.65532 2.3209e-14
1891 9.65532 2.3209e-14
1892 9.65532 2.3209e-14
1893 9.65532 2.3209e-14
1894 9.65532 2.3209e-14
1895 9.65532 2.3209e-14
1896 9.65532 2.3209e-14
1897 9.65532 2.3209e-14
1898 9.65532 2.3209e-14
1899 9.65532 2.3209e-14
1900 9.65532 2.3209e-14
1901 9.65532 2.3209e-14
1902 9.65532 2.3209e-14
1903 9.65532 2.3209e-14
1904 9.65532 2.3209e-14
1905 9.65532 2.3209e-14
1906 9.65532 2.3209e-14
1907 9.65532 2.3209e-14
1908 9.65532 2.3209e-14
1909 9.65532 2.3209e-14
1910 9.65532 2.3209e-14
1911 9.65532 2.3209e-14
1912 9.65532 2.3209e-14
1913 9.65532 2.3209e-14
1914 9.65532 2.3209e-14
1915 9.65532 2.3209e-14
1916 9.65532 2.3209e-14
1917 9.65532 2.3209e-14
1918 9.65532 2.3209e-14
1919 9.65532 2.3209e-14
1920 9.65532 2.3209e-14
1921 9.65532 2.3209e-14
1922 9.65532 2.3209e-14
1923 9.65532 2.3209e-14
1924 9.65532 2.3209e-14
1925 9.65532 2.3209e-14
1926 9.65532 2.3209e-14
1927 9.65532 2.3209e-14
1928 9.65532 2.3209e-14
1929 9.65532 2.3209e-14
1930 9.65532 2.3209e-14
1931 9.65532 2.3209e-14
1932 9.65532 2.3209e-14
1933 9.65532 2.3209e-14
1934 9.65532 2.3209e-14
1935 9.65532 2.3209e-14
1936 9.65532 2.3209e-14
1937 9.65532 2.3209e-14
1938 9.65532 2.3209e-14
1939 9.65532 2.3209e-14
1940 9.65532 2.3209e-14
1941 9.65532 2.3209e-14
1942 9.65532 2.3209e-14
1943 9.65532 2.3209e-14
1944 9.65532 2.3209e-14
1945 9.65532 2.3209e-14
1946 9.65532 2.3209e-14
1947 9.65532 2.3209e-14
1948 9.65532 2.3209e-14
1949 9.65532 2.3209e-14
1950 9.65532 2.3209e-14
1951 9.65532 2.3209e-14
1952 9.65532 2.3209e-14
1953 9.65532 2.3209e-14
1954 9.65532 2.3209e-14
1955 9.65532 2.3209e-14
1956 9.65532 2.3209e-14
1957 9.65532 2.3209e-14
1958 9.65532 2.3209e-14
1959 9.65532 2.3209e-14
1960 9.65532 2.3209e-14
1961 9.65532 2.3209e-14
1962 9.65532 2.3209e-14
1963 9.65532 2.3209e-14
1964 9.65532 2.3209e-14
1965 9.65532 2.3209e-14
1966 9.65532 2.3209e-14
1967 9.65532 2.3209e-14
1968 9.65532 2.3209e-14
1969 9.65532 2.3209e-14
1970 9.65532 2.3209e-14
1971 9.65532 2.3209e-14
1972 9.65532 2.3209e-14
1973 9.65532 2.3209e-14
1974 9.65532 2.3209e-14
1975 9.65532 2.3209e-14
1976 9.65532 2.3209e-14
1977 9.65532 2.3209e-14
1978 9.65532 2.3209e-14
1979 9.65532 2.3209e-14
1980 9.65532 2.3209e-14
1981 9.65532 2.3209e-14
1982 9.65532 2.3209e-14
1983 9.65532 2.3209e-14
1984 9.65532 2.3209e-14
1985 9.65532 2.3209e-14
1986 9.65532 2.3209e-14
1987 9.65532 2.3209e-14
1988 9.65532 2.3209e-14
1989 9.65532 2.3209e-14
1990 9.65532 2.3209e-14
1991 9.65532 2.3209e-14
1992 9.65532 2.3209e-14
1993 9.65532 2.3209e-14
1994 9.65532 2.3209e-14
1995 9.65532 2.3209e-14
1996 9.65532 2.3209e-14
1997 9.65532 2.3209e-14
1998 9.65532 2.3209e-14
1999 9.65532 2.3209e-14
2000 9.65532 2.3209e-14
