1 34.2247 2.19839
2 31.3914 1.32313
3 30.0156 0.770604
4 29.2748 0.52671
5 28.6447 0.503502
6 27.9962 0.676937
7 27.1665 0.656291
8 26.5811 0.379378
9 26.1886 0.410025
10 25.6104 0.352889
11 25.2917 0.364122
12 24.8473 0.407833
13 24.3454 0.523874
14 23.5935 0.895977
15 22.5971 0.986471
16 21.5643 0.612019
17 21.1446 0.736919
18 20.4126 0.421635
19 20.2288 0.0820099
20 20.165 0.112999
21 20.0872 0.0967168
22 20.034 0.00637246
23 20.016 0.0842845
24 19.8993 0.233551
25 19.726 0.311422
26 19.5052 0.254966
27 19.3431 2.14237e-14
28 19.3302 0.0939696
29 19.2076 0.290408
30 18.9707 0.418198
31 18.5604 0.327471
32 18.3707 0.106467
33 18.3025 0.0462306
34 18.2847 0.0123737
35 18.2519 0.144556
36 18.0926 0.414733
37 17.6757 0.625656
38 17.2401 0.566352
39 16.8899 0.0452854
40 16.8651 0.0310869
41 16.8349 0.0254079
42 16.8169 0.0263342
43 16.7846 0.0438112
44 16.7479 0.0274656
45 16.7322 0.0568636
46 16.7007 0.135223
47 16.6058 0.233052
48 16.4102 0.272119
49 16.1917 0.104249
50 16.1627 0.0577643
51 16.0925 0.171484
52 15.9351 0.242033
53 15.741 0.172812
54 15.645 1.78531e-15
55 15.645 1.78531e-15
56 15.645 1.78531e-15
57 15.645 1.78531e-15
58 15.645 0.000161294
59 15.6447 0.000578837
60 15.6414 0.0276271
61 15.6132 0.0866474
62 15.5332 0.135551
63 15.4339 0.116423
64 15.368 2.49943e-14
65 15.368 2.49943e-14
66 15.368 2.49943e-14
67 15.3624 0.0445254
68 15.3228 0.123586
69 15.1518 0.207253
70 14.9829 0.1169
71 14.9441 2.49943e-14
72 14.9439 0.00193503
73 14.9421 0.00583433
74 14.9361 0.00956506
75 14.9269 0.00608124
76 14.9247 1.24971e-14
77 14.9247 1.24971e-14
78 14.9247 1.24971e-14
79 14.9155 0.0917954
80 14.8362 0.2883
81 14.4777 0.56588
82 13.9803 0.528139
83 13.5415 0.241095
84 13.4174 0.0033186
85 13.4144 0.00940565
86 13.4001 0.03664
87 13.3407 0.113214
88 13.2587 0.159435
89 13.1412 0.17576
90 12.9956 0.137242
91 12.8804 0.0447357
92 12.8677 0.0144174
93 12.8548 0.0434701
94 12.8115 0.0709818
95 12.7726 0.068134
96 12.725 1.07118e-14
97 12.725 1.07118e-14
98 12.725 1.07118e-14
99 12.725 1.07118e-14
100 12.725 1.07118e-14
101 12.725 1.07118e-14
102 12.7246 0.00381753
103 12.7189 0.0140658
104 12.7067 0.0191685
105 12.6906 0.0115103
106 12.6854 0.0143772
107 12.671 0.0452115
108 12.625 0.0715341
109 12.5641 0.150968
110 12.4171 0.38784
111 11.9949 0.656067
112 11.529 0.570236
113 11.1998 3.03502e-14
114 11.1998 3.03502e-14
115 11.1998 3.03502e-14
116 11.1998 3.03502e-14
117 11.1985 0.012658
118 11.1909 0.0324477
119 11.172 0.0526996
120 11.1351 0.0634555
121 11.0863 0.0382401
122 11.0732 1.24971e-14
123 11.0665 0.0676684
124 11.0123 0.19463
125 10.8229 0.328352
126 10.498 0.242869
127 10.396 0.00175031
128 10.3939 0.00388676
129 10.391 0.00672846
130 10.3849 0.00863402
131 10.3769 0.00900383
132 10.3708 1.78531e-14
133 10.3708 1.78531e-14
134 10.3708 1.78531e-14
135 10.3708 2.54682e-06
136 10.3708 9.83386e-06
137 10.3708 1.27752e-05
138 10.3708 9.13978e-06
139 10.3708 3.57061e-15
140 10.3708 3.57061e-15
141 10.3708 3.57061e-15
142 10.3708 3.57061e-15
143 10.3708 3.57061e-15
144 10.3708 3.57061e-15
145 10.3708 3.57061e-15
146 10.3708 3.57061e-15
147 10.3708 3.57061e-15
148 10.3708 3.57061e-15
149 10.3708 3.57061e-15
150 10.3708 3.57061e-15
151 10.3708 3.57061e-15
152 10.3708 3.57061e-15
153 10.3708 3.57061e-15
154 10.3708 3.57061e-15
155 10.3706 0.0013558
156 10.3691 0.00442803
157 10.3679 0.00555011
158 10.3625 0.00664624
159 10.3572 1.60678e-14
160 10.3572 1.60678e-14
161 10.3572 0.000331087
162 10.3568 0.00104115
163 10.356 0.00158714
164 10.3549 0.00153897
165 10.3539 2.85649e-14
166 10.3539 2.85649e-14
167 10.3539 2.85649e-14
168 10.3539 2.85649e-14
169 10.3539 2.85649e-14
170 10.3539 0.000271814
171 10.3523 0.0131356
172 10.3375 0.0427072
173 10.2981 0.0646163
174 10.2611 0.0592535
175 10.2264 0.0220572
176 10.2225 0
177 10.2225 0
178 10.2225 0
179 10.2225 0
180 10.2225 0
181 10.2225 2.17981e-06
182 10.2225 6.85477e-06
183 10.2225 1.09342e-05
184 10.2225 6.85477e-06
185 10.2225 1.42824e-14
186 10.2225 1.42824e-14
187 10.2225 1.42824e-14
188 10.2225 1.42824e-14
189 10.2225 1.42824e-14
190 10.2225 1.42824e-14
191 10.2225 1.42824e-14
192 10.2225 1.42824e-14
193 10.2225 1.42824e-14
194 10.2225 1.42824e-14
195 10.2225 1.42824e-14
196 10.2225 1.42824e-14
197 10.2225 1.42824e-14
198 10.2225 1.42824e-14
199 10.2225 1.42824e-14
200 10.2225 1.42824e-14
201 10.2225 1.42824e-14
202 10.2225 1.42824e-14
203 10.2225 1.42824e-14
204 10.2225 1.42824e-14
205 10.2225 1.42824e-14
206 10.2225 1.42824e-14
207 10.2225 1.42824e-14
208 10.2225 1.42824e-14
209 10.2225 1.42824e-14
210 10.2215 0.010087
211 10.217 0.0224811
212 10.2018 0.0405867
213 10.1802 0.0495106
214 10.1369 0.03553
215 10.1216 2.14237e-14
216 10.1216 2.14237e-14
217 10.1216 2.14237e-14
218 10.1216 2.14237e-14
219 10.1216 0.000453281
220 10.1211 0.00148041
221 10.1193 0.00227737
222 10.1179 0.00178718
223 10.1171 1.42824e-14
224 10.1171 1.42824e-14
225 10.1171 1.42824e-14
226 10.1171 1.42824e-14
227 10.1171 1.42824e-14
228 10.1171 1.42824e-14
229 10.1171 1.42824e-14
230 10.1171 1.42824e-14
231 10.1171 1.42824e-14
232 10.1171 1.42824e-14
233 10.1171 1.42824e-14
234 10.1171 1.42824e-14
235 10.1171 1.42824e-14
236 10.1171 1.42824e-14
237 10.1171 1.42824e-14
238 10.1171 1.42824e-14
239 10.115 0.0213414
240 10.1001 0.057904
241 10.0298 0.105294
242 9.94021 0.080466
243 9.90367 2.14237e-14
244 9.90367 2.14237e-14
245 9.90367 2.14237e-14
246 9.90367 2.14237e-14
247 9.89822 0.0545726
248 9.82727 0.190314
249 9.70721 0.263268
250 9.42889 0.184454
251 9.35719 0.00758249
252 9.34176 0.0742057
253 9.23776 0.231348
254 9.02438 0.328643
255 8.78032 0.256212
256 8.64918 3.57061e-15
257 8.64918 3.57061e-15
258 8.64918 3.57061e-15
259 8.64715 0.0202773
260 8.63093 0.0583223
261 8.58429 0.0950654
262 8.52328 0.102067
263 8.41548 0.0686851
264 8.34197 0.0899705
265 8.27903 0.0496064
266 8.26447 8.92653e-15
267 8.26447 8.92653e-15
268 8.26406 0.00416512
269 8.25864 0.0145252
270 8.25031 0.01983
271 8.22782 0.0136032
272 8.22282 1.24971e-14
273 8.22282 1.24971e-14
274 8.21934 0.0348136
275 8.17756 0.117669
276 8.08705 0.170659
277 7.96172 0.151507
278 7.89145 0.073679
279 7.87469 8.03388e-15
280 7.87469 8.03388e-15
281 7.87469 8.03388e-15
282 7.87469 8.03388e-15
283 7.87469 8.03388e-15
284 7.87469 8.03388e-15
285 7.87469 8.03388e-15
286 7.87469 8.03388e-15
287 7.87469 8.03388e-15
288 7.87469 8.03388e-15
289 7.87469 8.03388e-15
290 7.87469 8.03388e-15
291 7.87469 8.03388e-15
292 7.87469 8.03388e-15
293 7.87469 8.03388e-15
294 7.87469 8.03388e-15
295 7.87469 8.03388e-15
296 7.87469 8.03388e-15
297 7.87469 8.03388e-15
298 7.87469 8.03388e-15
299 7.87469 8.03388e-15
300 7.87469 8.03388e-15
301 7.87469 8.03388e-15
302 7.87469 8.03388e-15
303 7.87469 8.03388e-15
304 7.87469 8.03388e-15
305 7.87469 8.03388e-15
306 7.87469 8.03388e-15
307 7.87469 8.03388e-15
308 7.87469 8.03388e-15
309 7.87469 8.03388e-15
310 7.87337 0.0131372
311 7.85761 0.0444034
312 7.809 0.0660168
313 7.76039 0.0444034
314 7.74331 8.03388e-15
315 7.74331 8.03388e-15
316 7.74331 8.03388e-15
317 7.74331 8.03388e-15
318 7.74331 8.03388e-15
319 7.74331 8.03388e-15
320 7.74331 8.03388e-15
321 7.74331 8.03388e-15
322 7.74331 8.03388e-15
323 7.74331 8.03388e-15
324 7.74331 8.03388e-15
325 7.74331 8.03388e-15
326 7.74331 8.03388e-15
327 7.74331 8.03388e-15
328 7.74331 8.03388e-15
329 7.74331 8.03388e-15
330 7.74331 8.03388e-15
331 7.74331 8.03388e-15
332 7.74331 8.03388e-15
333 7.74331 8.03388e-15
334 7.74331 8.03388e-15
335 7.74331 8.03388e-15
336 7.74331 8.03388e-15
337 7.74331 8.03388e-15
338 7.74331 8.03388e-15
339 7.74331 8.03388e-15
340 7.74331 8.03388e-15
341 7.74331 8.03388e-15
342 7.74331 8.03388e-15
343 7.74331 8.03388e-15
344 7.74331 8.03388e-15
345 7.74331 8.03388e-15
346 7.74331 8.03388e-15
347 7.74331 8.03388e-15
348 7.74331 8.03388e-15
349 7.74331 8.03388e-15
350 7.74331 8.03388e-15
351 7.74331 8.03388e-15
352 7.74331 8.03388e-15
353 7.74331 8.03388e-15
354 7.74331 8.03388e-15
355 7.74331 8.03388e-15
356 7.74331 8.03388e-15
357 7.74331 8.03388e-15
358 7.74331 8.03388e-15
359 7.74331 8.03388e-15
360 7.74331 8.03388e-15
361 7.74331 8.03388e-15
362 7.74331 8.03388e-15
363 7.74331 8.03388e-15
364 7.74331 8.03388e-15
365 7.74331 8.03388e-15
366 7.74331 8.03388e-15
367 7.74331 8.03388e-15
368 7.74331 8.03388e-15
369 7.74331 8.03388e-15
370 7.74331 8.03388e-15
371 7.74331 8.03388e-15
372 7.74331 8.03388e-15
373 7.74331 8.03388e-15
374 7.74331 8.03388e-15
375 7.74331 8.03388e-15
376 7.74331 8.03388e-15
377 7.74331 8.03388e-15
378 7.74331 8.03388e-15
379 7.74331 8.03388e-15
380 7.74331 8.03388e-15
381 7.74331 8.03388e-15
382 7.74331 8.03388e-15
383 7.74331 8.03388e-15
384 7.74331 8.03388e-15
385 7.74331 8.03388e-15
386 7.74331 8.03388e-15
387 7.74331 8.03388e-15
388 7.74331 8.03388e-15
389 7.74331 8.03388e-15
390 7.74331 8.03388e-15
391 7.74331 8.03388e-15
392 7.74331 8.03388e-15
393 7.74331 8.03388e-15
394 7.74331 8.03388e-15
395 7.74331 8.03388e-15
396 7.74331 8.03388e-15
397 7.74331 8.03388e-15
398 7.74331 8.03388e-15
399 7.74331 8.03388e-15
400 7.74331 8.03388e-15
401 7.74331 8.03388e-15
402 7.74331 8.03388e-15
403 7.74331 8.03388e-15
404 7.74331 8.03388e-15
405 7.74331 8.03388e-15
406 7.74331 8.03388e-15
407 7.74331 8.03388e-15
408 7.74331 8.03388e-15
409 7.74331 8.03388e-15
410 7.74331 8.03388e-15
411 7.74331 8.03388e-15
412 7.74331 8.03388e-15
413 7.74331 8.03388e-15
414 7.74331 8.03388e-15
415 7.74331 8.03388e-15
416 7.74331 8.03388e-15
417 7.74331 8.03388e-15
418 7.74331 8.03388e-15
419 7.74331 8.03388e-15
420 7.74331 8.03388e-15
421 7.74331 8.03388e-15
422 7.74331 8.03388e-15
423 7.74331 8.03388e-15
424 7.74331 8.03388e-15
425 7.74331 8.03388e-15
426 7.74331 8.03388e-15
427 7.74331 8.03388e-15
428 7.74331 8.03388e-15
429 7.74331 8.03388e-15
430 7.74331 8.03388e-15
431 7.74331 8.03388e-15
432 7.74331 8.03388e-15
433 7.74331 8.03388e-15
434 7.74331 8.03388e-15
435 7.74331 8.03388e-15
436 7.74331 8.03388e-15
437 7.74331 8.03388e-15
438 7.74331 8.03388e-15
439 7.74331 8.03388e-15
440 7.74331 8.03388e-15
441 7.74331 8.03388e-15
442 7.74331 8.03388e-15
443 7.74331 8.03388e-15
444 7.74331 8.03388e-15
445 7.74331 8.03388e-15
446 7.74331 8.03388e-15
447 7.74331 8.03388e-15
448 7.74331 8.03388e-15
449 7.74331 8.03388e-15
450 7.74331 8.03388e-15
451 7.74331 8.03388e-15
452 7.74331 8.03388e-15
453 7.74331 8.03388e-15
454 7.74331 8.03388e-15
455 7.74331 8.03388e-15
456 7.74331 8.03388e-15
457 7.74331 8.03388e-15
458 7.74331 8.03388e-15
459 7.74331 8.03388e-15
460 7.74331 8.03388e-15
461 7.74331 8.03388e-15
462 7.74331 8.03388e-15
463 7.74331 8.03388e-15
464 7.74331 8.03388e-15
465 7.74331 8.03388e-15
466 7.74331 8.03388e-15
467 7.74331 8.03388e-15
468 7.74331 8.03388e-15
469 7.74331 8.03388e-15
470 7.74331 8.03388e-15
471 7.74331 8.03388e-15
472 7.74331 8.03388e-15
473 7.74331 8.03388e-15
474 7.74331 8.03388e-15
475 7.74331 8.03388e-15
476 7.74331 8.03388e-15
477 7.74331 8.03388e-15
478 7.74331 8.03388e-15
479 7.74331 8.03388e-15
480 7.74331 8.03388e-15
481 7.74331 8.03388e-15
482 7.74331 8.03388e-15
483 7.74331 8.03388e-15
484 7.74331 8.03388e-15
485 7.74331 8.03388e-15
486 7.74331 8.03388e-15
487 7.74331 8.03388e-15
488 7.74331 8.03388e-15
489 7.74331 8.03388e-15
490 7.74331 8.03388e-15
491 7.74331 8.03388e-15
492 7.74331 8.03388e-15
493 7.74331 8.03388e-15
494 7.74331 8.03388e-15
495 7.74331 8.03388e-15
496 7.74331 8.03388e-15
497 7.74331 8.03388e-15
498 7.74331 8.03388e-15
499 7.74331 8.03388e-15
500 7.74331 8.03388e-15
501 7.74331 8.03388e-15
502 7.74331 8.03388e-15
503 7.74331 8.03388e-15
504 7.74331 8.03388e-15
505 7.74331 8.03388e-15
506 7.74331 8.03388e-15
507 7.74331 8.03388e-15
508 7.74331 8.03388e-15
509 7.74331 8.03388e-15
510 7.74331 8.03388e-15
511 7.74331 8.03388e-15
512 7.74331 8.03388e-15
513 7.74331 8.03388e-15
514 7.74331 8.03388e-15
515 7.74331 8.03388e-15
516 7.74331 8.03388e-15
517 7.74331 8.03388e-15
518 7.74331 8.03388e-15
519 7.74331 8.03388e-15
520 7.74331 8.03388e-15
521 7.74331 8.03388e-15
522 7.74331 8.03388e-15
523 7.74331 8.03388e-15
524 7.74331 8.03388e-15
525 7.74331 8.03388e-15
526 7.74331 8.03388e-15
527 7.74331 8.03388e-15
528 7.74331 8.03388e-15
529 7.74331 8.03388e-15
530 7.74331 8.03388e-15
531 7.74331 8.03388e-15
532 7.74331 8.03388e-15
533 7.74331 8.03388e-15
534 7.74331 8.03388e-15
535 7.74331 8.03388e-15
536 7.74331 8.03388e-15
537 7.74331 8.03388e-15
538 7.74331 8.03388e-15
539 7.74331 8.03388e-15
540 7.74331 8.03388e-15
541 7.74331 8.03388e-15
542 7.74331 8.03388e-15
543 7.74331 8.03388e-15
544 7.74331 8.03388e-15
545 7.74331 8.03388e-15
546 7.74331 8.03388e-15
547 7.74331 8.03388e-15
548 7.74331 8.03388e-15
549 7.74331 8.03388e-15
550 7.74331 8.03388e-15
551 7.74331 8.03388e-15
552 7.74331 8.03388e-15
553 7.74331 8.03388e-15
554 7.74331 8.03388e-15
555 7.74331 8.03388e-15
556 7.74331 8.03388e-15
557 7.74331 8.03388e-15
558 7.74331 8.03388e-15
559 7.74331 8.03388e-15
560 7.74331 8.03388e-15
561 7.74331 8.03388e-15
562 7.74331 8.03388e-15
563 7.74331 8.03388e-15
564 7.74331 8.03388e-15
565 7.74331 8.03388e-15
566 7.74331 8.03388e-15
567 7.74331 8.03388e-15
568 7.74331 8.03388e-15
569 7.74331 8.03388e-15
570 7.74331 8.03388e-15
571 7.74331 8.03388e-15
572 7.74331 8.03388e-15
573 7.74331 8.03388e-15
574 7.74331 8.03388e-15
575 7.74331 8.03388e-15
576 7.74331 8.03388e-15
577 7.74331 8.03388e-15
578 7.74331 8.03388e-15
579 7.74331 8.03388e-15
580 7.74331 8.03388e-15
581 7.74331 8.03388e-15
582 7.74331 8.03388e-15
583 7.74331 8.03388e-15
584 7.74331 8.03388e-15
585 7.74331 8.03388e-15
586 7.74331 8.03388e-15
587 7.74331 8.03388e-15
588 7.74331 8.03388e-15
589 7.74331 8.03388e-15
590 7.74331 8.03388e-15
591 7.74331 8.03388e-15
592 7.74331 8.03388e-15
593 7.74331 8.03388e-15
594 7.74331 8.03388e-15
595 7.74331 8.03388e-15
596 7.74331 8.03388e-15
597 7.74331 8.03388e-15
598 7.74331 8.03388e-15
599 7.74331 8.03388e-15
600 7.74331 8.03388e-15
601 7.74331 8.03388e-15
602 7.74331 8.03388e-15
603 7.74331 8.03388e-15
604 7.74331 8.03388e-15
605 7.74331 8.03388e-15
606 7.74331 8.03388e-15
607 7.74331 8.03388e-15
608 7.74331 8.03388e-15
609 7.74331 8.03388e-15
610 7.74331 8.03388e-15
611 7.74331 8.03388e-15
612 7.74331 8.03388e-15
613 7.74331 8.03388e-15
614 7.74331 8.03388e-15
615 7.74331 8.03388e-15
616 7.74331 8.03388e-15
617 7.74331 8.03388e-15
618 7.74331 8.03388e-15
619 7.74331 8.03388e-15
620 7.74331 8.03388e-15
621 7.74331 8.03388e-15
622 7.74331 8.03388e-15
623 7.74331 8.03388e-15
624 7.74331 8.03388e-15
625 7.74331 8.03388e-15
626 7.74331 8.03388e-15
627 7.74331 8.03388e-15
628 7.74331 8.03388e-15
629 7.74331 8.03388e-15
630 7.74331 8.03388e-15
631 7.74331 8.03388e-15
632 7.74331 8.03388e-15
633 7.74331 8.03388e-15
634 7.74331 8.03388e-15
635 7.74331 8.03388e-15
636 7.74331 8.03388e-15
637 7.74331 8.03388e-15
638 7.74331 8.03388e-15
639 7.74331 8.03388e-15
640 7.74331 8.03388e-15
641 7.74331 8.03388e-15
642 7.74331 8.03388e-15
643 7.74331 8.03388e-15
644 7.74331 8.03388e-15
645 7.74331 8.03388e-15
646 7.74331 8.03388e-15
647 7.74331 8.03388e-15
648 7.74331 8.03388e-15
649 7.74331 8.03388e-15
650 7.74331 8.03388e-15
651 7.74331 8.03388e-15
652 7.74331 8.03388e-15
653 7.74331 8.03388e-15
654 7.74331 8.03388e-15
655 7.74331 8.03388e-15
656 7.74331 8.03388e-15
657 7.74331 8.03388e-15
658 7.74331 8.03388e-15
659 7.74331 8.03388e-15
660 7.74331 8.03388e-15
661 7.74331 8.03388e-15
662 7.74331 8.03388e-15
663 7.74331 8.03388e-15
664 7.74331 8.03388e-15
665 7.74331 8.03388e-15
666 7.74331 8.03388e-15
667 7.74331 8.03388e-15
668 7.74331 8.03388e-15
669 7.74331 8.03388e-15
670 7.74331 8.03388e-15
671 7.74331 8.03388e-15
672 7.74331 8.03388e-15
673 7.74331 8.03388e-15
674 7.74331 8.03388e-15
675 7.74331 8.03388e-15
676 7.74331 8.03388e-15
677 7.74331 8.03388e-15
678 7.74331 8.03388e-15
679 7.74331 8.03388e-15
680 7.74331 8.03388e-15
681 7.74331 8.03388e-15
682 7.74331 8.03388e-15
683 7.74331 8.03388e-15
684 7.74331 8.03388e-15
685 7.74331 8.03388e-15
686 7.74331 8.03388e-15
687 7.74331 8.03388e-15
688 7.74331 8.03388e-15
689 7.74331 8.03388e-15
690 7.74331 8.03388e-15
691 7.74331 8.03388e-15
692 7.74331 8.03388e-15
693 7.74331 8.03388e-15
694 7.74331 8.03388e-15
695 7.74331 8.03388e-15
696 7.74331 8.03388e-15
697 7.74331 8.03388e-15
698 7.74331 8.03388e-15
699 7.74331 8.03388e-15
700 7.74331 8.03388e-15
701 7.74331 8.03388e-15
702 7.74331 8.03388e-15
703 7.74331 8.03388e-15
704 7.74331 8.03388e-15
705 7.74331 8.03388e-15
706 7.74331 8.03388e-15
707 7.74331 8.03388e-15
708 7.74331 8.03388e-15
709 7.74331 8.03388e-15
710 7.74331 8.03388e-15
711 7.74331 8.03388e-15
712 7.74331 8.03388e-15
713 7.74331 8.03388e-15
714 7.74331 8.03388e-15
715 7.74331 8.03388e-15
716 7.74331 8.03388e-15
717 7.74331 8.03388e-15
718 7.74331 8.03388e-15
719 7.74331 8.03388e-15
720 7.74331 8.03388e-15
721 7.74331 8.03388e-15
722 7.74331 8.03388e-15
723 7.74331 8.03388e-15
724 7.74331 8.03388e-15
725 7.74331 8.03388e-15
726 7.74331 8.03388e-15
727 7.74331 8.03388e-15
728 7.74331 8.03388e-15
729 7.74331 8.03388e-15
730 7.74331 8.03388e-15
731 7.74331 8.03388e-15
732 7.74331 8.03388e-15
733 7.74331 8.03388e-15
734 7.74331 8.03388e-15
735 7.74331 8.03388e-15
736 7.74331 8.03388e-15
737 7.74331 8.03388e-15
738 7.74331 8.03388e-15
739 7.74331 8.03388e-15
740 7.74331 8.03388e-15
741 7.74331 8.03388e-15
742 7.74331 8.03388e-15
743 7.74331 8.03388e-15
744 7.74331 8.03388e-15
745 7.74331 8.03388e-15
746 7.74331 8.03388e-15
747 7.74331 8.03388e-15
748 7.74331 8.03388e-15
749 7.74331 8.03388e-15
750 7.74331 8.03388e-15
751 7.74331 8.03388e-15
752 7.74331 8.03388e-15
753 7.74331 8.03388e-15
754 7.74331 8.03388e-15
755 7.74331 8.03388e-15
756 7.74331 8.03388e-15
757 7.74331 8.03388e-15
758 7.74331 8.03388e-15
759 7.74331 8.03388e-15
760 7.74331 8.03388e-15
761 7.74331 8.03388e-15
762 7.74331 8.03388e-15
763 7.74331 8.03388e-15
764 7.74331 8.03388e-15
765 7.74331 8.03388e-15
766 7.74331 8.03388e-15
767 7.74331 8.03388e-15
768 7.74331 8.03388e-15
769 7.74331 8.03388e-15
770 7.74331 8.03388e-15
771 7.74331 8.03388e-15
772 7.74331 8.03388e-15
773 7.74331 8.03388e-15
774 7.74331 8.03388e-15
775 7.74331 8.03388e-15
776 7.74331 8.03388e-15
777 7.74331 8.03388e-15
778 7.74331 8.03388e-15
779 7.74331 8.03388e-15
780 7.74331 8.03388e-15
781 7.74331 8.03388e-15
782 7.74331 8.03388e-15
783 7.74331 8.03388e-15
784 7.74331 8.03388e-15
785 7.74331 8.03388e-15
786 7.74331 8.03388e-15
787 7.74331 8.03388e-15
788 7.74331 8.03388e-15
789 7.74331 8.03388e-15
790 7.74331 8.03388e-15
791 7.74331 8.03388e-15
792 7.74331 8.03388e-15
793 7.74331 8.03388e-15
794 7.74331 8.03388e-15
795 7.74331 8.03388e-15
796 7.74331 8.03388e-15
797 7.74331 8.03388e-15
798 7.74331 8.03388e-15
799 7.74331 8.03388e-15
800 7.74331 8.03388e-15
801 7.74331 8.03388e-15
802 7.74331 8.03388e-15
803 7.74331 8.03388e-15
804 7.74331 8.03388e-15
805 7.74331 8.03388e-15
806 7.74331 8.03388e-15
807 7.74331 8.03388e-15
808 7.74331 8.03388e-15
809 7.74331 8.03388e-15
810 7.74331 8.03388e-15
811 7.74331 8.03388e-15
812 7.74331 8.03388e-15
813 7.74331 8.03388e-15
814 7.74331 8.03388e-15
815 7.74331 8.03388e-15
816 7.74331 8.03388e-15
817 7.74331 8.03388e-15
818 7.74331 8.03388e-15
819 7.74331 8.03388e-15
820 7.74331 8.03388e-15
821 7.74331 8.03388e-15
822 7.74331 8.03388e-15
823 7.74331 8.03388e-15
824 7.74331 8.03388e-15
825 7.74331 8.03388e-15
826 7.74331 8.03388e-15
827 7.74331 8.03388e-15
828 7.74331 8.03388e-15
829 7.74331 8.03388e-15
830 7.74331 8.03388e-15
831 7.74331 8.03388e-15
832 7.74331 8.03388e-15
833 7.74331 8.03388e-15
834 7.74331 8.03388e-15
835 7.74331 8.03388e-15
836 7.74331 8.03388e-15
837 7.74331 8.03388e-15
838 7.74331 8.03388e-15
839 7.74331 8.03388e-15
840 7.74331 8.03388e-15
841 7.74331 8.03388e-15
842 7.74331 8.03388e-15
843 7.74331 8.03388e-15
844 7.74331 8.03388e-15
845 7.74331 8.03388e-15
846 7.74331 8.03388e-15
847 7.74331 8.03388e-15
848 7.74331 8.03388e-15
849 7.74331 8.03388e-15
850 7.74331 8.03388e-15
851 7.74331 8.03388e-15
852 7.74331 8.03388e-15
853 7.74331 8.03388e-15
854 7.74331 8.03388e-15
855 7.74331 8.03388e-15
856 7.74331 8.03388e-15
857 7.74331 8.03388e-15
858 7.74331 8.03388e-15
859 7.74331 8.03388e-15
860 7.74331 8.03388e-15
861 7.74331 8.03388e-15
862 7.74331 8.03388e-15
863 7.74331 8.03388e-15
864 7.74331 8.03388e-15
865 7.74331 8.03388e-15
866 7.74331 8.03388e-15
867 7.74331 8.03388e-15
868 7.74331 8.03388e-15
869 7.74331 8.03388e-15
870 7.74331 8.03388e-15
871 7.74331 8.03388e-15
872 7.74331 8.03388e-15
873 7.74331 8.03388e-15
874 7.74331 8.03388e-15
875 7.74331 8.03388e-15
876 7.74331 8.03388e-15
877 7.74331 8.03388e-15
878 7.74331 8.03388e-15
879 7.74331 8.03388e-15
880 7.74331 8.03388e-15
881 7.74331 8.03388e-15
882 7.74331 8.03388e-15
883 7.74331 8.03388e-15
884 7.74331 8.03388e-15
885 7.74331 8.03388e-15
886 7.74331 8.03388e-15
887 7.74331 8.03388e-15
888 7.74331 8.03388e-15
889 7.74331 8.03388e-15
890 7.74331 8.03388e-15
891 7.74331 8.03388e-15
892 7.74331 8.03388e-15
893 7.74331 8.03388e-15
894 7.74331 8.03388e-15
895 7.74331 8.03388e-15
896 7.74331 8.03388e-15
897 7.74331 8.03388e-15
898 7.74331 8.03388e-15
899 7.74331 8.03388e-15
900 7.74331 8.03388e-15
901 7.74331 8.03388e-15
902 7.74331 8.03388e-15
903 7.74331 8.03388e-15
904 7.74331 8.03388e-15
905 7.74331 8.03388e-15
906 7.74331 8.03388e-15
907 7.74331 8.03388e-15
908 7.74331 8.03388e-15
909 7.74331 8.03388e-15
910 7.74331 8.03388e-15
911 7.74331 8.03388e-15
912 7.74331 8.03388e-15
913 7.74331 8.03388e-15
914 7.74331 8.03388e-15
915 7.74331 8.03388e-15
916 7.74331 8.03388e-15
917 7.74331 8.03388e-15
918 7.74331 8.03388e-15
919 7.74331 8.03388e-15
920 7.74331 8.03388e-15
921 7.74331 8.03388e-15
922 7.74331 8.03388e-15
923 7.74331 8.03388e-15
924 7.74331 8.03388e-15
925 7.74331 8.03388e-15
926 7.74331 8.03388e-15
927 7.74331 8.03388e-15
928 7.74331 8.03388e-15
929 7.74331 8.03388e-15
930 7.74331 8.03388e-15
931 7.74331 8.03388e-15
932 7.74331 8.03388e-15
933 7.74331 8.03388e-15
934 7.74331 8.03388e-15
935 7.74331 8.03388e-15
936 7.74331 8.03388e-15
937 7.74331 8.03388e-15
938 7.74331 8.03388e-15
939 7.74331 8.03388e-15
940 7.74331 8.03388e-15
941 7.74331 8.03388e-15
942 7.74331 8.03388e-15
943 7.74331 8.03388e-15
944 7.74331 8.03388e-15
945 7.74331 8.03388e-15
946 7.74331 8.03388e-15
947 7.74331 8.03388e-15
948 7.74331 8.03388e-15
949 7.74331 8.03388e-15
950 7.74331 8.03388e-15
951 7.74331 8.03388e-15
952 7.74331 8.03388e-15
953 7.74331 8.03388e-15
954 7.74331 8.03388e-15
955 7.74331 8.03388e-15
956 7.74331 8.03388e-15
957 7.74331 8.03388e-15
958 7.74331 8.03388e-15
959 7.74331 8.03388e-15
960 7.74331 8.03388e-15
961 7.74331 8.03388e-15
962 7.74331 8.03388e-15
963 7.74331 8.03388e-15
964 7.74331 8.03388e-15
965 7.74331 8.03388e-15
966 7.74331 8.03388e-15
967 7.74331 8.03388e-15
968 7.74331 8.03388e-15
969 7.74331 8.03388e-15
970 7.74331 8.03388e-15
971 7.74331 8.03388e-15
972 7.74331 8.03388e-15
973 7.74331 8.03388e-15
974 7.74331 8.03388e-15
975 7.74331 8.03388e-15
976 7.74331 8.03388e-15
977 7.74331 8.03388e-15
978 7.74331 8.03388e-15
979 7.74331 8.03388e-15
980 7.74331 8.03388e-15
981 7.74331 8.03388e-15
982 7.74331 8.03388e-15
983 7.74331 8.03388e-15
984 7.74331 8.03388e-15
985 7.74331 8.03388e-15
986 7.74331 8.03388e-15
987 7.74331 8.03388e-15
988 7.74331 8.03388e-15
989 7.74331 8.03388e-15
990 7.74331 8.03388e-15
991 7.74331 8.03388e-15
992 7.74331 8.03388e-15
993 7.74331 8.03388e-15
994 7.74331 8.03388e-15
995 7.74331 8.03388e-15
996 7.74331 8.03388e-15
997 7.74331 8.03388e-15
998 7.74331 8.03388e-15
999 7.74331 8.03388e-15
1000 7.74331 8.03388e-15
1001 7.74331 8.03388e-15
1002 7.74331 8.03388e-15
1003 7.74331 8.03388e-15
1004 7.74331 8.03388e-15
1005 7.74331 8.03388e-15
1006 7.74331 8.03388e-15
1007 7.74331 8.03388e-15
1008 7.74331 8.03388e-15
1009 7.74331 8.03388e-15
1010 7.74331 8.03388e-15
1011 7.74331 8.03388e-15
1012 7.74331 8.03388e-15
1013 7.74331 8.03388e-15
1014 7.74331 8.03388e-15
1015 7.74331 8.03388e-15
1016 7.74331 8.03388e-15
1017 7.74331 8.03388e-15
1018 7.74331 8.03388e-15
1019 7.74331 8.03388e-15
1020 7.74331 8.03388e-15
1021 7.74331 8.03388e-15
1022 7.74331 8.03388e-15
1023 7.74331 8.03388e-15
1024 7.74331 8.03388e-15
1025 7.74331 8.03388e-15
1026 7.74331 8.03388e-15
1027 7.74331 8.03388e-15
1028 7.74331 8.03388e-15
1029 7.74331 8.03388e-15
1030 7.74331 8.03388e-15
1031 7.74331 8.03388e-15
1032 7.74331 8.03388e-15
1033 7.74331 8.03388e-15
1034 7.74331 8.03388e-15
1035 7.74331 8.03388e-15
1036 7.74331 8.03388e-15
1037 7.74331 8.03388e-15
1038 7.74331 8.03388e-15
1039 7.74331 8.03388e-15
1040 7.74331 8.03388e-15
1041 7.74331 8.03388e-15
1042 7.74331 8.03388e-15
1043 7.74331 8.03388e-15
1044 7.74331 8.03388e-15
1045 7.74331 8.03388e-15
1046 7.74331 8.03388e-15
1047 7.74331 8.03388e-15
1048 7.74331 8.03388e-15
1049 7.74331 8.03388e-15
1050 7.74331 8.03388e-15
1051 7.74331 8.03388e-15
1052 7.74331 8.03388e-15
1053 7.74331 8.03388e-15
1054 7.74331 8.03388e-15
1055 7.74331 8.03388e-15
1056 7.74331 8.03388e-15
1057 7.74331 8.03388e-15
1058 7.74331 8.03388e-15
1059 7.74331 8.03388e-15
1060 7.74331 8.03388e-15
1061 7.74331 8.03388e-15
1062 7.74331 8.03388e-15
1063 7.74331 8.03388e-15
1064 7.74331 8.03388e-15
1065 7.74331 8.03388e-15
1066 7.74331 8.03388e-15
1067 7.74331 8.03388e-15
1068 7.74331 8.03388e-15
1069 7.74331 8.03388e-15
1070 7.74331 8.03388e-15
1071 7.74331 8.03388e-15
1072 7.74331 8.03388e-15
1073 7.74331 8.03388e-15
1074 7.74331 8.03388e-15
1075 7.74331 8.03388e-15
1076 7.74331 8.03388e-15
1077 7.74331 8.03388e-15
1078 7.74331 8.03388e-15
1079 7.74331 8.03388e-15
1080 7.74331 8.03388e-15
1081 7.74331 8.03388e-15
1082 7.74331 8.03388e-15
1083 7.74331 8.03388e-15
1084 7.74331 8.03388e-15
1085 7.74331 8.03388e-15
1086 7.74331 8.03388e-15
1087 7.74331 8.03388e-15
1088 7.74331 8.03388e-15
1089 7.74331 8.03388e-15
1090 7.74331 8.03388e-15
1091 7.74331 8.03388e-15
1092 7.74331 8.03388e-15
1093 7.74331 8.03388e-15
1094 7.74331 8.03388e-15
1095 7.74331 8.03388e-15
1096 7.74331 8.03388e-15
1097 7.74331 8.03388e-15
1098 7.74331 8.03388e-15
1099 7.74331 8.03388e-15
1100 7.74331 8.03388e-15
1101 7.74331 8.03388e-15
1102 7.74331 8.03388e-15
1103 7.74331 8.03388e-15
1104 7.74331 8.03388e-15
1105 7.74331 8.03388e-15
1106 7.74331 8.03388e-15
1107 7.74331 8.03388e-15
1108 7.74331 8.03388e-15
1109 7.74331 8.03388e-15
1110 7.74331 8.03388e-15
1111 7.74331 8.03388e-15
1112 7.74331 8.03388e-15
1113 7.74331 8.03388e-15
1114 7.74331 8.03388e-15
1115 7.74331 8.03388e-15
1116 7.74331 8.03388e-15
1117 7.74331 8.03388e-15
1118 7.74331 8.03388e-15
1119 7.74331 8.03388e-15
1120 7.74331 8.03388e-15
1121 7.74331 8.03388e-15
1122 7.74331 8.03388e-15
1123 7.74331 8.03388e-15
1124 7.74331 8.03388e-15
1125 7.74331 8.03388e-15
1126 7.74331 8.03388e-15
1127 7.74331 8.03388e-15
1128 7.74331 8.03388e-15
1129 7.74331 8.03388e-15
1130 7.74331 8.03388e-15
1131 7.74331 8.03388e-15
1132 7.74331 8.03388e-15
1133 7.74331 8.03388e-15
1134 7.74331 8.03388e-15
1135 7.74331 8.03388e-15
1136 7.74331 8.03388e-15
1137 7.74331 8.03388e-15
1138 7.74331 8.03388e-15
1139 7.74331 8.03388e-15
1140 7.74331 8.03388e-15
1141 7.74331 8.03388e-15
1142 7.74331 8.03388e-15
1143 7.74331 8.03388e-15
1144 7.74331 8.03388e-15
1145 7.74331 8.03388e-15
1146 7.74331 8.03388e-15
1147 7.74331 8.03388e-15
1148 7.74331 8.03388e-15
1149 7.74331 8.03388e-15
1150 7.74331 8.03388e-15
1151 7.74331 8.03388e-15
1152 7.74331 8.03388e-15
1153 7.74331 8.03388e-15
1154 7.74331 8.03388e-15
1155 7.74331 8.03388e-15
1156 7.74331 8.03388e-15
1157 7.74331 8.03388e-15
1158 7.74331 8.03388e-15
1159 7.74331 8.03388e-15
1160 7.74331 8.03388e-15
1161 7.74331 8.03388e-15
1162 7.74331 8.03388e-15
1163 7.74331 8.03388e-15
1164 7.74331 8.03388e-15
1165 7.74331 8.03388e-15
1166 7.74331 8.03388e-15
1167 7.74331 8.03388e-15
1168 7.74331 8.03388e-15
1169 7.74331 8.03388e-15
1170 7.74331 8.03388e-15
1171 7.74331 8.03388e-15
1172 7.74331 8.03388e-15
1173 7.74331 8.03388e-15
1174 7.74331 8.03388e-15
1175 7.74331 8.03388e-15
1176 7.74331 8.03388e-15
1177 7.74331 8.03388e-15
1178 7.74331 8.03388e-15
1179 7.74331 8.03388e-15
1180 7.74331 8.03388e-15
1181 7.74331 8.03388e-15
1182 7.74331 8.03388e-15
1183 7.74331 8.03388e-15
1184 7.74331 8.03388e-15
1185 7.74331 8.03388e-15
1186 7.74331 8.03388e-15
1187 7.74331 8.03388e-15
1188 7.74331 8.03388e-15
1189 7.74331 8.03388e-15
1190 7.74331 8.03388e-15
1191 7.74331 8.03388e-15
1192 7.74331 8.03388e-15
1193 7.74331 8.03388e-15
1194 7.74331 8.03388e-15
1195 7.74331 8.03388e-15
1196 7.74331 8.03388e-15
1197 7.74331 8.03388e-15
1198 7.74331 8.03388e-15
1199 7.74331 8.03388e-15
1200 7.74331 8.03388e-15
1201 7.74331 8.03388e-15
1202 7.74331 8.03388e-15
1203 7.74331 8.03388e-15
1204 7.74331 8.03388e-15
1205 7.74331 8.03388e-15
1206 7.74331 8.03388e-15
1207 7.74331 8.03388e-15
1208 7.74331 8.03388e-15
1209 7.74331 8.03388e-15
1210 7.74331 8.03388e-15
1211 7.74331 8.03388e-15
1212 7.74331 8.03388e-15
1213 7.74331 8.03388e-15
1214 7.74331 8.03388e-15
1215 7.74331 8.03388e-15
1216 7.74331 8.03388e-15
1217 7.74331 8.03388e-15
1218 7.74331 8.03388e-15
1219 7.74331 8.03388e-15
1220 7.74331 8.03388e-15
1221 7.74331 8.03388e-15
1222 7.74331 8.03388e-15
1223 7.74331 8.03388e-15
1224 7.74331 8.03388e-15
1225 7.74331 8.03388e-15
1226 7.74331 8.03388e-15
1227 7.74331 8.03388e-15
1228 7.74331 8.03388e-15
1229 7.74331 8.03388e-15
1230 7.74331 8.03388e-15
1231 7.74331 8.03388e-15
1232 7.74331 8.03388e-15
1233 7.74331 8.03388e-15
1234 7.74331 8.03388e-15
1235 7.74331 8.03388e-15
1236 7.74331 8.03388e-15
1237 7.74331 8.03388e-15
1238 7.74331 8.03388e-15
1239 7.74331 8.03388e-15
1240 7.74331 8.03388e-15
1241 7.74331 8.03388e-15
1242 7.74331 8.03388e-15
1243 7.74331 8.03388e-15
1244 7.74331 8.03388e-15
1245 7.74331 8.03388e-15
1246 7.74331 8.03388e-15
1247 7.74331 8.03388e-15
1248 7.74331 8.03388e-15
1249 7.74331 8.03388e-15
1250 7.74331 8.03388e-15
1251 7.74331 8.03388e-15
1252 7.74331 8.03388e-15
1253 7.74331 8.03388e-15
1254 7.74331 8.03388e-15
1255 7.74331 8.03388e-15
1256 7.74331 8.03388e-15
1257 7.74331 8.03388e-15
1258 7.74331 8.03388e-15
1259 7.74331 8.03388e-15
1260 7.74331 8.03388e-15
1261 7.74331 8.03388e-15
1262 7.74331 8.03388e-15
1263 7.74331 8.03388e-15
1264 7.74331 8.03388e-15
1265 7.74331 8.03388e-15
1266 7.74331 8.03388e-15
1267 7.74331 8.03388e-15
1268 7.74331 8.03388e-15
1269 7.74331 8.03388e-15
1270 7.74331 8.03388e-15
1271 7.74331 8.03388e-15
1272 7.74331 8.03388e-15
1273 7.74331 8.03388e-15
1274 7.74331 8.03388e-15
1275 7.74331 8.03388e-15
1276 7.74331 8.03388e-15
1277 7.74331 8.03388e-15
1278 7.74331 8.03388e-15
1279 7.74331 8.03388e-15
1280 7.74331 8.03388e-15
1281 7.74331 8.03388e-15
1282 7.74331 8.03388e-15
1283 7.74331 8.03388e-15
1284 7.74331 8.03388e-15
1285 7.74331 8.03388e-15
1286 7.74331 8.03388e-15
1287 7.74331 8.03388e-15
1288 7.74331 8.03388e-15
1289 7.74331 8.03388e-15
1290 7.74331 8.03388e-15
1291 7.74331 8.03388e-15
1292 7.74331 8.03388e-15
1293 7.74331 8.03388e-15
1294 7.74331 8.03388e-15
1295 7.74331 8.03388e-15
1296 7.74331 8.03388e-15
1297 7.74331 8.03388e-15
1298 7.74331 8.03388e-15
1299 7.74331 8.03388e-15
1300 7.74331 8.03388e-15
1301 7.74331 8.03388e-15
1302 7.74331 8.03388e-15
1303 7.74331 8.03388e-15
1304 7.74331 8.03388e-15
1305 7.74331 8.03388e-15
1306 7.74331 8.03388e-15
1307 7.74331 8.03388e-15
1308 7.74331 8.03388e-15
1309 7.74331 8.03388e-15
1310 7.74331 8.03388e-15
1311 7.74331 8.03388e-15
1312 7.74331 8.03388e-15
1313 7.74331 8.03388e-15
1314 7.74331 8.03388e-15
1315 7.74331 8.03388e-15
1316 7.74331 8.03388e-15
1317 7.74331 8.03388e-15
1318 7.74331 8.03388e-15
1319 7.74331 8.03388e-15
1320 7.74331 8.03388e-15
1321 7.74331 8.03388e-15
1322 7.74331 8.03388e-15
1323 7.74331 8.03388e-15
1324 7.74331 8.03388e-15
1325 7.74331 8.03388e-15
1326 7.74331 8.03388e-15
1327 7.74331 8.03388e-15
1328 7.74331 8.03388e-15
1329 7.74331 8.03388e-15
1330 7.74331 8.03388e-15
1331 7.74331 8.03388e-15
1332 7.74331 8.03388e-15
1333 7.74331 8.03388e-15
1334 7.74331 8.03388e-15
1335 7.74331 8.03388e-15
1336 7.74331 8.03388e-15
1337 7.74331 8.03388e-15
1338 7.74331 8.03388e-15
1339 7.74331 8.03388e-15
1340 7.74331 8.03388e-15
1341 7.74331 8.03388e-15
1342 7.74331 8.03388e-15
1343 7.74331 8.03388e-15
1344 7.74331 8.03388e-15
1345 7.74331 8.03388e-15
1346 7.74331 8.03388e-15
1347 7.74331 8.03388e-15
1348 7.74331 8.03388e-15
1349 7.74331 8.03388e-15
1350 7.74331 8.03388e-15
1351 7.74331 8.03388e-15
1352 7.74331 8.03388e-15
1353 7.74331 8.03388e-15
1354 7.74331 8.03388e-15
1355 7.74331 8.03388e-15
1356 7.74331 8.03388e-15
1357 7.74331 8.03388e-15
1358 7.74331 8.03388e-15
1359 7.74331 8.03388e-15
1360 7.74331 8.03388e-15
1361 7.74331 8.03388e-15
1362 7.74331 8.03388e-15
1363 7.74331 8.03388e-15
1364 7.74331 8.03388e-15
1365 7.74331 8.03388e-15
1366 7.74331 8.03388e-15
1367 7.74331 8.03388e-15
1368 7.74331 8.03388e-15
1369 7.74331 8.03388e-15
1370 7.74331 8.03388e-15
1371 7.74331 8.03388e-15
1372 7.74331 8.03388e-15
1373 7.74331 8.03388e-15
1374 7.74331 8.03388e-15
1375 7.74331 8.03388e-15
1376 7.74331 8.03388e-15
1377 7.74331 8.03388e-15
1378 7.74331 8.03388e-15
1379 7.74331 8.03388e-15
1380 7.74331 8.03388e-15
1381 7.74331 8.03388e-15
1382 7.74331 8.03388e-15
1383 7.74331 8.03388e-15
1384 7.74331 8.03388e-15
1385 7.74331 8.03388e-15
1386 7.74331 8.03388e-15
1387 7.74331 8.03388e-15
1388 7.74331 8.03388e-15
1389 7.74331 8.03388e-15
1390 7.74331 8.03388e-15
1391 7.74331 8.03388e-15
1392 7.74331 8.03388e-15
1393 7.74331 8.03388e-15
1394 7.74331 8.03388e-15
1395 7.74331 8.03388e-15
1396 7.74331 8.03388e-15
1397 7.74331 8.03388e-15
1398 7.74331 8.03388e-15
1399 7.74331 8.03388e-15
1400 7.74331 8.03388e-15
1401 7.74331 8.03388e-15
1402 7.74331 8.03388e-15
1403 7.74331 8.03388e-15
1404 7.74331 8.03388e-15
1405 7.74331 8.03388e-15
1406 7.74331 8.03388e-15
1407 7.74331 8.03388e-15
1408 7.74331 8.03388e-15
1409 7.74331 8.03388e-15
1410 7.74331 8.03388e-15
1411 7.74331 8.03388e-15
1412 7.74331 8.03388e-15
1413 7.74331 8.03388e-15
1414 7.74331 8.03388e-15
1415 7.74331 8.03388e-15
1416 7.74331 8.03388e-15
1417 7.74331 8.03388e-15
1418 7.74331 8.03388e-15
1419 7.74331 8.03388e-15
1420 7.74331 8.03388e-15
1421 7.74331 8.03388e-15
1422 7.74331 8.03388e-15
1423 7.74331 8.03388e-15
1424 7.74331 8.03388e-15
1425 7.74331 8.03388e-15
1426 7.74331 8.03388e-15
1427 7.74331 8.03388e-15
1428 7.74331 8.03388e-15
1429 7.74331 8.03388e-15
1430 7.74331 8.03388e-15
1431 7.74331 8.03388e-15
1432 7.74331 8.03388e-15
1433 7.74331 8.03388e-15
1434 7.74331 8.03388e-15
1435 7.74331 8.03388e-15
1436 7.74331 8.03388e-15
1437 7.74331 8.03388e-15
1438 7.74331 8.03388e-15
1439 7.74331 8.03388e-15
1440 7.74331 8.03388e-15
1441 7.74331 8.03388e-15
1442 7.74331 8.03388e-15
1443 7.74331 8.03388e-15
1444 7.74331 8.03388e-15
1445 7.74331 8.03388e-15
1446 7.74331 8.03388e-15
1447 7.74331 8.03388e-15
1448 7.74331 8.03388e-15
1449 7.74331 8.03388e-15
1450 7.74331 8.03388e-15
1451 7.74331 8.03388e-15
1452 7.74331 8.03388e-15
1453 7.74331 8.03388e-15
1454 7.74331 8.03388e-15
1455 7.74331 8.03388e-15
1456 7.74331 8.03388e-15
1457 7.74331 8.03388e-15
1458 7.74331 8.03388e-15
1459 7.74331 8.03388e-15
1460 7.74331 8.03388e-15
1461 7.74331 8.03388e-15
1462 7.74331 8.03388e-15
1463 7.74331 8.03388e-15
1464 7.74331 8.03388e-15
1465 7.74331 8.03388e-15
1466 7.74331 8.03388e-15
1467 7.74331 8.03388e-15
1468 7.74331 8.03388e-15
1469 7.74331 8.03388e-15
1470 7.74331 8.03388e-15
1471 7.74331 8.03388e-15
1472 7.74331 8.03388e-15
1473 7.74331 8.03388e-15
1474 7.74331 8.03388e-15
1475 7.74331 8.03388e-15
1476 7.74331 8.03388e-15
1477 7.74331 8.03388e-15
1478 7.74331 8.03388e-15
1479 7.74331 8.03388e-15
1480 7.74331 8.03388e-15
1481 7.74331 8.03388e-15
1482 7.74331 8.03388e-15
1483 7.74331 8.03388e-15
1484 7.74331 8.03388e-15
1485 7.74331 8.03388e-15
1486 7.74331 8.03388e-15
1487 7.74331 8.03388e-15
1488 7.74331 8.03388e-15
1489 7.74331 8.03388e-15
1490 7.74331 8.03388e-15
1491 7.74331 8.03388e-15
1492 7.74331 8.03388e-15
1493 7.74331 8.03388e-15
1494 7.74331 8.03388e-15
1495 7.74331 8.03388e-15
1496 7.74331 8.03388e-15
1497 7.74331 8.03388e-15
1498 7.74331 8.03388e-15
1499 7.74331 8.03388e-15
1500 7.74331 8.03388e-15
1501 7.74331 8.03388e-15
1502 7.74331 8.03388e-15
1503 7.74331 8.03388e-15
1504 7.74331 8.03388e-15
1505 7.74331 8.03388e-15
1506 7.74331 8.03388e-15
1507 7.74331 8.03388e-15
1508 7.74331 8.03388e-15
1509 7.74331 8.03388e-15
1510 7.74331 8.03388e-15
1511 7.74331 8.03388e-15
1512 7.74331 8.03388e-15
1513 7.74331 8.03388e-15
1514 7.74331 8.03388e-15
1515 7.74331 8.03388e-15
1516 7.74331 8.03388e-15
1517 7.74331 8.03388e-15
1518 7.74331 8.03388e-15
1519 7.74331 8.03388e-15
1520 7.74331 8.03388e-15
1521 7.74331 8.03388e-15
1522 7.74331 8.03388e-15
1523 7.74331 8.03388e-15
1524 7.74331 8.03388e-15
1525 7.74331 8.03388e-15
1526 7.74331 8.03388e-15
1527 7.74331 8.03388e-15
1528 7.74331 8.03388e-15
1529 7.74331 8.03388e-15
1530 7.74331 8.03388e-15
1531 7.74331 8.03388e-15
1532 7.74331 8.03388e-15
1533 7.74331 8.03388e-15
1534 7.74331 8.03388e-15
1535 7.74331 8.03388e-15
1536 7.74331 8.03388e-15
1537 7.74331 8.03388e-15
1538 7.74331 8.03388e-15
1539 7.74331 8.03388e-15
1540 7.74331 8.03388e-15
1541 7.74331 8.03388e-15
1542 7.74331 8.03388e-15
1543 7.74331 8.03388e-15
1544 7.74331 8.03388e-15
1545 7.74331 8.03388e-15
1546 7.74331 8.03388e-15
1547 7.74331 8.03388e-15
1548 7.74331 8.03388e-15
1549 7.74331 8.03388e-15
1550 7.74331 8.03388e-15
1551 7.74331 8.03388e-15
1552 7.74331 8.03388e-15
1553 7.74331 8.03388e-15
1554 7.74331 8.03388e-15
1555 7.74331 8.03388e-15
1556 7.74331 8.03388e-15
1557 7.74331 8.03388e-15
1558 7.74331 8.03388e-15
1559 7.74331 8.03388e-15
1560 7.74331 8.03388e-15
1561 7.74331 8.03388e-15
1562 7.74331 8.03388e-15
1563 7.74331 8.03388e-15
1564 7.74331 8.03388e-15
1565 7.74331 8.03388e-15
1566 7.74331 8.03388e-15
1567 7.74331 8.03388e-15
1568 7.74331 8.03388e-15
1569 7.74331 8.03388e-15
1570 7.74331 8.03388e-15
1571 7.74331 8.03388e-15
1572 7.74331 8.03388e-15
1573 7.74331 8.03388e-15
1574 7.74331 8.03388e-15
1575 7.74331 8.03388e-15
1576 7.74331 8.03388e-15
1577 7.74331 8.03388e-15
1578 7.74331 8.03388e-15
1579 7.74331 8.03388e-15
1580 7.74331 8.03388e-15
1581 7.74331 8.03388e-15
1582 7.74331 8.03388e-15
1583 7.74331 8.03388e-15
1584 7.74331 8.03388e-15
1585 7.74331 8.03388e-15
1586 7.74331 8.03388e-15
1587 7.74331 8.03388e-15
1588 7.74331 8.03388e-15
1589 7.74331 8.03388e-15
1590 7.74331 8.03388e-15
1591 7.74331 8.03388e-15
1592 7.74331 8.03388e-15
1593 7.74331 8.03388e-15
1594 7.74331 8.03388e-15
1595 7.74331 8.03388e-15
1596 7.74331 8.03388e-15
1597 7.74331 8.03388e-15
1598 7.74331 8.03388e-15
1599 7.74331 8.03388e-15
1600 7.74331 8.03388e-15
1601 7.74331 8.03388e-15
1602 7.74331 8.03388e-15
1603 7.74331 8.03388e-15
1604 7.74331 8.03388e-15
1605 7.74331 8.03388e-15
1606 7.74331 8.03388e-15
1607 7.74331 8.03388e-15
1608 7.74331 8.03388e-15
1609 7.74331 8.03388e-15
1610 7.74331 8.03388e-15
1611 7.74331 8.03388e-15
1612 7.74331 8.03388e-15
1613 7.74331 8.03388e-15
1614 7.74331 8.03388e-15
1615 7.74331 8.03388e-15
1616 7.74331 8.03388e-15
1617 7.74331 8.03388e-15
1618 7.74331 8.03388e-15
1619 7.74331 8.03388e-15
1620 7.74331 8.03388e-15
1621 7.74331 8.03388e-15
1622 7.74331 8.03388e-15
1623 7.74331 8.03388e-15
1624 7.74331 8.03388e-15
1625 7.74331 8.03388e-15
1626 7.74331 8.03388e-15
1627 7.74331 8.03388e-15
1628 7.74331 8.03388e-15
1629 7.74331 8.03388e-15
1630 7.74331 8.03388e-15
1631 7.74331 8.03388e-15
1632 7.74331 8.03388e-15
1633 7.74331 8.03388e-15
1634 7.74331 8.03388e-15
1635 7.74331 8.03388e-15
1636 7.74331 8.03388e-15
1637 7.74331 8.03388e-15
1638 7.74331 8.03388e-15
1639 7.74331 8.03388e-15
1640 7.74331 8.03388e-15
1641 7.74331 8.03388e-15
1642 7.74331 8.03388e-15
1643 7.74331 8.03388e-15
1644 7.74331 8.03388e-15
1645 7.74331 8.03388e-15
1646 7.74331 8.03388e-15
1647 7.74331 8.03388e-15
1648 7.74331 8.03388e-15
1649 7.74331 8.03388e-15
1650 7.74331 8.03388e-15
1651 7.74331 8.03388e-15
1652 7.74331 8.03388e-15
1653 7.74331 8.03388e-15
1654 7.74331 8.03388e-15
1655 7.74331 8.03388e-15
1656 7.74331 8.03388e-15
1657 7.74331 8.03388e-15
1658 7.74331 8.03388e-15
1659 7.74331 8.03388e-15
1660 7.74331 8.03388e-15
1661 7.74331 8.03388e-15
1662 7.74331 8.03388e-15
1663 7.74331 8.03388e-15
1664 7.74331 8.03388e-15
1665 7.74331 8.03388e-15
1666 7.74331 8.03388e-15
1667 7.74331 8.03388e-15
1668 7.74331 8.03388e-15
1669 7.74331 8.03388e-15
1670 7.74331 8.03388e-15
1671 7.74331 8.03388e-15
1672 7.74331 8.03388e-15
1673 7.74331 8.03388e-15
1674 7.74331 8.03388e-15
1675 7.74331 8.03388e-15
1676 7.74331 8.03388e-15
1677 7.74331 8.03388e-15
1678 7.74331 8.03388e-15
1679 7.74331 8.03388e-15
1680 7.74331 8.03388e-15
1681 7.74331 8.03388e-15
1682 7.74331 8.03388e-15
1683 7.74331 8.03388e-15
1684 7.74331 8.03388e-15
1685 7.74331 8.03388e-15
1686 7.74331 8.03388e-15
1687 7.74331 8.03388e-15
1688 7.74331 8.03388e-15
1689 7.74331 8.03388e-15
1690 7.74331 8.03388e-15
1691 7.74331 8.03388e-15
1692 7.74331 8.03388e-15
1693 7.74331 8.03388e-15
1694 7.74331 8.03388e-15
1695 7.74331 8.03388e-15
1696 7.74331 8.03388e-15
1697 7.74331 8.03388e-15
1698 7.74331 8.03388e-15
1699 7.74331 8.03388e-15
1700 7.74331 8.03388e-15
1701 7.74331 8.03388e-15
1702 7.74331 8.03388e-15
1703 7.74331 8.03388e-15
1704 7.74331 8.03388e-15
1705 7.74331 8.03388e-15
1706 7.74331 8.03388e-15
1707 7.74331 8.03388e-15
1708 7.74331 8.03388e-15
1709 7.74331 8.03388e-15
1710 7.74331 8.03388e-15
1711 7.74331 8.03388e-15
1712 7.74331 8.03388e-15
1713 7.74331 8.03388e-15
1714 7.74331 8.03388e-15
1715 7.74331 8.03388e-15
1716 7.74331 8.03388e-15
1717 7.74331 8.03388e-15
1718 7.74331 8.03388e-15
1719 7.74331 8.03388e-15
1720 7.74331 8.03388e-15
1721 7.74331 8.03388e-15
1722 7.74331 8.03388e-15
1723 7.74331 8.03388e-15
1724 7.74331 8.03388e-15
1725 7.74331 8.03388e-15
1726 7.74331 8.03388e-15
1727 7.74331 8.03388e-15
1728 7.74331 8.03388e-15
1729 7.74331 8.03388e-15
1730 7.74331 8.03388e-15
1731 7.74331 8.03388e-15
1732 7.74331 8.03388e-15
1733 7.74331 8.03388e-15
1734 7.74331 8.03388e-15
1735 7.74331 8.03388e-15
1736 7.74331 8.03388e-15
1737 7.74331 8.03388e-15
1738 7.74331 8.03388e-15
1739 7.74331 8.03388e-15
1740 7.74331 8.03388e-15
1741 7.74331 8.03388e-15
1742 7.74331 8.03388e-15
1743 7.74331 8.03388e-15
1744 7.74331 8.03388e-15
1745 7.74331 8.03388e-15
1746 7.74331 8.03388e-15
1747 7.74331 8.03388e-15
1748 7.74331 8.03388e-15
1749 7.74331 8.03388e-15
1750 7.74331 8.03388e-15
1751 7.74331 8.03388e-15
1752 7.74331 8.03388e-15
1753 7.74331 8.03388e-15
1754 7.74331 8.03388e-15
1755 7.74331 8.03388e-15
1756 7.74331 8.03388e-15
1757 7.74331 8.03388e-15
1758 7.74331 8.03388e-15
1759 7.74331 8.03388e-15
1760 7.74331 8.03388e-15
1761 7.74331 8.03388e-15
1762 7.74331 8.03388e-15
1763 7.74331 8.03388e-15
1764 7.74331 8.03388e-15
1765 7.74331 8.03388e-15
1766 7.74331 8.03388e-15
1767 7.74331 8.03388e-15
1768 7.74331 8.03388e-15
1769 7.74331 8.03388e-15
1770 7.74331 8.03388e-15
1771 7.74331 8.03388e-15
1772 7.74331 8.03388e-15
1773 7.74331 8.03388e-15
1774 7.74331 8.03388e-15
1775 7.74331 8.03388e-15
1776 7.74331 8.03388e-15
1777 7.74331 8.03388e-15
1778 7.74331 8.03388e-15
1779 7.74331 8.03388e-15
1780 7.74331 8.03388e-15
1781 7.74331 8.03388e-15
1782 7.74331 8.03388e-15
1783 7.74331 8.03388e-15
1784 7.74331 8.03388e-15
1785 7.74331 8.03388e-15
1786 7.74331 8.03388e-15
1787 7.74331 8.03388e-15
1788 7.74331 8.03388e-15
1789 7.74331 8.03388e-15
1790 7.74331 8.03388e-15
1791 7.74331 8.03388e-15
1792 7.74331 8.03388e-15
1793 7.74331 8.03388e-15
1794 7.74331 8.03388e-15
1795 7.74331 8.03388e-15
1796 7.74331 8.03388e-15
1797 7.74331 8.03388e-15
1798 7.74331 8.03388e-15
1799 7.74331 8.03388e-15
1800 7.74331 8.03388e-15
1801 7.74331 8.03388e-15
1802 7.74331 8.03388e-15
1803 7.74331 8.03388e-15
1804 7.74331 8.03388e-15
1805 7.74331 8.03388e-15
1806 7.74331 8.03388e-15
1807 7.74331 8.03388e-15
1808 7.74331 8.03388e-15
1809 7.74331 8.03388e-15
1810 7.74331 8.03388e-15
1811 7.74331 8.03388e-15
1812 7.74331 8.03388e-15
1813 7.74331 8.03388e-15
1814 7.74331 8.03388e-15
1815 7.74331 8.03388e-15
1816 7.74331 8.03388e-15
1817 7.74331 8.03388e-15
1818 7.74331 8.03388e-15
1819 7.74331 8.03388e-15
1820 7.74331 8.03388e-15
1821 7.74331 8.03388e-15
1822 7.74331 8.03388e-15
1823 7.74331 8.03388e-15
1824 7.74331 8.03388e-15
1825 7.74331 8.03388e-15
1826 7.74331 8.03388e-15
1827 7.74331 8.03388e-15
1828 7.74331 8.03388e-15
1829 7.74331 8.03388e-15
1830 7.74331 8.03388e-15
1831 7.74331 8.03388e-15
1832 7.74331 8.03388e-15
1833 7.74331 8.03388e-15
1834 7.74331 8.03388e-15
1835 7.74331 8.03388e-15
1836 7.74331 8.03388e-15
1837 7.74331 8.03388e-15
1838 7.74331 8.03388e-15
1839 7.74331 8.03388e-15
1840 7.74331 8.03388e-15
1841 7.74331 8.03388e-15
1842 7.74331 8.03388e-15
1843 7.74331 8.03388e-15
1844 7.74331 8.03388e-15
1845 7.74331 8.03388e-15
1846 7.74331 8.03388e-15
1847 7.74331 8.03388e-15
1848 7.74331 8.03388e-15
1849 7.74331 8.03388e-15
1850 7.74331 8.03388e-15
1851 7.74331 8.03388e-15
1852 7.74331 8.03388e-15
1853 7.74331 8.03388e-15
1854 7.74331 8.03388e-15
1855 7.74331 8.03388e-15
1856 7.74331 8.03388e-15
1857 7.74331 8.03388e-15
1858 7.74331 8.03388e-15
1859 7.74331 8.03388e-15
1860 7.74331 8.03388e-15
1861 7.74331 8.03388e-15
1862 7.74331 8.03388e-15
1863 7.74331 8.03388e-15
1864 7.74331 8.03388e-15
1865 7.74331 8.03388e-15
1866 7.74331 8.03388e-15
1867 7.74331 8.03388e-15
1868 7.74331 8.03388e-15
1869 7.74331 8.03388e-15
1870 7.74331 8.03388e-15
1871 7.74331 8.03388e-15
1872 7.74331 8.03388e-15
1873 7.74331 8.03388e-15
1874 7.74331 8.03388e-15
1875 7.74331 8.03388e-15
1876 7.74331 8.03388e-15
1877 7.74331 8.03388e-15
1878 7.74331 8.03388e-15
1879 7.74331 8.03388e-15
1880 7.74331 8.03388e-15
1881 7.74331 8.03388e-15
1882 7.74331 8.03388e-15
1883 7.74331 8.03388e-15
1884 7.74331 8.03388e-15
1885 7.74331 8.03388e-15
1886 7.74331 8.03388e-15
1887 7.74331 8.03388e-15
1888 7.74331 8.03388e-15
1889 7.74331 8.03388e-15
1890 7.74331 8.03388e-15
1891 7.74331 8.03388e-15
1892 7.74331 8.03388e-15
1893 7.74331 8.03388e-15
1894 7.74331 8.03388e-15
1895 7.74331 8.03388e-15
1896 7.74331 8.03388e-15
1897 7.74331 8.03388e-15
1898 7.74331 8.03388e-15
1899 7.74331 8.03388e-15
1900 7.74331 8.03388e-15
1901 7.74331 8.03388e-15
1902 7.74331 8.03388e-15
1903 7.74331 8.03388e-15
1904 7.74331 8.03388e-15
1905 7.74331 8.03388e-15
1906 7.74331 8.03388e-15
1907 7.74331 8.03388e-15
1908 7.74331 8.03388e-15
1909 7.74331 8.03388e-15
1910 7.74331 8.03388e-15
1911 7.74331 8.03388e-15
1912 7.74331 8.03388e-15
1913 7.74331 8.03388e-15
1914 7.74331 8.03388e-15
1915 7.74331 8.03388e-15
1916 7.74331 8.03388e-15
1917 7.74331 8.03388e-15
1918 7.74331 8.03388e-15
1919 7.74331 8.03388e-15
1920 7.74331 8.03388e-15
1921 7.74331 8.03388e-15
1922 7.74331 8.03388e-15
1923 7.74331 8.03388e-15
1924 7.74331 8.03388e-15
1925 7.74331 8.03388e-15
1926 7.74331 8.03388e-15
1927 7.74331 8.03388e-15
1928 7.74331 8.03388e-15
1929 7.74331 8.03388e-15
1930 7.74331 8.03388e-15
1931 7.74331 8.03388e-15
1932 7.74331 8.03388e-15
1933 7.74331 8.03388e-15
1934 7.74331 8.03388e-15
1935 7.74331 8.03388e-15
1936 7.74331 8.03388e-15
1937 7.74331 8.03388e-15
1938 7.74331 8.03388e-15
1939 7.74331 8.03388e-15
1940 7.74331 8.03388e-15
1941 7.74331 8.03388e-15
1942 7.74331 8.03388e-15
1943 7.74331 8.03388e-15
1944 7.74331 8.03388e-15
1945 7.74331 8.03388e-15
1946 7.74331 8.03388e-15
1947 7.74331 8.03388e-15
1948 7.74331 8.03388e-15
1949 7.74331 8.03388e-15
1950 7.74331 8.03388e-15
1951 7.74331 8.03388e-15
1952 7.74331 8.03388e-15
1953 7.74331 8.03388e-15
1954 7.74331 8.03388e-15
1955 7.74331 8.03388e-15
1956 7.74331 8.03388e-15
1957 7.74331 8.03388e-15
1958 7.74331 8.03388e-15
1959 7.74331 8.03388e-15
1960 7.74331 8.03388e-15
1961 7.74331 8.03388e-15
1962 7.74331 8.03388e-15
1963 7.74331 8.03388e-15
1964 7.74331 8.03388e-15
1965 7.74331 8.03388e-15
1966 7.74331 8.03388e-15
1967 7.74331 8.03388e-15
1968 7.74331 8.03388e-15
1969 7.74331 8.03388e-15
1970 7.74331 8.03388e-15
1971 7.74331 8.03388e-15
1972 7.74331 8.03388e-15
1973 7.74331 8.03388e-15
1974 7.74331 8.03388e-15
1975 7.74331 8.03388e-15
1976 7.74331 8.03388e-15
1977 7.74331 8.03388e-15
1978 7.74331 8.03388e-15
1979 7.74331 8.03388e-15
1980 7.74331 8.03388e-15
1981 7.74331 8.03388e-15
1982 7.74331 8.03388e-15
1983 7.74331 8.03388e-15
1984 7.74331 8.03388e-15
1985 7.74331 8.03388e-15
1986 7.74331 8.03388e-15
1987 7.74331 8.03388e-15
1988 7.74331 8.03388e-15
1989 7.74331 8.03388e-15
1990 7.74331 8.03388e-15
1991 7.74331 8.03388e-15
1992 7.74331 8.03388e-15
1993 7.74331 8.03388e-15
1994 7.74331 8.03388e-15
1995 7.74331 8.03388e-15
1996 7.74331 8.03388e-15
1997 7.74331 8.03388e-15
1998 7.74331 8.03388e-15
1999 7.74331 8.03388e-15
2000 7.74331 8.03388e-15
