1 36.7992 1.93544
2 34.4313 0.898351
3 33.6811 0.31628
4 33.1183 0.765813
5 32.0446 1.25008
6 30.1655 1.50008
7 28.5384 0.432413
8 28.0984 0.395721
9 27.4942 0.55744
10 26.9567 0.557658
11 26.5176 0.279132
12 26.3009 0.409527
13 25.8368 0.684414
14 25.1531 0.552183
15 24.7226 0.44588
16 24.3216 0.559409
17 23.7019 0.348306
18 23.4307 0.133275
19 23.3508 0.0925389
20 23.277 0.129979
21 23.2335 0.168895
22 23.1506 0.201109
23 22.997 0.162745
24 22.9024 0.0183096
25 22.8787 0.0552091
26 22.8019 0.201423
27 22.5438 0.477146
28 22.0379 0.680201
29 21.4998 0.559552
30 21.1391 0.109928
31 21.0291 0.158896
32 20.8323 0.22237
33 20.6967 0.226919
34 20.4958 0.107263
35 20.4198 0.109654
36 20.3421 0.0729143
37 20.3035 0.0136566
38 20.2888 0.0208396
39 20.2586 0.0656817
40 20.2001 0.106252
41 20.0821 0.160736
42 19.9403 0.22533
43 19.6958 0.158925
44 19.6343 3.92767e-14
45 19.6343 3.92767e-14
46 19.6306 0.0371077
47 19.5898 0.121193
48 19.491 0.180081
49 19.3109 0.124002
50 19.2622 0.0078816
51 19.2531 0.0362111
52 19.2135 0.0966482
53 19.1172 0.144109
54 18.9595 0.139533
55 18.7919 0.366824
56 18.4344 0.532107
57 17.9269 0.247948
58 17.85 0.00594038
59 17.8389 0.0432117
60 17.7731 0.124752
61 17.6373 0.171907
62 17.4945 0.0999991
63 17.4601 3.21355e-14
64 17.4587 0.013429
65 17.4493 0.0366156
66 17.4072 0.0704082
67 17.3307 0.0855628
68 17.2659 0.0876583
69 17.1761 0.075221
70 17.1385 0.000304507
71 17.1385 2.49943e-14
72 17.1385 2.49943e-14
73 17.1281 0.0512336
74 17.0594 0.13197
75 16.9455 0.165468
76 16.7797 0.0348242
77 16.7619 0.00613074
78 16.7561 0.018858
79 16.7342 0.0545661
80 16.6786 0.0863382
81 16.5901 0.0414163
82 16.5797 3.57061e-14
83 16.5769 0.0284708
84 16.5456 0.0929853
85 16.4443 0.142192
86 16.3592 0.119973
87 16.2854 0.0259995
88 16.2612 0.0445115
89 16.2169 0.0509212
90 16.1724 0.0380962
91 16.1146 0.0693131
92 16.0589 0.0795805
93 15.9888 3.03502e-14
94 15.9888 3.03502e-14
95 15.9888 3.03502e-14
96 15.9886 0.00162194
97 15.9827 0.0400565
98 15.9432 0.119449
99 15.8508 0.181495
100 15.7138 0.181665
101 15.5899 1.42824e-14
102 15.5899 1.42824e-14
103 15.587 0.028832
104 15.5783 0.0567836
105 15.5352 0.113404
106 15.4671 0.170178
107 15.2026 0.251166
108 14.955 0.272811
109 14.7303 0.0369504
110 14.7195 0
111 14.7195 0
112 14.7195 0
113 14.7195 0
114 14.7137 0.0573227
115 14.6544 0.20449
116 14.3492 0.456084
117 13.8141 0.418333
118 13.451 1.96384e-14
119 13.451 1.96384e-14
120 13.451 1.96384e-14
121 13.4485 0.0256364
122 13.41 0.0944582
123 13.3177 0.128725
124 13.2288 0.0867119
125 13.1947 2.85649e-14
126 13.1947 2.85649e-14
127 13.1947 2.85649e-14
128 13.1947 2.85649e-14
129 13.1913 0.0336683
130 13.1576 0.105876
131 13.0465 0.167967
132 12.932 0.140173
133 12.8603 0.0228311
134 12.8529 0.0512505
135 12.7965 0.167383
136 12.6683 0.248686
137 12.5402 0.250016
138 12.3455 3.57061e-15
139 12.344 0.0150013
140 12.3305 0.0452307
141 12.287 0.0735376
142 12.242 0.0697297
143 12.2015 0.0295446
144 12.1955 0
145 12.1955 0
146 12.1931 0.0240692
147 12.1734 0.070439
148 12.1397 0.105868
149 12.0535 0.1297
150 11.9423 0.0709562
151 11.8723 0.115947
152 11.7186 0.236648
153 11.3993 0.241215
154 11.2328 0.149405
155 11.1741 1.78531e-14
156 11.1741 1.78531e-14
157 11.1741 3.14307e-06
158 11.1741 1.02652e-05
159 11.1729 0.012476
160 11.1641 0.0340149
161 11.1392 0.0562908
162 11.0768 0.0519339
163 11.0493 9.38244e-05
164 11.0489 0.00303037
165 11.0439 0.0101691
166 11.0363 0.0129466
167 11.0293 0.0113802
168 11.0224 1.24971e-14
169 11.0139 0.0855823
170 10.9625 0.219461
171 10.7551 0.396961
172 10.355 0.348336
173 10.1666 1.78531e-14
174 10.1644 0.0200585
175 10.144 0.0628262
176 10.0855 0.0978276
177 9.98697 0.0598649
178 9.96042 0.039278
179 9.90897 0.163508
180 9.67375 0.448439
181 9.10594 0.457226
182 8.76891 8.92653e-15
183 8.76891 8.92653e-15
184 8.76891 8.92653e-15
185 8.76891 8.92653e-15
186 8.76877 0.00141688
187 8.76664 0.00522052
188 8.76253 0.00708438
189 8.75772 0.00580013
190 8.75503 0.00199362
191 8.75474 2.14237e-14
192 8.75474 2.14237e-14
193 8.75474 2.14237e-14
194 8.75474 2.14237e-14
195 8.75474 2.14237e-14
196 8.75474 2.14237e-14
197 8.75474 2.14237e-14
198 8.75474 2.14237e-14
199 8.75474 2.14237e-14
200 8.75255 0.0219237
201 8.74597 0.0431779
202 8.73256 0.0669341
203 8.64056 0.112149
204 8.5294 0.0329116
205 8.51535 0.0114308
206 8.50973 0.00615133
207 8.50737 0.00173984
208 8.50593 8.92653e-15
209 8.50593 8.92653e-15
210 8.50593 8.92653e-15
211 8.50593 8.92653e-15
212 8.50593 8.92653e-15
213 8.50593 8.92653e-15
214 8.50593 8.92653e-15
215 8.50593 8.92653e-15
216 8.50576 0.00173092
217 8.50437 0.00497853
218 8.49779 0.00868252
219 8.49122 0.00621175
220 8.48862 1.42824e-14
221 8.48862 1.42824e-14
222 8.48862 1.42824e-14
223 8.48862 1.42824e-14
224 8.48862 1.42824e-14
225 8.48643 0.0219237
226 8.47327 0.0562194
227 8.42285 0.100973
228 8.34392 0.104378
229 8.27389 0.0308551
230 8.26938 1.78531e-15
231 8.26938 1.78531e-15
232 8.26938 1.78531e-15
233 8.26938 1.78531e-15
234 8.26824 0.0114059
235 8.24819 0.0924507
236 8.15847 0.243687
237 7.85625 0.389897
238 7.60389 0.330378
239 7.40452 3.57061e-15
240 7.40452 3.57061e-15
241 7.40452 3.57061e-15
242 7.40452 3.57061e-15
243 7.40452 3.57061e-15
244 7.40452 3.57061e-15
245 7.40452 3.57061e-15
246 7.40452 3.57061e-15
247 7.40452 3.57061e-15
248 7.40452 3.57061e-15
249 7.40452 3.57061e-15
250 7.40452 3.57061e-15
251 7.40452 3.57061e-15
252 7.40452 3.57061e-15
253 7.40452 3.57061e-15
254 7.40452 3.57061e-15
255 7.40452 3.57061e-15
256 7.40452 3.57061e-15
257 7.40452 3.57061e-15
258 7.39786 0.0665775
259 7.29157 0.250847
260 7.08541 0.333832
261 6.83331 0.232025
262 6.73875 1.51751e-14
263 6.73875 1.51751e-14
264 6.73875 1.51751e-14
265 6.73875 1.51751e-14
266 6.73875 1.51751e-14
267 6.73875 1.51751e-14
268 6.73875 1.51751e-14
269 6.73875 1.51751e-14
270 6.73875 1.51751e-14
271 6.73613 0.0261689
272 6.71781 0.0713521
273 6.65501 0.122687
274 6.56726 0.123914
275 6.47706 8.03388e-15
276 6.47706 8.03388e-15
277 6.47706 8.03388e-15
278 6.47706 8.03388e-15
279 6.47706 8.03388e-15
280 6.47706 8.03388e-15
281 6.47706 8.03388e-15
282 6.47706 8.03388e-15
283 6.47706 8.03388e-15
284 6.47706 8.03388e-15
285 6.47706 8.03388e-15
286 6.47706 8.03388e-15
287 6.47706 8.03388e-15
288 6.47706 8.03388e-15
289 6.47706 8.03388e-15
290 6.47706 8.03388e-15
291 6.4746 0.0245293
292 6.46012 0.0620861
293 6.40709 0.110138
294 6.33221 0.119055
295 6.26575 0.0823632
296 6.23246 0.00399141
297 6.23176 5.35592e-15
298 6.23176 5.35592e-15
299 6.23176 5.35592e-15
300 6.23176 5.35592e-15
301 6.23176 5.35592e-15
302 6.23176 5.35592e-15
303 6.23176 5.35592e-15
304 6.23176 5.35592e-15
305 6.23176 5.35592e-15
306 6.23176 5.35592e-15
307 6.23176 5.35592e-15
308 6.23176 5.35592e-15
309 6.23176 5.35592e-15
310 6.23176 5.35592e-15
311 6.23176 5.35592e-15
312 6.23176 5.35592e-15
313 6.23176 5.35592e-15
314 6.23176 5.35592e-15
315 6.23176 5.35592e-15
316 6.23176 5.35592e-15
317 6.23176 5.35592e-15
318 6.23176 5.35592e-15
319 6.23176 5.35592e-15
320 6.23176 5.35592e-15
321 6.23176 5.35592e-15
322 6.23176 5.35592e-15
323 6.23176 5.35592e-15
324 6.23176 5.35592e-15
325 6.23176 5.35592e-15
326 6.23176 5.35592e-15
327 6.23176 5.35592e-15
328 6.23176 5.35592e-15
329 6.23176 5.35592e-15
330 6.23176 5.35592e-15
331 6.23176 5.35592e-15
332 6.23176 5.35592e-15
333 6.23176 5.35592e-15
334 6.23176 5.35592e-15
335 6.23176 5.35592e-15
336 6.23176 5.35592e-15
337 6.23176 5.35592e-15
338 6.23176 5.35592e-15
339 6.23176 5.35592e-15
340 6.23176 5.35592e-15
341 6.23176 5.35592e-15
342 6.23176 5.35592e-15
343 6.23176 5.35592e-15
344 6.23176 5.35592e-15
345 6.23176 5.35592e-15
346 6.23176 5.35592e-15
347 6.23176 5.35592e-15
348 6.23176 5.35592e-15
349 6.23176 5.35592e-15
350 6.23176 5.35592e-15
351 6.23176 5.35592e-15
352 6.23176 5.35592e-15
353 6.23176 5.35592e-15
354 6.23176 5.35592e-15
355 6.23176 5.35592e-15
356 6.23176 5.35592e-15
357 6.23176 5.35592e-15
358 6.23176 5.35592e-15
359 6.23176 5.35592e-15
360 6.23176 5.35592e-15
361 6.23176 5.35592e-15
362 6.23176 5.35592e-15
363 6.23176 5.35592e-15
364 6.23176 5.35592e-15
365 6.23176 5.35592e-15
366 6.23176 5.35592e-15
367 6.23176 5.35592e-15
368 6.23176 5.35592e-15
369 6.23176 5.35592e-15
370 6.23176 5.35592e-15
371 6.23176 5.35592e-15
372 6.23176 5.35592e-15
373 6.23176 5.35592e-15
374 6.23176 5.35592e-15
375 6.23176 5.35592e-15
376 6.23176 5.35592e-15
377 6.23176 5.35592e-15
378 6.23176 5.35592e-15
379 6.23176 5.35592e-15
380 6.23176 5.35592e-15
381 6.23176 5.35592e-15
382 6.23176 5.35592e-15
383 6.23176 5.35592e-15
384 6.23176 5.35592e-15
385 6.23176 5.35592e-15
386 6.23176 5.35592e-15
387 6.23176 5.35592e-15
388 6.23176 5.35592e-15
389 6.23176 5.35592e-15
390 6.23176 5.35592e-15
391 6.23176 5.35592e-15
392 6.23176 5.35592e-15
393 6.23176 5.35592e-15
394 6.23176 5.35592e-15
395 6.23176 5.35592e-15
396 6.23176 5.35592e-15
397 6.23176 5.35592e-15
398 6.23176 5.35592e-15
399 6.23176 5.35592e-15
400 6.23176 5.35592e-15
401 6.23176 5.35592e-15
402 6.23176 5.35592e-15
403 6.23176 5.35592e-15
404 6.23176 5.35592e-15
405 6.23176 5.35592e-15
406 6.23176 5.35592e-15
407 6.23176 5.35592e-15
408 6.23176 5.35592e-15
409 6.23176 5.35592e-15
410 6.23176 5.35592e-15
411 6.23176 5.35592e-15
412 6.23176 5.35592e-15
413 6.23176 5.35592e-15
414 6.23176 5.35592e-15
415 6.23176 5.35592e-15
416 6.23176 5.35592e-15
417 6.23176 5.35592e-15
418 6.23176 5.35592e-15
419 6.23176 5.35592e-15
420 6.23176 5.35592e-15
421 6.23176 5.35592e-15
422 6.23176 5.35592e-15
423 6.23176 5.35592e-15
424 6.23176 5.35592e-15
425 6.23176 5.35592e-15
426 6.23176 5.35592e-15
427 6.23176 5.35592e-15
428 6.23176 5.35592e-15
429 6.23176 5.35592e-15
430 6.23176 5.35592e-15
431 6.23176 5.35592e-15
432 6.23176 5.35592e-15
433 6.23176 5.35592e-15
434 6.23176 5.35592e-15
435 6.23176 5.35592e-15
436 6.23176 5.35592e-15
437 6.23176 5.35592e-15
438 6.23176 5.35592e-15
439 6.23176 5.35592e-15
440 6.23176 5.35592e-15
441 6.23176 5.35592e-15
442 6.23176 5.35592e-15
443 6.23176 5.35592e-15
444 6.23176 5.35592e-15
445 6.23176 5.35592e-15
446 6.23176 5.35592e-15
447 6.23176 5.35592e-15
448 6.23176 5.35592e-15
449 6.23176 5.35592e-15
450 6.23176 5.35592e-15
451 6.23176 5.35592e-15
452 6.23176 5.35592e-15
453 6.23176 5.35592e-15
454 6.23176 5.35592e-15
455 6.23176 5.35592e-15
456 6.23176 5.35592e-15
457 6.23176 5.35592e-15
458 6.23176 5.35592e-15
459 6.23176 5.35592e-15
460 6.23176 5.35592e-15
461 6.23176 5.35592e-15
462 6.23176 5.35592e-15
463 6.23176 5.35592e-15
464 6.23176 5.35592e-15
465 6.23176 5.35592e-15
466 6.23176 5.35592e-15
467 6.23176 5.35592e-15
468 6.23176 5.35592e-15
469 6.23176 5.35592e-15
470 6.23176 5.35592e-15
471 6.23176 5.35592e-15
472 6.23176 5.35592e-15
473 6.23176 5.35592e-15
474 6.23176 5.35592e-15
475 6.23176 5.35592e-15
476 6.23176 5.35592e-15
477 6.23176 5.35592e-15
478 6.23176 5.35592e-15
479 6.23176 5.35592e-15
480 6.23176 5.35592e-15
481 6.23176 5.35592e-15
482 6.23176 5.35592e-15
483 6.23176 5.35592e-15
484 6.23176 5.35592e-15
485 6.23176 5.35592e-15
486 6.23176 5.35592e-15
487 6.23176 5.35592e-15
488 6.23176 5.35592e-15
489 6.23176 5.35592e-15
490 6.23176 5.35592e-15
491 6.23176 5.35592e-15
492 6.23176 5.35592e-15
493 6.23176 5.35592e-15
494 6.23176 5.35592e-15
495 6.23176 5.35592e-15
496 6.23176 5.35592e-15
497 6.23176 5.35592e-15
498 6.23176 5.35592e-15
499 6.23176 5.35592e-15
500 6.23176 5.35592e-15
501 6.23176 5.35592e-15
502 6.23176 5.35592e-15
503 6.23176 5.35592e-15
504 6.23176 5.35592e-15
505 6.23176 5.35592e-15
506 6.23176 5.35592e-15
507 6.23176 5.35592e-15
508 6.23176 5.35592e-15
509 6.23176 5.35592e-15
510 6.23176 5.35592e-15
511 6.23176 5.35592e-15
512 6.23176 5.35592e-15
513 6.23176 5.35592e-15
514 6.23176 5.35592e-15
515 6.23176 5.35592e-15
516 6.23176 5.35592e-15
517 6.23176 5.35592e-15
518 6.23176 5.35592e-15
519 6.23176 5.35592e-15
520 6.23176 5.35592e-15
521 6.23176 5.35592e-15
522 6.23176 5.35592e-15
523 6.23176 5.35592e-15
524 6.23176 5.35592e-15
525 6.23176 5.35592e-15
526 6.23176 5.35592e-15
527 6.23176 5.35592e-15
528 6.23176 5.35592e-15
529 6.23176 5.35592e-15
530 6.23176 5.35592e-15
531 6.23176 5.35592e-15
532 6.23176 5.35592e-15
533 6.23176 5.35592e-15
534 6.23176 5.35592e-15
535 6.23176 5.35592e-15
536 6.23176 5.35592e-15
537 6.23176 5.35592e-15
538 6.23176 5.35592e-15
539 6.23176 5.35592e-15
540 6.23176 5.35592e-15
541 6.23176 5.35592e-15
542 6.23176 5.35592e-15
543 6.23176 5.35592e-15
544 6.23176 5.35592e-15
545 6.23176 5.35592e-15
546 6.23176 5.35592e-15
547 6.23176 5.35592e-15
548 6.23176 5.35592e-15
549 6.23176 5.35592e-15
550 6.23176 5.35592e-15
551 6.23176 5.35592e-15
552 6.23176 5.35592e-15
553 6.23176 5.35592e-15
554 6.23176 5.35592e-15
555 6.23176 5.35592e-15
556 6.23176 5.35592e-15
557 6.23176 5.35592e-15
558 6.23176 5.35592e-15
559 6.23176 5.35592e-15
560 6.23176 5.35592e-15
561 6.23176 5.35592e-15
562 6.23176 5.35592e-15
563 6.23176 5.35592e-15
564 6.23176 5.35592e-15
565 6.23176 5.35592e-15
566 6.23176 5.35592e-15
567 6.23176 5.35592e-15
568 6.23176 5.35592e-15
569 6.23176 5.35592e-15
570 6.23176 5.35592e-15
571 6.23176 5.35592e-15
572 6.23176 5.35592e-15
573 6.23176 5.35592e-15
574 6.23176 5.35592e-15
575 6.23176 5.35592e-15
576 6.23176 5.35592e-15
577 6.23176 5.35592e-15
578 6.23176 5.35592e-15
579 6.23176 5.35592e-15
580 6.23176 5.35592e-15
581 6.23176 5.35592e-15
582 6.23176 5.35592e-15
583 6.23176 5.35592e-15
584 6.23176 5.35592e-15
585 6.23176 5.35592e-15
586 6.23176 5.35592e-15
587 6.23176 5.35592e-15
588 6.23176 5.35592e-15
589 6.23176 5.35592e-15
590 6.23176 5.35592e-15
591 6.23176 5.35592e-15
592 6.23176 5.35592e-15
593 6.23176 5.35592e-15
594 6.23176 5.35592e-15
595 6.23176 5.35592e-15
596 6.23176 5.35592e-15
597 6.23176 5.35592e-15
598 6.23176 5.35592e-15
599 6.23176 5.35592e-15
600 6.23176 5.35592e-15
601 6.23176 5.35592e-15
602 6.23176 5.35592e-15
603 6.23176 5.35592e-15
604 6.23176 5.35592e-15
605 6.23176 5.35592e-15
606 6.23176 5.35592e-15
607 6.23176 5.35592e-15
608 6.23176 5.35592e-15
609 6.23176 5.35592e-15
610 6.23176 5.35592e-15
611 6.23176 5.35592e-15
612 6.23176 5.35592e-15
613 6.23176 5.35592e-15
614 6.23176 5.35592e-15
615 6.23176 5.35592e-15
616 6.23176 5.35592e-15
617 6.23176 5.35592e-15
618 6.23176 5.35592e-15
619 6.23176 5.35592e-15
620 6.23176 5.35592e-15
621 6.23176 5.35592e-15
622 6.23176 5.35592e-15
623 6.23176 5.35592e-15
624 6.23176 5.35592e-15
625 6.23176 5.35592e-15
626 6.23176 5.35592e-15
627 6.23176 5.35592e-15
628 6.23176 5.35592e-15
629 6.23176 5.35592e-15
630 6.23176 5.35592e-15
631 6.23176 5.35592e-15
632 6.23176 5.35592e-15
633 6.23176 5.35592e-15
634 6.23176 5.35592e-15
635 6.23176 5.35592e-15
636 6.23176 5.35592e-15
637 6.23176 5.35592e-15
638 6.23176 5.35592e-15
639 6.23176 5.35592e-15
640 6.23176 5.35592e-15
641 6.23176 5.35592e-15
642 6.23176 5.35592e-15
643 6.23176 5.35592e-15
644 6.23176 5.35592e-15
645 6.23176 5.35592e-15
646 6.23176 5.35592e-15
647 6.23176 5.35592e-15
648 6.23176 5.35592e-15
649 6.23176 5.35592e-15
650 6.23176 5.35592e-15
651 6.23176 5.35592e-15
652 6.23176 5.35592e-15
653 6.23176 5.35592e-15
654 6.23176 5.35592e-15
655 6.23176 5.35592e-15
656 6.23176 5.35592e-15
657 6.23176 5.35592e-15
658 6.23176 5.35592e-15
659 6.23176 5.35592e-15
660 6.23176 5.35592e-15
661 6.23176 5.35592e-15
662 6.23176 5.35592e-15
663 6.23176 5.35592e-15
664 6.23176 5.35592e-15
665 6.23176 5.35592e-15
666 6.23176 5.35592e-15
667 6.23176 5.35592e-15
668 6.23176 5.35592e-15
669 6.23176 5.35592e-15
670 6.23176 5.35592e-15
671 6.23176 5.35592e-15
672 6.23176 5.35592e-15
673 6.23176 5.35592e-15
674 6.23176 5.35592e-15
675 6.23176 5.35592e-15
676 6.23176 5.35592e-15
677 6.23176 5.35592e-15
678 6.23176 5.35592e-15
679 6.23176 5.35592e-15
680 6.23176 5.35592e-15
681 6.23176 5.35592e-15
682 6.23176 5.35592e-15
683 6.23176 5.35592e-15
684 6.23176 5.35592e-15
685 6.23176 5.35592e-15
686 6.23176 5.35592e-15
687 6.23176 5.35592e-15
688 6.23176 5.35592e-15
689 6.23176 5.35592e-15
690 6.23176 5.35592e-15
691 6.23176 5.35592e-15
692 6.23176 5.35592e-15
693 6.23176 5.35592e-15
694 6.23176 5.35592e-15
695 6.23176 5.35592e-15
696 6.23176 5.35592e-15
697 6.23176 5.35592e-15
698 6.23176 5.35592e-15
699 6.23176 5.35592e-15
700 6.23176 5.35592e-15
701 6.23176 5.35592e-15
702 6.23176 5.35592e-15
703 6.23176 5.35592e-15
704 6.23176 5.35592e-15
705 6.23176 5.35592e-15
706 6.23176 5.35592e-15
707 6.23176 5.35592e-15
708 6.23176 5.35592e-15
709 6.23176 5.35592e-15
710 6.23176 5.35592e-15
711 6.23176 5.35592e-15
712 6.23176 5.35592e-15
713 6.23176 5.35592e-15
714 6.23176 5.35592e-15
715 6.23176 5.35592e-15
716 6.23176 5.35592e-15
717 6.23176 5.35592e-15
718 6.23176 5.35592e-15
719 6.23176 5.35592e-15
720 6.23176 5.35592e-15
721 6.23176 5.35592e-15
722 6.23176 5.35592e-15
723 6.23176 5.35592e-15
724 6.23176 5.35592e-15
725 6.23176 5.35592e-15
726 6.23176 5.35592e-15
727 6.23176 5.35592e-15
728 6.23176 5.35592e-15
729 6.23176 5.35592e-15
730 6.23176 5.35592e-15
731 6.23176 5.35592e-15
732 6.23176 5.35592e-15
733 6.23176 5.35592e-15
734 6.23176 5.35592e-15
735 6.23176 5.35592e-15
736 6.23176 5.35592e-15
737 6.23176 5.35592e-15
738 6.23176 5.35592e-15
739 6.23176 5.35592e-15
740 6.23176 5.35592e-15
741 6.23176 5.35592e-15
742 6.23176 5.35592e-15
743 6.23176 5.35592e-15
744 6.23176 5.35592e-15
745 6.23176 5.35592e-15
746 6.23176 5.35592e-15
747 6.23176 5.35592e-15
748 6.23176 5.35592e-15
749 6.23176 5.35592e-15
750 6.23176 5.35592e-15
751 6.23176 5.35592e-15
752 6.23176 5.35592e-15
753 6.23176 5.35592e-15
754 6.23176 5.35592e-15
755 6.23176 5.35592e-15
756 6.23176 5.35592e-15
757 6.23176 5.35592e-15
758 6.23176 5.35592e-15
759 6.23176 5.35592e-15
760 6.23176 5.35592e-15
761 6.23176 5.35592e-15
762 6.23176 5.35592e-15
763 6.23176 5.35592e-15
764 6.23176 5.35592e-15
765 6.23176 5.35592e-15
766 6.23176 5.35592e-15
767 6.23176 5.35592e-15
768 6.23176 5.35592e-15
769 6.23176 5.35592e-15
770 6.23176 5.35592e-15
771 6.23176 5.35592e-15
772 6.23176 5.35592e-15
773 6.23176 5.35592e-15
774 6.23176 5.35592e-15
775 6.23176 5.35592e-15
776 6.23176 5.35592e-15
777 6.23176 5.35592e-15
778 6.23176 5.35592e-15
779 6.23176 5.35592e-15
780 6.23176 5.35592e-15
781 6.23176 5.35592e-15
782 6.23176 5.35592e-15
783 6.23176 5.35592e-15
784 6.23176 5.35592e-15
785 6.23176 5.35592e-15
786 6.23176 5.35592e-15
787 6.23176 5.35592e-15
788 6.23176 5.35592e-15
789 6.23176 5.35592e-15
790 6.23176 5.35592e-15
791 6.23176 5.35592e-15
792 6.23176 5.35592e-15
793 6.23176 5.35592e-15
794 6.23176 5.35592e-15
795 6.23176 5.35592e-15
796 6.23176 5.35592e-15
797 6.23176 5.35592e-15
798 6.23176 5.35592e-15
799 6.23176 5.35592e-15
800 6.23176 5.35592e-15
801 6.23176 5.35592e-15
802 6.23176 5.35592e-15
803 6.23176 5.35592e-15
804 6.23176 5.35592e-15
805 6.23176 5.35592e-15
806 6.23176 5.35592e-15
807 6.23176 5.35592e-15
808 6.23176 5.35592e-15
809 6.23176 5.35592e-15
810 6.23176 5.35592e-15
811 6.23176 5.35592e-15
812 6.23176 5.35592e-15
813 6.23176 5.35592e-15
814 6.23176 5.35592e-15
815 6.23176 5.35592e-15
816 6.23176 5.35592e-15
817 6.23176 5.35592e-15
818 6.23176 5.35592e-15
819 6.23176 5.35592e-15
820 6.23176 5.35592e-15
821 6.23176 5.35592e-15
822 6.23176 5.35592e-15
823 6.23176 5.35592e-15
824 6.23176 5.35592e-15
825 6.23176 5.35592e-15
826 6.23176 5.35592e-15
827 6.23176 5.35592e-15
828 6.23176 5.35592e-15
829 6.23176 5.35592e-15
830 6.23176 5.35592e-15
831 6.23176 5.35592e-15
832 6.23176 5.35592e-15
833 6.23176 5.35592e-15
834 6.23176 5.35592e-15
835 6.23176 5.35592e-15
836 6.23176 5.35592e-15
837 6.23176 5.35592e-15
838 6.23176 5.35592e-15
839 6.23176 5.35592e-15
840 6.23176 5.35592e-15
841 6.23176 5.35592e-15
842 6.23176 5.35592e-15
843 6.23176 5.35592e-15
844 6.23176 5.35592e-15
845 6.23176 5.35592e-15
846 6.23176 5.35592e-15
847 6.23176 5.35592e-15
848 6.23176 5.35592e-15
849 6.23176 5.35592e-15
850 6.23176 5.35592e-15
851 6.23176 5.35592e-15
852 6.23176 5.35592e-15
853 6.23176 5.35592e-15
854 6.23176 5.35592e-15
855 6.23176 5.35592e-15
856 6.23176 5.35592e-15
857 6.23176 5.35592e-15
858 6.23176 5.35592e-15
859 6.23176 5.35592e-15
860 6.23176 5.35592e-15
861 6.23176 5.35592e-15
862 6.23176 5.35592e-15
863 6.23176 5.35592e-15
864 6.23176 5.35592e-15
865 6.23176 5.35592e-15
866 6.23176 5.35592e-15
867 6.23176 5.35592e-15
868 6.23176 5.35592e-15
869 6.23176 5.35592e-15
870 6.23176 5.35592e-15
871 6.23176 5.35592e-15
872 6.23176 5.35592e-15
873 6.23176 5.35592e-15
874 6.23176 5.35592e-15
875 6.23176 5.35592e-15
876 6.23176 5.35592e-15
877 6.23176 5.35592e-15
878 6.23176 5.35592e-15
879 6.23176 5.35592e-15
880 6.23176 5.35592e-15
881 6.23176 5.35592e-15
882 6.23176 5.35592e-15
883 6.23176 5.35592e-15
884 6.23176 5.35592e-15
885 6.23176 5.35592e-15
886 6.23176 5.35592e-15
887 6.23176 5.35592e-15
888 6.23176 5.35592e-15
889 6.23176 5.35592e-15
890 6.23176 5.35592e-15
891 6.23176 5.35592e-15
892 6.23176 5.35592e-15
893 6.23176 5.35592e-15
894 6.23176 5.35592e-15
895 6.23176 5.35592e-15
896 6.23176 5.35592e-15
897 6.23176 5.35592e-15
898 6.23176 5.35592e-15
899 6.23176 5.35592e-15
900 6.23176 5.35592e-15
901 6.23176 5.35592e-15
902 6.23176 5.35592e-15
903 6.23176 5.35592e-15
904 6.23176 5.35592e-15
905 6.23176 5.35592e-15
906 6.23176 5.35592e-15
907 6.23176 5.35592e-15
908 6.23176 5.35592e-15
909 6.23176 5.35592e-15
910 6.23176 5.35592e-15
911 6.23176 5.35592e-15
912 6.23176 5.35592e-15
913 6.23176 5.35592e-15
914 6.23176 5.35592e-15
915 6.23176 5.35592e-15
916 6.23176 5.35592e-15
917 6.23176 5.35592e-15
918 6.23176 5.35592e-15
919 6.23176 5.35592e-15
920 6.23176 5.35592e-15
921 6.23176 5.35592e-15
922 6.23176 5.35592e-15
923 6.23176 5.35592e-15
924 6.23176 5.35592e-15
925 6.23176 5.35592e-15
926 6.23176 5.35592e-15
927 6.23176 5.35592e-15
928 6.23176 5.35592e-15
929 6.23176 5.35592e-15
930 6.23176 5.35592e-15
931 6.23176 5.35592e-15
932 6.23176 5.35592e-15
933 6.23176 5.35592e-15
934 6.23176 5.35592e-15
935 6.23176 5.35592e-15
936 6.23176 5.35592e-15
937 6.23176 5.35592e-15
938 6.23176 5.35592e-15
939 6.23176 5.35592e-15
940 6.23176 5.35592e-15
941 6.23176 5.35592e-15
942 6.23176 5.35592e-15
943 6.23176 5.35592e-15
944 6.23176 5.35592e-15
945 6.23176 5.35592e-15
946 6.23176 5.35592e-15
947 6.23176 5.35592e-15
948 6.23176 5.35592e-15
949 6.23176 5.35592e-15
950 6.23176 5.35592e-15
951 6.23176 5.35592e-15
952 6.23176 5.35592e-15
953 6.23176 5.35592e-15
954 6.23176 5.35592e-15
955 6.23176 5.35592e-15
956 6.23176 5.35592e-15
957 6.23176 5.35592e-15
958 6.23176 5.35592e-15
959 6.23176 5.35592e-15
960 6.23176 5.35592e-15
961 6.23176 5.35592e-15
962 6.23176 5.35592e-15
963 6.23176 5.35592e-15
964 6.23176 5.35592e-15
965 6.23176 5.35592e-15
966 6.23176 5.35592e-15
967 6.23176 5.35592e-15
968 6.23176 5.35592e-15
969 6.23176 5.35592e-15
970 6.23176 5.35592e-15
971 6.23176 5.35592e-15
972 6.23176 5.35592e-15
973 6.23176 5.35592e-15
974 6.23176 5.35592e-15
975 6.23176 5.35592e-15
976 6.23176 5.35592e-15
977 6.23176 5.35592e-15
978 6.23176 5.35592e-15
979 6.23176 5.35592e-15
980 6.23176 5.35592e-15
981 6.23176 5.35592e-15
982 6.23176 5.35592e-15
983 6.23176 5.35592e-15
984 6.23176 5.35592e-15
985 6.23176 5.35592e-15
986 6.23176 5.35592e-15
987 6.23176 5.35592e-15
988 6.23176 5.35592e-15
989 6.23176 5.35592e-15
990 6.23176 5.35592e-15
991 6.23176 5.35592e-15
992 6.23176 5.35592e-15
993 6.23176 5.35592e-15
994 6.23176 5.35592e-15
995 6.23176 5.35592e-15
996 6.23176 5.35592e-15
997 6.23176 5.35592e-15
998 6.23176 5.35592e-15
999 6.23176 5.35592e-15
1000 6.23176 5.35592e-15
1001 6.23176 5.35592e-15
1002 6.23176 5.35592e-15
1003 6.23176 5.35592e-15
1004 6.23176 5.35592e-15
1005 6.23176 5.35592e-15
1006 6.23176 5.35592e-15
1007 6.23176 5.35592e-15
1008 6.23176 5.35592e-15
1009 6.23176 5.35592e-15
1010 6.23176 5.35592e-15
1011 6.23176 5.35592e-15
1012 6.23176 5.35592e-15
1013 6.23176 5.35592e-15
1014 6.23176 5.35592e-15
1015 6.23176 5.35592e-15
1016 6.23176 5.35592e-15
1017 6.23176 5.35592e-15
1018 6.23176 5.35592e-15
1019 6.23176 5.35592e-15
1020 6.23176 5.35592e-15
1021 6.23176 5.35592e-15
1022 6.23176 5.35592e-15
1023 6.23176 5.35592e-15
1024 6.23176 5.35592e-15
1025 6.23176 5.35592e-15
1026 6.23176 5.35592e-15
1027 6.23176 5.35592e-15
1028 6.23176 5.35592e-15
1029 6.23176 5.35592e-15
1030 6.23176 5.35592e-15
1031 6.23176 5.35592e-15
1032 6.23176 5.35592e-15
1033 6.23176 5.35592e-15
1034 6.23176 5.35592e-15
1035 6.23176 5.35592e-15
1036 6.23176 5.35592e-15
1037 6.23176 5.35592e-15
1038 6.23176 5.35592e-15
1039 6.23176 5.35592e-15
1040 6.23176 5.35592e-15
1041 6.23176 5.35592e-15
1042 6.23176 5.35592e-15
1043 6.23176 5.35592e-15
1044 6.23176 5.35592e-15
1045 6.23176 5.35592e-15
1046 6.23176 5.35592e-15
1047 6.23176 5.35592e-15
1048 6.23176 5.35592e-15
1049 6.23176 5.35592e-15
1050 6.23176 5.35592e-15
1051 6.23176 5.35592e-15
1052 6.23176 5.35592e-15
1053 6.23176 5.35592e-15
1054 6.23176 5.35592e-15
1055 6.23176 5.35592e-15
1056 6.23176 5.35592e-15
1057 6.23176 5.35592e-15
1058 6.23176 5.35592e-15
1059 6.23176 5.35592e-15
1060 6.23176 5.35592e-15
1061 6.23176 5.35592e-15
1062 6.23176 5.35592e-15
1063 6.23176 5.35592e-15
1064 6.23176 5.35592e-15
1065 6.23176 5.35592e-15
1066 6.23176 5.35592e-15
1067 6.23176 5.35592e-15
1068 6.23176 5.35592e-15
1069 6.23176 5.35592e-15
1070 6.23176 5.35592e-15
1071 6.23176 5.35592e-15
1072 6.23176 5.35592e-15
1073 6.23176 5.35592e-15
1074 6.23176 5.35592e-15
1075 6.23176 5.35592e-15
1076 6.23176 5.35592e-15
1077 6.23176 5.35592e-15
1078 6.23176 5.35592e-15
1079 6.23176 5.35592e-15
1080 6.23176 5.35592e-15
1081 6.23176 5.35592e-15
1082 6.23176 5.35592e-15
1083 6.23176 5.35592e-15
1084 6.23176 5.35592e-15
1085 6.23176 5.35592e-15
1086 6.23176 5.35592e-15
1087 6.23176 5.35592e-15
1088 6.23176 5.35592e-15
1089 6.23176 5.35592e-15
1090 6.23176 5.35592e-15
1091 6.23176 5.35592e-15
1092 6.23176 5.35592e-15
1093 6.23176 5.35592e-15
1094 6.23176 5.35592e-15
1095 6.23176 5.35592e-15
1096 6.23176 5.35592e-15
1097 6.23176 5.35592e-15
1098 6.23176 5.35592e-15
1099 6.23176 5.35592e-15
1100 6.23176 5.35592e-15
1101 6.23176 5.35592e-15
1102 6.23176 5.35592e-15
1103 6.23176 5.35592e-15
1104 6.23176 5.35592e-15
1105 6.23176 5.35592e-15
1106 6.23176 5.35592e-15
1107 6.23176 5.35592e-15
1108 6.23176 5.35592e-15
1109 6.23176 5.35592e-15
1110 6.23176 5.35592e-15
1111 6.23176 5.35592e-15
1112 6.23176 5.35592e-15
1113 6.23176 5.35592e-15
1114 6.23176 5.35592e-15
1115 6.23176 5.35592e-15
1116 6.23176 5.35592e-15
1117 6.23176 5.35592e-15
1118 6.23176 5.35592e-15
1119 6.23176 5.35592e-15
1120 6.23176 5.35592e-15
1121 6.23176 5.35592e-15
1122 6.23176 5.35592e-15
1123 6.23176 5.35592e-15
1124 6.23176 5.35592e-15
1125 6.23176 5.35592e-15
1126 6.23176 5.35592e-15
1127 6.23176 5.35592e-15
1128 6.23176 5.35592e-15
1129 6.23176 5.35592e-15
1130 6.23176 5.35592e-15
1131 6.23176 5.35592e-15
1132 6.23176 5.35592e-15
1133 6.23176 5.35592e-15
1134 6.23176 5.35592e-15
1135 6.23176 5.35592e-15
1136 6.23176 5.35592e-15
1137 6.23176 5.35592e-15
1138 6.23176 5.35592e-15
1139 6.23176 5.35592e-15
1140 6.23176 5.35592e-15
1141 6.23176 5.35592e-15
1142 6.23176 5.35592e-15
1143 6.23176 5.35592e-15
1144 6.23176 5.35592e-15
1145 6.23176 5.35592e-15
1146 6.23176 5.35592e-15
1147 6.23176 5.35592e-15
1148 6.23176 5.35592e-15
1149 6.23176 5.35592e-15
1150 6.23176 5.35592e-15
1151 6.23176 5.35592e-15
1152 6.23176 5.35592e-15
1153 6.23176 5.35592e-15
1154 6.23176 5.35592e-15
1155 6.23176 5.35592e-15
1156 6.23176 5.35592e-15
1157 6.23176 5.35592e-15
1158 6.23176 5.35592e-15
1159 6.23176 5.35592e-15
1160 6.23176 5.35592e-15
1161 6.23176 5.35592e-15
1162 6.23176 5.35592e-15
1163 6.23176 5.35592e-15
1164 6.23176 5.35592e-15
1165 6.23176 5.35592e-15
1166 6.23176 5.35592e-15
1167 6.23176 5.35592e-15
1168 6.23176 5.35592e-15
1169 6.23176 5.35592e-15
1170 6.23176 5.35592e-15
1171 6.23176 5.35592e-15
1172 6.23176 5.35592e-15
1173 6.23176 5.35592e-15
1174 6.23176 5.35592e-15
1175 6.23176 5.35592e-15
1176 6.23176 5.35592e-15
1177 6.23176 5.35592e-15
1178 6.23176 5.35592e-15
1179 6.23176 5.35592e-15
1180 6.23176 5.35592e-15
1181 6.23176 5.35592e-15
1182 6.23176 5.35592e-15
1183 6.23176 5.35592e-15
1184 6.23176 5.35592e-15
1185 6.23176 5.35592e-15
1186 6.23176 5.35592e-15
1187 6.23176 5.35592e-15
1188 6.23176 5.35592e-15
1189 6.23176 5.35592e-15
1190 6.23176 5.35592e-15
1191 6.23176 5.35592e-15
1192 6.23176 5.35592e-15
1193 6.23176 5.35592e-15
1194 6.23176 5.35592e-15
1195 6.23176 5.35592e-15
1196 6.23176 5.35592e-15
1197 6.23176 5.35592e-15
1198 6.23176 5.35592e-15
1199 6.23176 5.35592e-15
1200 6.23176 5.35592e-15
1201 6.23176 5.35592e-15
1202 6.23176 5.35592e-15
1203 6.23176 5.35592e-15
1204 6.23176 5.35592e-15
1205 6.23176 5.35592e-15
1206 6.23176 5.35592e-15
1207 6.23176 5.35592e-15
1208 6.23176 5.35592e-15
1209 6.23176 5.35592e-15
1210 6.23176 5.35592e-15
1211 6.23176 5.35592e-15
1212 6.23176 5.35592e-15
1213 6.23176 5.35592e-15
1214 6.23176 5.35592e-15
1215 6.23176 5.35592e-15
1216 6.23176 5.35592e-15
1217 6.23176 5.35592e-15
1218 6.23176 5.35592e-15
1219 6.23176 5.35592e-15
1220 6.23176 5.35592e-15
1221 6.23176 5.35592e-15
1222 6.23176 5.35592e-15
1223 6.23176 5.35592e-15
1224 6.23176 5.35592e-15
1225 6.23176 5.35592e-15
1226 6.23176 5.35592e-15
1227 6.23176 5.35592e-15
1228 6.23176 5.35592e-15
1229 6.23176 5.35592e-15
1230 6.23176 5.35592e-15
1231 6.23176 5.35592e-15
1232 6.23176 5.35592e-15
1233 6.23176 5.35592e-15
1234 6.23176 5.35592e-15
1235 6.23176 5.35592e-15
1236 6.23176 5.35592e-15
1237 6.23176 5.35592e-15
1238 6.23176 5.35592e-15
1239 6.23176 5.35592e-15
1240 6.23176 5.35592e-15
1241 6.23176 5.35592e-15
1242 6.23176 5.35592e-15
1243 6.23176 5.35592e-15
1244 6.23176 5.35592e-15
1245 6.23176 5.35592e-15
1246 6.23176 5.35592e-15
1247 6.23176 5.35592e-15
1248 6.23176 5.35592e-15
1249 6.23176 5.35592e-15
1250 6.23176 5.35592e-15
1251 6.23176 5.35592e-15
1252 6.23176 5.35592e-15
1253 6.23176 5.35592e-15
1254 6.23176 5.35592e-15
1255 6.23176 5.35592e-15
1256 6.23176 5.35592e-15
1257 6.23176 5.35592e-15
1258 6.23176 5.35592e-15
1259 6.23176 5.35592e-15
1260 6.23176 5.35592e-15
1261 6.23176 5.35592e-15
1262 6.23176 5.35592e-15
1263 6.23176 5.35592e-15
1264 6.23176 5.35592e-15
1265 6.23176 5.35592e-15
1266 6.23176 5.35592e-15
1267 6.23176 5.35592e-15
1268 6.23176 5.35592e-15
1269 6.23176 5.35592e-15
1270 6.23176 5.35592e-15
1271 6.23176 5.35592e-15
1272 6.23176 5.35592e-15
1273 6.23176 5.35592e-15
1274 6.23176 5.35592e-15
1275 6.23176 5.35592e-15
1276 6.23176 5.35592e-15
1277 6.23176 5.35592e-15
1278 6.23176 5.35592e-15
1279 6.23176 5.35592e-15
1280 6.23176 5.35592e-15
1281 6.23176 5.35592e-15
1282 6.23176 5.35592e-15
1283 6.23176 5.35592e-15
1284 6.23176 5.35592e-15
1285 6.23176 5.35592e-15
1286 6.23176 5.35592e-15
1287 6.23176 5.35592e-15
1288 6.23176 5.35592e-15
1289 6.23176 5.35592e-15
1290 6.23176 5.35592e-15
1291 6.23176 5.35592e-15
1292 6.23176 5.35592e-15
1293 6.23176 5.35592e-15
1294 6.23176 5.35592e-15
1295 6.23176 5.35592e-15
1296 6.23176 5.35592e-15
1297 6.23176 5.35592e-15
1298 6.23176 5.35592e-15
1299 6.23176 5.35592e-15
1300 6.23176 5.35592e-15
1301 6.23176 5.35592e-15
1302 6.23176 5.35592e-15
1303 6.23176 5.35592e-15
1304 6.23176 5.35592e-15
1305 6.23176 5.35592e-15
1306 6.23176 5.35592e-15
1307 6.23176 5.35592e-15
1308 6.23176 5.35592e-15
1309 6.23176 5.35592e-15
1310 6.23176 5.35592e-15
1311 6.23176 5.35592e-15
1312 6.23176 5.35592e-15
1313 6.23176 5.35592e-15
1314 6.23176 5.35592e-15
1315 6.23176 5.35592e-15
1316 6.23176 5.35592e-15
1317 6.23176 5.35592e-15
1318 6.23176 5.35592e-15
1319 6.23176 5.35592e-15
1320 6.23176 5.35592e-15
1321 6.23176 5.35592e-15
1322 6.23176 5.35592e-15
1323 6.23176 5.35592e-15
1324 6.23176 5.35592e-15
1325 6.23176 5.35592e-15
1326 6.23176 5.35592e-15
1327 6.23176 5.35592e-15
1328 6.23176 5.35592e-15
1329 6.23176 5.35592e-15
1330 6.23176 5.35592e-15
1331 6.23176 5.35592e-15
1332 6.23176 5.35592e-15
1333 6.23176 5.35592e-15
1334 6.23176 5.35592e-15
1335 6.23176 5.35592e-15
1336 6.23176 5.35592e-15
1337 6.23176 5.35592e-15
1338 6.23176 5.35592e-15
1339 6.23176 5.35592e-15
1340 6.23176 5.35592e-15
1341 6.23176 5.35592e-15
1342 6.23176 5.35592e-15
1343 6.23176 5.35592e-15
1344 6.23176 5.35592e-15
1345 6.23176 5.35592e-15
1346 6.23176 5.35592e-15
1347 6.23176 5.35592e-15
1348 6.23176 5.35592e-15
1349 6.23176 5.35592e-15
1350 6.23176 5.35592e-15
1351 6.23176 5.35592e-15
1352 6.23176 5.35592e-15
1353 6.23176 5.35592e-15
1354 6.23176 5.35592e-15
1355 6.23176 5.35592e-15
1356 6.23176 5.35592e-15
1357 6.23176 5.35592e-15
1358 6.23176 5.35592e-15
1359 6.23176 5.35592e-15
1360 6.23176 5.35592e-15
1361 6.23176 5.35592e-15
1362 6.23176 5.35592e-15
1363 6.23176 5.35592e-15
1364 6.23176 5.35592e-15
1365 6.23176 5.35592e-15
1366 6.23176 5.35592e-15
1367 6.23176 5.35592e-15
1368 6.23176 5.35592e-15
1369 6.23176 5.35592e-15
1370 6.23176 5.35592e-15
1371 6.23176 5.35592e-15
1372 6.23176 5.35592e-15
1373 6.23176 5.35592e-15
1374 6.23176 5.35592e-15
1375 6.23176 5.35592e-15
1376 6.23176 5.35592e-15
1377 6.23176 5.35592e-15
1378 6.23176 5.35592e-15
1379 6.23176 5.35592e-15
1380 6.23176 5.35592e-15
1381 6.23176 5.35592e-15
1382 6.23176 5.35592e-15
1383 6.23176 5.35592e-15
1384 6.23176 5.35592e-15
1385 6.23176 5.35592e-15
1386 6.23176 5.35592e-15
1387 6.23176 5.35592e-15
1388 6.23176 5.35592e-15
1389 6.23176 5.35592e-15
1390 6.23176 5.35592e-15
1391 6.23176 5.35592e-15
1392 6.23176 5.35592e-15
1393 6.23176 5.35592e-15
1394 6.23176 5.35592e-15
1395 6.23176 5.35592e-15
1396 6.23176 5.35592e-15
1397 6.23176 5.35592e-15
1398 6.23176 5.35592e-15
1399 6.23176 5.35592e-15
1400 6.23176 5.35592e-15
1401 6.23176 5.35592e-15
1402 6.23176 5.35592e-15
1403 6.23176 5.35592e-15
1404 6.23176 5.35592e-15
1405 6.23176 5.35592e-15
1406 6.23176 5.35592e-15
1407 6.23176 5.35592e-15
1408 6.23176 5.35592e-15
1409 6.23176 5.35592e-15
1410 6.23176 5.35592e-15
1411 6.23176 5.35592e-15
1412 6.23176 5.35592e-15
1413 6.23176 5.35592e-15
1414 6.23176 5.35592e-15
1415 6.23176 5.35592e-15
1416 6.23176 5.35592e-15
1417 6.23176 5.35592e-15
1418 6.23176 5.35592e-15
1419 6.23176 5.35592e-15
1420 6.23176 5.35592e-15
1421 6.23176 5.35592e-15
1422 6.23176 5.35592e-15
1423 6.23176 5.35592e-15
1424 6.23176 5.35592e-15
1425 6.23176 5.35592e-15
1426 6.23176 5.35592e-15
1427 6.23176 5.35592e-15
1428 6.23176 5.35592e-15
1429 6.23176 5.35592e-15
1430 6.23176 5.35592e-15
1431 6.23176 5.35592e-15
1432 6.23176 5.35592e-15
1433 6.23176 5.35592e-15
1434 6.23176 5.35592e-15
1435 6.23176 5.35592e-15
1436 6.23176 5.35592e-15
1437 6.23176 5.35592e-15
1438 6.23176 5.35592e-15
1439 6.23176 5.35592e-15
1440 6.23176 5.35592e-15
1441 6.23176 5.35592e-15
1442 6.23176 5.35592e-15
1443 6.23176 5.35592e-15
1444 6.23176 5.35592e-15
1445 6.23176 5.35592e-15
1446 6.23176 5.35592e-15
1447 6.23176 5.35592e-15
1448 6.23176 5.35592e-15
1449 6.23176 5.35592e-15
1450 6.23176 5.35592e-15
1451 6.23176 5.35592e-15
1452 6.23176 5.35592e-15
1453 6.23176 5.35592e-15
1454 6.23176 5.35592e-15
1455 6.23176 5.35592e-15
1456 6.23176 5.35592e-15
1457 6.23176 5.35592e-15
1458 6.23176 5.35592e-15
1459 6.23176 5.35592e-15
1460 6.23176 5.35592e-15
1461 6.23176 5.35592e-15
1462 6.23176 5.35592e-15
1463 6.23176 5.35592e-15
1464 6.23176 5.35592e-15
1465 6.23176 5.35592e-15
1466 6.23176 5.35592e-15
1467 6.23176 5.35592e-15
1468 6.23176 5.35592e-15
1469 6.23176 5.35592e-15
1470 6.23176 5.35592e-15
1471 6.23176 5.35592e-15
1472 6.23176 5.35592e-15
1473 6.23176 5.35592e-15
1474 6.23176 5.35592e-15
1475 6.23176 5.35592e-15
1476 6.23176 5.35592e-15
1477 6.23176 5.35592e-15
1478 6.23176 5.35592e-15
1479 6.23176 5.35592e-15
1480 6.23176 5.35592e-15
1481 6.23176 5.35592e-15
1482 6.23176 5.35592e-15
1483 6.23176 5.35592e-15
1484 6.23176 5.35592e-15
1485 6.23176 5.35592e-15
1486 6.23176 5.35592e-15
1487 6.23176 5.35592e-15
1488 6.23176 5.35592e-15
1489 6.23176 5.35592e-15
1490 6.23176 5.35592e-15
1491 6.23176 5.35592e-15
1492 6.23176 5.35592e-15
1493 6.23176 5.35592e-15
1494 6.23176 5.35592e-15
1495 6.23176 5.35592e-15
1496 6.23176 5.35592e-15
1497 6.23176 5.35592e-15
1498 6.23176 5.35592e-15
1499 6.23176 5.35592e-15
1500 6.23176 5.35592e-15
1501 6.23176 5.35592e-15
1502 6.23176 5.35592e-15
1503 6.23176 5.35592e-15
1504 6.23176 5.35592e-15
1505 6.23176 5.35592e-15
1506 6.23176 5.35592e-15
1507 6.23176 5.35592e-15
1508 6.23176 5.35592e-15
1509 6.23176 5.35592e-15
1510 6.23176 5.35592e-15
1511 6.23176 5.35592e-15
1512 6.23176 5.35592e-15
1513 6.23176 5.35592e-15
1514 6.23176 5.35592e-15
1515 6.23176 5.35592e-15
1516 6.23176 5.35592e-15
1517 6.23176 5.35592e-15
1518 6.23176 5.35592e-15
1519 6.23176 5.35592e-15
1520 6.23176 5.35592e-15
1521 6.23176 5.35592e-15
1522 6.23176 5.35592e-15
1523 6.23176 5.35592e-15
1524 6.23176 5.35592e-15
1525 6.23176 5.35592e-15
1526 6.23176 5.35592e-15
1527 6.23176 5.35592e-15
1528 6.23176 5.35592e-15
1529 6.23176 5.35592e-15
1530 6.23176 5.35592e-15
1531 6.23176 5.35592e-15
1532 6.23176 5.35592e-15
1533 6.23176 5.35592e-15
1534 6.23176 5.35592e-15
1535 6.23176 5.35592e-15
1536 6.23176 5.35592e-15
1537 6.23176 5.35592e-15
1538 6.23176 5.35592e-15
1539 6.23176 5.35592e-15
1540 6.23176 5.35592e-15
1541 6.23176 5.35592e-15
1542 6.23176 5.35592e-15
1543 6.23176 5.35592e-15
1544 6.23176 5.35592e-15
1545 6.23176 5.35592e-15
1546 6.23176 5.35592e-15
1547 6.23176 5.35592e-15
1548 6.23176 5.35592e-15
1549 6.23176 5.35592e-15
1550 6.23176 5.35592e-15
1551 6.23176 5.35592e-15
1552 6.23176 5.35592e-15
1553 6.23176 5.35592e-15
1554 6.23176 5.35592e-15
1555 6.23176 5.35592e-15
1556 6.23176 5.35592e-15
1557 6.23176 5.35592e-15
1558 6.23176 5.35592e-15
1559 6.23176 5.35592e-15
1560 6.23176 5.35592e-15
1561 6.23176 5.35592e-15
1562 6.23176 5.35592e-15
1563 6.23176 5.35592e-15
1564 6.23176 5.35592e-15
1565 6.23176 5.35592e-15
1566 6.23176 5.35592e-15
1567 6.23176 5.35592e-15
1568 6.23176 5.35592e-15
1569 6.23176 5.35592e-15
1570 6.23176 5.35592e-15
1571 6.23176 5.35592e-15
1572 6.23176 5.35592e-15
1573 6.23176 5.35592e-15
1574 6.23176 5.35592e-15
1575 6.23176 5.35592e-15
1576 6.23176 5.35592e-15
1577 6.23176 5.35592e-15
1578 6.23176 5.35592e-15
1579 6.23176 5.35592e-15
1580 6.23176 5.35592e-15
1581 6.23176 5.35592e-15
1582 6.23176 5.35592e-15
1583 6.23176 5.35592e-15
1584 6.23176 5.35592e-15
1585 6.23176 5.35592e-15
1586 6.23176 5.35592e-15
1587 6.23176 5.35592e-15
1588 6.23176 5.35592e-15
1589 6.23176 5.35592e-15
1590 6.23176 5.35592e-15
1591 6.23176 5.35592e-15
1592 6.23176 5.35592e-15
1593 6.23176 5.35592e-15
1594 6.23176 5.35592e-15
1595 6.23176 5.35592e-15
1596 6.23176 5.35592e-15
1597 6.23176 5.35592e-15
1598 6.23176 5.35592e-15
1599 6.23176 5.35592e-15
1600 6.23176 5.35592e-15
1601 6.23176 5.35592e-15
1602 6.23176 5.35592e-15
1603 6.23176 5.35592e-15
1604 6.23176 5.35592e-15
1605 6.23176 5.35592e-15
1606 6.23176 5.35592e-15
1607 6.23176 5.35592e-15
1608 6.23176 5.35592e-15
1609 6.23176 5.35592e-15
1610 6.23176 5.35592e-15
1611 6.23176 5.35592e-15
1612 6.23176 5.35592e-15
1613 6.23176 5.35592e-15
1614 6.23176 5.35592e-15
1615 6.23176 5.35592e-15
1616 6.23176 5.35592e-15
1617 6.23176 5.35592e-15
1618 6.23176 5.35592e-15
1619 6.23176 5.35592e-15
1620 6.23176 5.35592e-15
1621 6.23176 5.35592e-15
1622 6.23176 5.35592e-15
1623 6.23176 5.35592e-15
1624 6.23176 5.35592e-15
1625 6.23176 5.35592e-15
1626 6.23176 5.35592e-15
1627 6.23176 5.35592e-15
1628 6.23176 5.35592e-15
1629 6.23176 5.35592e-15
1630 6.23176 5.35592e-15
1631 6.23176 5.35592e-15
1632 6.23176 5.35592e-15
1633 6.23176 5.35592e-15
1634 6.23176 5.35592e-15
1635 6.23176 5.35592e-15
1636 6.23176 5.35592e-15
1637 6.23176 5.35592e-15
1638 6.23176 5.35592e-15
1639 6.23176 5.35592e-15
1640 6.23176 5.35592e-15
1641 6.23176 5.35592e-15
1642 6.23176 5.35592e-15
1643 6.23176 5.35592e-15
1644 6.23176 5.35592e-15
1645 6.23176 5.35592e-15
1646 6.23176 5.35592e-15
1647 6.23176 5.35592e-15
1648 6.23176 5.35592e-15
1649 6.23176 5.35592e-15
1650 6.23176 5.35592e-15
1651 6.23176 5.35592e-15
1652 6.23176 5.35592e-15
1653 6.23176 5.35592e-15
1654 6.23176 5.35592e-15
1655 6.23176 5.35592e-15
1656 6.23176 5.35592e-15
1657 6.23176 5.35592e-15
1658 6.23176 5.35592e-15
1659 6.23176 5.35592e-15
1660 6.23176 5.35592e-15
1661 6.23176 5.35592e-15
1662 6.23176 5.35592e-15
1663 6.23176 5.35592e-15
1664 6.23176 5.35592e-15
1665 6.23176 5.35592e-15
1666 6.23176 5.35592e-15
1667 6.23176 5.35592e-15
1668 6.23176 5.35592e-15
1669 6.23176 5.35592e-15
1670 6.23176 5.35592e-15
1671 6.23176 5.35592e-15
1672 6.23176 5.35592e-15
1673 6.23176 5.35592e-15
1674 6.23176 5.35592e-15
1675 6.23176 5.35592e-15
1676 6.23176 5.35592e-15
1677 6.23176 5.35592e-15
1678 6.23176 5.35592e-15
1679 6.23176 5.35592e-15
1680 6.23176 5.35592e-15
1681 6.23176 5.35592e-15
1682 6.23176 5.35592e-15
1683 6.23176 5.35592e-15
1684 6.23176 5.35592e-15
1685 6.23176 5.35592e-15
1686 6.23176 5.35592e-15
1687 6.23176 5.35592e-15
1688 6.23176 5.35592e-15
1689 6.23176 5.35592e-15
1690 6.23176 5.35592e-15
1691 6.23176 5.35592e-15
1692 6.23176 5.35592e-15
1693 6.23176 5.35592e-15
1694 6.23176 5.35592e-15
1695 6.23176 5.35592e-15
1696 6.23176 5.35592e-15
1697 6.23176 5.35592e-15
1698 6.23176 5.35592e-15
1699 6.23176 5.35592e-15
1700 6.23176 5.35592e-15
1701 6.23176 5.35592e-15
1702 6.23176 5.35592e-15
1703 6.23176 5.35592e-15
1704 6.23176 5.35592e-15
1705 6.23176 5.35592e-15
1706 6.23176 5.35592e-15
1707 6.23176 5.35592e-15
1708 6.23176 5.35592e-15
1709 6.23176 5.35592e-15
1710 6.23176 5.35592e-15
1711 6.23176 5.35592e-15
1712 6.23176 5.35592e-15
1713 6.23176 5.35592e-15
1714 6.23176 5.35592e-15
1715 6.23176 5.35592e-15
1716 6.23176 5.35592e-15
1717 6.23176 5.35592e-15
1718 6.23176 5.35592e-15
1719 6.23176 5.35592e-15
1720 6.23176 5.35592e-15
1721 6.23176 5.35592e-15
1722 6.23176 5.35592e-15
1723 6.23176 5.35592e-15
1724 6.23176 5.35592e-15
1725 6.23176 5.35592e-15
1726 6.23176 5.35592e-15
1727 6.23176 5.35592e-15
1728 6.23176 5.35592e-15
1729 6.23176 5.35592e-15
1730 6.23176 5.35592e-15
1731 6.23176 5.35592e-15
1732 6.23176 5.35592e-15
1733 6.23176 5.35592e-15
1734 6.23176 5.35592e-15
1735 6.23176 5.35592e-15
1736 6.23176 5.35592e-15
1737 6.23176 5.35592e-15
1738 6.23176 5.35592e-15
1739 6.23176 5.35592e-15
1740 6.23176 5.35592e-15
1741 6.23176 5.35592e-15
1742 6.23176 5.35592e-15
1743 6.23176 5.35592e-15
1744 6.23176 5.35592e-15
1745 6.23176 5.35592e-15
1746 6.23176 5.35592e-15
1747 6.23176 5.35592e-15
1748 6.23176 5.35592e-15
1749 6.23176 5.35592e-15
1750 6.23176 5.35592e-15
1751 6.23176 5.35592e-15
1752 6.23176 5.35592e-15
1753 6.23176 5.35592e-15
1754 6.23176 5.35592e-15
1755 6.23176 5.35592e-15
1756 6.23176 5.35592e-15
1757 6.23176 5.35592e-15
1758 6.23176 5.35592e-15
1759 6.23176 5.35592e-15
1760 6.23176 5.35592e-15
1761 6.23176 5.35592e-15
1762 6.23176 5.35592e-15
1763 6.23176 5.35592e-15
1764 6.23176 5.35592e-15
1765 6.23176 5.35592e-15
1766 6.23176 5.35592e-15
1767 6.23176 5.35592e-15
1768 6.23176 5.35592e-15
1769 6.23176 5.35592e-15
1770 6.23176 5.35592e-15
1771 6.23176 5.35592e-15
1772 6.23176 5.35592e-15
1773 6.23176 5.35592e-15
1774 6.23176 5.35592e-15
1775 6.23176 5.35592e-15
1776 6.23176 5.35592e-15
1777 6.23176 5.35592e-15
1778 6.23176 5.35592e-15
1779 6.23176 5.35592e-15
1780 6.23176 5.35592e-15
1781 6.23176 5.35592e-15
1782 6.23176 5.35592e-15
1783 6.23176 5.35592e-15
1784 6.23176 5.35592e-15
1785 6.23176 5.35592e-15
1786 6.23176 5.35592e-15
1787 6.23176 5.35592e-15
1788 6.23176 5.35592e-15
1789 6.23176 5.35592e-15
1790 6.23176 5.35592e-15
1791 6.23176 5.35592e-15
1792 6.23176 5.35592e-15
1793 6.23176 5.35592e-15
1794 6.23176 5.35592e-15
1795 6.23176 5.35592e-15
1796 6.23176 5.35592e-15
1797 6.23176 5.35592e-15
1798 6.23176 5.35592e-15
1799 6.23176 5.35592e-15
1800 6.23176 5.35592e-15
1801 6.23176 5.35592e-15
1802 6.23176 5.35592e-15
1803 6.23176 5.35592e-15
1804 6.23176 5.35592e-15
1805 6.23176 5.35592e-15
1806 6.23176 5.35592e-15
1807 6.23176 5.35592e-15
1808 6.23176 5.35592e-15
1809 6.23176 5.35592e-15
1810 6.23176 5.35592e-15
1811 6.23176 5.35592e-15
1812 6.23176 5.35592e-15
1813 6.23176 5.35592e-15
1814 6.23176 5.35592e-15
1815 6.23176 5.35592e-15
1816 6.23176 5.35592e-15
1817 6.23176 5.35592e-15
1818 6.23176 5.35592e-15
1819 6.23176 5.35592e-15
1820 6.23176 5.35592e-15
1821 6.23176 5.35592e-15
1822 6.23176 5.35592e-15
1823 6.23176 5.35592e-15
1824 6.23176 5.35592e-15
1825 6.23176 5.35592e-15
1826 6.23176 5.35592e-15
1827 6.23176 5.35592e-15
1828 6.23176 5.35592e-15
1829 6.23176 5.35592e-15
1830 6.23176 5.35592e-15
1831 6.23176 5.35592e-15
1832 6.23176 5.35592e-15
1833 6.23176 5.35592e-15
1834 6.23176 5.35592e-15
1835 6.23176 5.35592e-15
1836 6.23176 5.35592e-15
1837 6.23176 5.35592e-15
1838 6.23176 5.35592e-15
1839 6.23176 5.35592e-15
1840 6.23176 5.35592e-15
1841 6.23176 5.35592e-15
1842 6.23176 5.35592e-15
1843 6.23176 5.35592e-15
1844 6.23176 5.35592e-15
1845 6.23176 5.35592e-15
1846 6.23176 5.35592e-15
1847 6.23176 5.35592e-15
1848 6.23176 5.35592e-15
1849 6.23176 5.35592e-15
1850 6.23176 5.35592e-15
1851 6.23176 5.35592e-15
1852 6.23176 5.35592e-15
1853 6.23176 5.35592e-15
1854 6.23176 5.35592e-15
1855 6.23176 5.35592e-15
1856 6.23176 5.35592e-15
1857 6.23176 5.35592e-15
1858 6.23176 5.35592e-15
1859 6.23176 5.35592e-15
1860 6.23176 5.35592e-15
1861 6.23176 5.35592e-15
1862 6.23176 5.35592e-15
1863 6.23176 5.35592e-15
1864 6.23176 5.35592e-15
1865 6.23176 5.35592e-15
1866 6.23176 5.35592e-15
1867 6.23176 5.35592e-15
1868 6.23176 5.35592e-15
1869 6.23176 5.35592e-15
1870 6.23176 5.35592e-15
1871 6.23176 5.35592e-15
1872 6.23176 5.35592e-15
1873 6.23176 5.35592e-15
1874 6.23176 5.35592e-15
1875 6.23176 5.35592e-15
1876 6.23176 5.35592e-15
1877 6.23176 5.35592e-15
1878 6.23176 5.35592e-15
1879 6.23176 5.35592e-15
1880 6.23176 5.35592e-15
1881 6.23176 5.35592e-15
1882 6.23176 5.35592e-15
1883 6.23176 5.35592e-15
1884 6.23176 5.35592e-15
1885 6.23176 5.35592e-15
1886 6.23176 5.35592e-15
1887 6.23176 5.35592e-15
1888 6.23176 5.35592e-15
1889 6.23176 5.35592e-15
1890 6.23176 5.35592e-15
1891 6.23176 5.35592e-15
1892 6.23176 5.35592e-15
1893 6.23176 5.35592e-15
1894 6.23176 5.35592e-15
1895 6.23176 5.35592e-15
1896 6.23176 5.35592e-15
1897 6.23176 5.35592e-15
1898 6.23176 5.35592e-15
1899 6.23176 5.35592e-15
1900 6.23176 5.35592e-15
1901 6.23176 5.35592e-15
1902 6.23176 5.35592e-15
1903 6.23176 5.35592e-15
1904 6.23176 5.35592e-15
1905 6.23176 5.35592e-15
1906 6.23176 5.35592e-15
1907 6.23176 5.35592e-15
1908 6.23176 5.35592e-15
1909 6.23176 5.35592e-15
1910 6.23176 5.35592e-15
1911 6.23176 5.35592e-15
1912 6.23176 5.35592e-15
1913 6.23176 5.35592e-15
1914 6.23176 5.35592e-15
1915 6.23176 5.35592e-15
1916 6.23176 5.35592e-15
1917 6.23176 5.35592e-15
1918 6.23176 5.35592e-15
1919 6.23176 5.35592e-15
1920 6.23176 5.35592e-15
1921 6.23176 5.35592e-15
1922 6.23176 5.35592e-15
1923 6.23176 5.35592e-15
1924 6.23176 5.35592e-15
1925 6.23176 5.35592e-15
1926 6.23176 5.35592e-15
1927 6.23176 5.35592e-15
1928 6.23176 5.35592e-15
1929 6.23176 5.35592e-15
1930 6.23176 5.35592e-15
1931 6.23176 5.35592e-15
1932 6.23176 5.35592e-15
1933 6.23176 5.35592e-15
1934 6.23176 5.35592e-15
1935 6.23176 5.35592e-15
1936 6.23176 5.35592e-15
1937 6.23176 5.35592e-15
1938 6.23176 5.35592e-15
1939 6.23176 5.35592e-15
1940 6.23176 5.35592e-15
1941 6.23176 5.35592e-15
1942 6.23176 5.35592e-15
1943 6.23176 5.35592e-15
1944 6.23176 5.35592e-15
1945 6.23176 5.35592e-15
1946 6.23176 5.35592e-15
1947 6.23176 5.35592e-15
1948 6.23176 5.35592e-15
1949 6.23176 5.35592e-15
1950 6.23176 5.35592e-15
1951 6.23176 5.35592e-15
1952 6.23176 5.35592e-15
1953 6.23176 5.35592e-15
1954 6.23176 5.35592e-15
1955 6.23176 5.35592e-15
1956 6.23176 5.35592e-15
1957 6.23176 5.35592e-15
1958 6.23176 5.35592e-15
1959 6.23176 5.35592e-15
1960 6.23176 5.35592e-15
1961 6.23176 5.35592e-15
1962 6.23176 5.35592e-15
1963 6.23176 5.35592e-15
1964 6.23176 5.35592e-15
1965 6.23176 5.35592e-15
1966 6.23176 5.35592e-15
1967 6.23176 5.35592e-15
1968 6.23176 5.35592e-15
1969 6.23176 5.35592e-15
1970 6.23176 5.35592e-15
1971 6.23176 5.35592e-15
1972 6.23176 5.35592e-15
1973 6.23176 5.35592e-15
1974 6.23176 5.35592e-15
1975 6.23176 5.35592e-15
1976 6.23176 5.35592e-15
1977 6.23176 5.35592e-15
1978 6.23176 5.35592e-15
1979 6.23176 5.35592e-15
1980 6.23176 5.35592e-15
1981 6.23176 5.35592e-15
1982 6.23176 5.35592e-15
1983 6.23176 5.35592e-15
1984 6.23176 5.35592e-15
1985 6.23176 5.35592e-15
1986 6.23176 5.35592e-15
1987 6.23176 5.35592e-15
1988 6.23176 5.35592e-15
1989 6.23176 5.35592e-15
1990 6.23176 5.35592e-15
1991 6.23176 5.35592e-15
1992 6.23176 5.35592e-15
1993 6.23176 5.35592e-15
1994 6.23176 5.35592e-15
1995 6.23176 5.35592e-15
1996 6.23176 5.35592e-15
1997 6.23176 5.35592e-15
1998 6.23176 5.35592e-15
1999 6.23176 5.35592e-15
2000 6.23176 5.35592e-15
