1 30.5191 1.80395
2 28.0635 1.23682
3 27.0538 0.404516
4 26.6132 0.561683
5 25.9869 0.613131
6 25.3094 0.402624
7 24.9112 0.18471
8 24.8144 0.219365
9 24.4726 0.449125
10 23.9619 0.539456
11 23.4645 0.52401
12 23.1047 0.474928
13 22.5607 0.603717
14 21.8861 0.684973
15 21.3909 0.439474
16 21.0885 0.265427
17 20.7812 0.391143
18 20.4341 0.204592
19 20.3309 0.0864279
20 20.2621 0.136472
21 20.1933 0.142939
22 20.1372 0.13632
23 20.0162 0.0966312
24 19.8328 0.232583
25 19.6003 0.401978
26 19.1267 0.417469
27 18.6786 0.327559
28 18.371 0.343696
29 18.1478 0.256328
30 18.0229 0.0349213
31 17.9939 0.109745
32 17.8429 0.246622
33 17.6695 0.283555
34 17.4145 0.157526
35 17.3064 0.0480213
36 17.2601 0.0618748
37 17.2047 0.0704506
38 17.1412 0.0499941
39 17.1105 0.0818836
40 17.0235 0.25863
41 16.7924 0.391687
42 16.5209 0.346107
43 16.277 0.0623586
44 16.233 0.0915282
45 16.1577 0.112312
46 16.0554 0.178773
47 15.9462 0.279777
48 15.7435 0.321405
49 15.4682 0.089245
50 15.4528 0.00482042
51 15.4499 0.0123611
52 15.4336 0.0624902
53 15.3607 0.158714
54 15.1842 0.209534
55 15.0589 0.162708
56 14.9736 0.0292403
57 14.9282 0.108097
58 14.8141 0.167654
59 14.6191 0.275152
60 14.2867 0.368651
61 14.0193 0.235083
62 13.8886 0.19013
63 13.7056 0.317727
64 13.5592 0.32558
65 13.3321 0.169755
66 13.2743 0.0132134
67 13.2477 0.107671
68 13.1794 0.250625
69 12.8304 0.499467
70 12.4875 0.449428
71 12.1963 0.0123224
72 12.1803 0.0429724
73 12.1289 0.0921086
74 12.0159 0.169693
75 11.8724 0.214095
76 11.6202 0.191394
77 11.4715 0.283879
78 11.2913 0.291481
79 11.0691 2.14237e-14
80 11.0691 2.14237e-14
81 11.0691 2.14237e-14
82 11.0691 2.14237e-14
83 11.0691 2.14237e-14
84 11.0691 2.14237e-14
85 11.0691 2.14237e-14
86 11.0691 2.14237e-14
87 11.0691 2.14237e-14
88 11.0678 0.0123224
89 11.0518 0.0429724
90 11.016 0.0612547
91 10.9741 0.0519924
92 10.9553 0.0388957
93 10.9165 0.0608152
94 10.8394 0.0716965
95 10.7916 1.07118e-14
96 10.7916 1.07118e-14
97 10.7916 1.07118e-14
98 10.7916 1.07118e-14
99 10.7916 1.07118e-14
100 10.7916 1.07118e-14
101 10.7916 1.07118e-14
102 10.7916 1.07118e-14
103 10.7916 1.07118e-14
104 10.7916 1.07118e-14
105 10.7916 1.07118e-14
106 10.7916 1.07118e-14
107 10.7916 1.07118e-14
108 10.7916 1.07118e-14
109 10.7916 1.07118e-14
110 10.7916 1.07118e-14
111 10.7916 1.07118e-14
112 10.7916 1.07118e-14
113 10.7916 1.07118e-14
114 10.7916 1.07118e-14
115 10.7916 1.07118e-14
116 10.7916 1.07118e-14
117 10.7916 1.07118e-14
118 10.7916 1.07118e-14
119 10.7916 1.07118e-14
120 10.7916 1.07118e-14
121 10.7916 1.07118e-14
122 10.7916 1.07118e-14
123 10.7916 1.07118e-14
124 10.7916 1.07118e-14
125 10.7916 1.07118e-14
126 10.7916 1.07118e-14
127 10.7916 1.07118e-14
128 10.7916 1.07118e-14
129 10.7916 1.07118e-14
130 10.7916 1.07118e-14
131 10.7916 1.07118e-14
132 10.7916 1.07118e-14
133 10.7916 1.07118e-14
134 10.7916 1.07118e-14
135 10.7916 1.07118e-14
136 10.7916 1.07118e-14
137 10.7916 1.07118e-14
138 10.7916 1.07118e-14
139 10.7916 1.07118e-14
140 10.7916 1.07118e-14
141 10.7916 1.07118e-14
142 10.7916 1.07118e-14
143 10.7916 1.07118e-14
144 10.7916 1.07118e-14
145 10.7916 1.07118e-14
146 10.7916 1.07118e-14
147 10.7916 1.07118e-14
148 10.7916 1.07118e-14
149 10.7916 1.07118e-14
150 10.7916 1.07118e-14
151 10.7916 1.07118e-14
152 10.7916 1.07118e-14
153 10.7916 1.07118e-14
154 10.7916 1.07118e-14
155 10.7896 0.0196332
156 10.7641 0.0684678
157 10.6876 0.0984827
158 10.609 0.0503459
159 10.5953 1.60678e-14
160 10.5953 1.60678e-14
161 10.5953 1.60678e-14
162 10.5953 1.60678e-14
163 10.5953 1.60678e-14
164 10.5953 1.60678e-14
165 10.5953 1.60678e-14
166 10.5953 1.60678e-14
167 10.5953 1.60678e-14
168 10.5953 1.60678e-14
169 10.5953 1.60678e-14
170 10.5953 1.60678e-14
171 10.5953 1.60678e-14
172 10.5953 1.60678e-14
173 10.5953 1.60678e-14
174 10.5953 1.60678e-14
175 10.5953 1.60678e-14
176 10.5953 1.60678e-14
177 10.5953 1.60678e-14
178 10.5953 1.60678e-14
179 10.5953 1.60678e-14
180 10.5945 0.00819661
181 10.5789 0.0329516
182 10.5543 0.0411895
183 10.5322 0.0346678
184 10.5133 2.85649e-14
185 10.5133 2.85649e-14
186 10.5133 2.85649e-14
187 10.5133 2.85649e-14
188 10.5133 2.85649e-14
189 10.5133 2.85649e-14
190 10.5133 2.85649e-14
191 10.5133 2.85649e-14
192 10.5133 2.85649e-14
193 10.5133 2.85649e-14
194 10.5133 2.85649e-14
195 10.5133 2.85649e-14
196 10.5133 2.85649e-14
197 10.5133 2.85649e-14
198 10.5133 2.85649e-14
199 10.5133 2.85649e-14
200 10.5133 2.85649e-14
201 10.5133 2.85649e-14
202 10.5133 2.85649e-14
203 10.5133 2.85649e-14
204 10.5133 2.85649e-14
205 10.5133 2.85649e-14
206 10.5133 2.85649e-14
207 10.5133 2.85649e-14
208 10.5133 2.85649e-14
209 10.5133 2.85649e-14
210 10.5132 0.000908031
211 10.5122 0.00296562
212 10.5103 0.00429119
213 10.5088 0.00456303
214 10.506 0.00358016
215 10.5042 1.78531e-14
216 10.5042 1.78531e-14
217 10.5042 1.78531e-14
218 10.5042 1.78531e-14
219 10.5042 1.78531e-14
220 10.504 0.0025544
221 10.5007 0.00890807
222 10.4927 0.012772
223 10.4856 0.0113976
224 10.4787 8.92653e-15
225 10.4787 8.92653e-15
226 10.4787 8.92653e-15
227 10.4787 8.92653e-15
228 10.4787 8.92653e-15
229 10.4787 8.92653e-15
230 10.4787 8.92653e-15
231 10.4787 8.92653e-15
232 10.4787 8.92653e-15
233 10.4787 8.92653e-15
234 10.4787 8.92653e-15
235 10.4787 8.92653e-15
236 10.4787 8.92653e-15
237 10.4787 8.92653e-15
238 10.4787 8.92653e-15
239 10.4787 8.92653e-15
240 10.4787 8.92653e-15
241 10.4787 8.92653e-15
242 10.4787 8.92653e-15
243 10.4787 8.92653e-15
244 10.4787 8.92653e-15
245 10.4787 8.92653e-15
246 10.4787 8.92653e-15
247 10.4787 8.92653e-15
248 10.4787 8.92653e-15
249 10.4786 0.00074565
250 10.4781 0.00203309
251 10.476 0.00359715
252 10.4732 0.00332706
253 10.4712 1.07118e-14
254 10.4712 1.07118e-14
255 10.4712 1.07118e-14
256 10.4712 1.07118e-14
257 10.4712 1.07118e-14
258 10.4712 1.07118e-14
259 10.4712 1.07118e-14
260 10.4712 1.07118e-14
261 10.4712 1.07118e-14
262 10.4712 1.07118e-14
263 10.4712 1.07118e-14
264 10.471 0.00192704
265 10.4685 0.00672026
266 10.4641 0.00935069
267 10.4545 0.00651334
268 10.452 1.24971e-14
269 10.452 1.24971e-14
270 10.452 1.24971e-14
271 10.452 1.24971e-14
272 10.452 1.24971e-14
273 10.452 1.24971e-14
274 10.452 1.24971e-14
275 10.452 1.24971e-14
276 10.452 1.24971e-14
277 10.452 1.24971e-14
278 10.452 1.24971e-14
279 10.452 1.24971e-14
280 10.452 1.24971e-14
281 10.452 1.24971e-14
282 10.452 1.24971e-14
283 10.452 1.24971e-14
284 10.452 1.24971e-14
285 10.452 1.24971e-14
286 10.452 1.24971e-14
287 10.452 1.24971e-14
288 10.452 1.24971e-14
289 10.452 1.24971e-14
290 10.452 1.24971e-14
291 10.452 1.24971e-14
292 10.452 1.24971e-14
293 10.452 1.24971e-14
294 10.452 1.24971e-14
295 10.452 1.24971e-14
296 10.452 1.24971e-14
297 10.452 1.24971e-14
298 10.452 1.24971e-14
299 10.452 1.24971e-14
300 10.452 1.24971e-14
301 10.452 1.24971e-14
302 10.452 1.24971e-14
303 10.452 1.24971e-14
304 10.452 1.24971e-14
305 10.452 1.24971e-14
306 10.452 1.24971e-14
307 10.452 1.24971e-14
308 10.452 1.24971e-14
309 10.452 1.24971e-14
310 10.452 1.24971e-14
311 10.452 1.24971e-14
312 10.452 1.24971e-14
313 10.452 1.24971e-14
314 10.452 1.24971e-14
315 10.452 1.24971e-14
316 10.452 1.24971e-14
317 10.452 1.24971e-14
318 10.452 1.24971e-14
319 10.452 1.24971e-14
320 10.452 1.24971e-14
321 10.452 1.24971e-14
322 10.452 1.24971e-14
323 10.452 1.24971e-14
324 10.452 1.24971e-14
325 10.452 1.24971e-14
326 10.452 1.24971e-14
327 10.452 1.24971e-14
328 10.452 1.24971e-14
329 10.452 1.24971e-14
330 10.452 1.24971e-14
331 10.452 1.24971e-14
332 10.452 1.24971e-14
333 10.452 1.24971e-14
334 10.452 1.24971e-14
335 10.452 1.24971e-14
336 10.452 1.24971e-14
337 10.452 1.24971e-14
338 10.452 1.24971e-14
339 10.452 1.24971e-14
340 10.452 1.24971e-14
341 10.452 1.24971e-14
342 10.452 1.24971e-14
343 10.452 1.24971e-14
344 10.452 1.24971e-14
345 10.452 1.24971e-14
346 10.452 1.24971e-14
347 10.452 1.24971e-14
348 10.452 1.24971e-14
349 10.452 1.24971e-14
350 10.452 1.24971e-14
351 10.452 1.24971e-14
352 10.452 1.24971e-14
353 10.452 1.24971e-14
354 10.452 1.24971e-14
355 10.452 1.24971e-14
356 10.452 1.24971e-14
357 10.452 1.24971e-14
358 10.452 1.24971e-14
359 10.452 1.24971e-14
360 10.452 1.24971e-14
361 10.452 1.24971e-14
362 10.452 1.24971e-14
363 10.452 1.24971e-14
364 10.452 1.24971e-14
365 10.452 1.24971e-14
366 10.452 1.24971e-14
367 10.452 1.24971e-14
368 10.452 1.24971e-14
369 10.452 1.24971e-14
370 10.452 1.24971e-14
371 10.452 1.24971e-14
372 10.452 1.24971e-14
373 10.452 1.24971e-14
374 10.452 1.24971e-14
375 10.452 1.24971e-14
376 10.452 1.24971e-14
377 10.452 1.24971e-14
378 10.452 1.24971e-14
379 10.452 1.24971e-14
380 10.452 1.24971e-14
381 10.452 1.24971e-14
382 10.452 1.24971e-14
383 10.452 1.24971e-14
384 10.452 1.24971e-14
385 10.452 1.24971e-14
386 10.452 1.24971e-14
387 10.452 1.24971e-14
388 10.452 1.24971e-14
389 10.452 1.24971e-14
390 10.452 1.24971e-14
391 10.452 1.24971e-14
392 10.452 1.24971e-14
393 10.452 1.24971e-14
394 10.452 1.24971e-14
395 10.452 1.24971e-14
396 10.452 1.24971e-14
397 10.452 1.24971e-14
398 10.452 1.24971e-14
399 10.452 1.24971e-14
400 10.452 1.24971e-14
401 10.452 1.24971e-14
402 10.452 1.24971e-14
403 10.452 1.24971e-14
404 10.452 1.24971e-14
405 10.452 1.24971e-14
406 10.452 1.24971e-14
407 10.452 1.24971e-14
408 10.452 1.24971e-14
409 10.452 1.24971e-14
410 10.452 1.24971e-14
411 10.452 1.24971e-14
412 10.452 1.24971e-14
413 10.452 1.24971e-14
414 10.452 1.24971e-14
415 10.452 1.24971e-14
416 10.452 1.24971e-14
417 10.452 1.24971e-14
418 10.452 1.24971e-14
419 10.452 1.24971e-14
420 10.452 1.24971e-14
421 10.452 1.24971e-14
422 10.452 1.24971e-14
423 10.452 1.24971e-14
424 10.452 1.24971e-14
425 10.452 1.24971e-14
426 10.452 1.24971e-14
427 10.452 1.24971e-14
428 10.452 1.24971e-14
429 10.452 1.24971e-14
430 10.452 1.24971e-14
431 10.452 1.24971e-14
432 10.452 1.24971e-14
433 10.452 1.24971e-14
434 10.452 1.24971e-14
435 10.452 1.24971e-14
436 10.452 1.24971e-14
437 10.452 1.24971e-14
438 10.452 1.24971e-14
439 10.452 1.24971e-14
440 10.452 1.24971e-14
441 10.452 1.24971e-14
442 10.452 1.24971e-14
443 10.452 1.24971e-14
444 10.452 1.24971e-14
445 10.452 1.24971e-14
446 10.452 1.24971e-14
447 10.452 1.24971e-14
448 10.452 1.24971e-14
449 10.452 1.24971e-14
450 10.452 1.24971e-14
451 10.452 1.24971e-14
452 10.452 1.24971e-14
453 10.452 1.24971e-14
454 10.452 1.24971e-14
455 10.452 1.24971e-14
456 10.452 1.24971e-14
457 10.452 1.24971e-14
458 10.452 1.24971e-14
459 10.452 1.24971e-14
460 10.452 1.24971e-14
461 10.452 1.24971e-14
462 10.452 1.24971e-14
463 10.452 1.24971e-14
464 10.452 1.24971e-14
465 10.452 1.24971e-14
466 10.452 1.24971e-14
467 10.452 1.24971e-14
468 10.452 1.24971e-14
469 10.452 1.24971e-14
470 10.452 1.24971e-14
471 10.452 1.24971e-14
472 10.452 1.24971e-14
473 10.452 1.24971e-14
474 10.452 1.24971e-14
475 10.452 1.24971e-14
476 10.452 1.24971e-14
477 10.452 1.24971e-14
478 10.452 1.24971e-14
479 10.452 1.24971e-14
480 10.452 1.24971e-14
481 10.452 1.24971e-14
482 10.452 1.24971e-14
483 10.452 1.24971e-14
484 10.452 1.24971e-14
485 10.452 1.24971e-14
486 10.452 1.24971e-14
487 10.452 1.24971e-14
488 10.452 1.24971e-14
489 10.452 1.24971e-14
490 10.452 1.24971e-14
491 10.452 1.24971e-14
492 10.452 1.24971e-14
493 10.452 1.24971e-14
494 10.452 1.24971e-14
495 10.452 1.24971e-14
496 10.452 1.24971e-14
497 10.452 1.24971e-14
498 10.452 1.24971e-14
499 10.452 1.24971e-14
500 10.452 1.24971e-14
501 10.452 1.24971e-14
502 10.452 1.24971e-14
503 10.452 1.24971e-14
504 10.452 1.24971e-14
505 10.452 1.24971e-14
506 10.452 1.24971e-14
507 10.452 1.24971e-14
508 10.452 1.24971e-14
509 10.452 1.24971e-14
510 10.452 1.24971e-14
511 10.452 1.24971e-14
512 10.452 1.24971e-14
513 10.452 1.24971e-14
514 10.452 1.24971e-14
515 10.452 1.24971e-14
516 10.452 1.24971e-14
517 10.452 1.24971e-14
518 10.452 1.24971e-14
519 10.452 1.24971e-14
520 10.452 1.24971e-14
521 10.452 1.24971e-14
522 10.452 1.24971e-14
523 10.452 1.24971e-14
524 10.452 1.24971e-14
525 10.452 1.24971e-14
526 10.452 1.24971e-14
527 10.452 1.24971e-14
528 10.452 1.24971e-14
529 10.452 1.24971e-14
530 10.452 1.24971e-14
531 10.452 1.24971e-14
532 10.452 1.24971e-14
533 10.452 1.24971e-14
534 10.452 1.24971e-14
535 10.452 1.24971e-14
536 10.452 1.24971e-14
537 10.452 1.24971e-14
538 10.452 1.24971e-14
539 10.452 1.24971e-14
540 10.452 1.24971e-14
541 10.452 1.24971e-14
542 10.452 1.24971e-14
543 10.452 1.24971e-14
544 10.452 1.24971e-14
545 10.452 1.24971e-14
546 10.452 1.24971e-14
547 10.452 1.24971e-14
548 10.452 1.24971e-14
549 10.452 1.24971e-14
550 10.452 1.24971e-14
551 10.452 1.24971e-14
552 10.452 1.24971e-14
553 10.452 1.24971e-14
554 10.452 1.24971e-14
555 10.452 1.24971e-14
556 10.452 1.24971e-14
557 10.452 1.24971e-14
558 10.452 1.24971e-14
559 10.452 1.24971e-14
560 10.452 1.24971e-14
561 10.4503 0.0161914
562 10.4325 0.0528807
563 10.3548 0.0797207
564 10.2936 0.0230053
565 10.29 8.92653e-15
566 10.29 8.92653e-15
567 10.29 8.92653e-15
568 10.29 8.92653e-15
569 10.29 8.92653e-15
570 10.29 8.92653e-15
571 10.29 8.92653e-15
572 10.29 8.92653e-15
573 10.29 8.92653e-15
574 10.29 8.92653e-15
575 10.29 8.92653e-15
576 10.29 8.92653e-15
577 10.29 8.92653e-15
578 10.29 8.92653e-15
579 10.29 8.92653e-15
580 10.29 8.92653e-15
581 10.29 8.92653e-15
582 10.29 8.92653e-15
583 10.29 8.92653e-15
584 10.29 8.92653e-15
585 10.29 8.92653e-15
586 10.29 8.92653e-15
587 10.29 8.92653e-15
588 10.29 8.92653e-15
589 10.29 8.92653e-15
590 10.29 8.92653e-15
591 10.29 8.92653e-15
592 10.29 8.92653e-15
593 10.29 8.92653e-15
594 10.29 8.92653e-15
595 10.29 8.92653e-15
596 10.29 8.92653e-15
597 10.29 8.92653e-15
598 10.29 8.92653e-15
599 10.29 8.92653e-15
600 10.29 8.92653e-15
601 10.29 8.92653e-15
602 10.29 8.92653e-15
603 10.29 8.92653e-15
604 10.29 8.92653e-15
605 10.29 8.92653e-15
606 10.29 8.92653e-15
607 10.2884 0.0161329
608 10.2691 0.0545288
609 10.1948 0.0797169
610 10.1287 1.96384e-14
611 10.1287 1.96384e-14
612 10.1287 1.96384e-14
613 10.1287 1.96384e-14
614 10.1287 1.96384e-14
615 10.1287 1.96384e-14
616 10.1287 1.96384e-14
617 10.1283 0.00405348
618 10.1226 0.0145467
619 10.1064 0.0202674
620 10.0943 0.0145467
621 10.0882 3.57061e-15
622 10.0882 3.57061e-15
623 10.0882 3.57061e-15
624 10.0882 3.57061e-15
625 10.0882 3.57061e-15
626 10.0882 3.57061e-15
627 10.0882 3.57061e-15
628 10.0882 3.57061e-15
629 10.0882 3.57061e-15
630 10.0882 3.57061e-15
631 10.0882 3.57061e-15
632 10.0882 3.57061e-15
633 10.0882 3.57061e-15
634 10.0882 3.57061e-15
635 10.0882 3.57061e-15
636 10.0882 3.57061e-15
637 10.0882 3.57061e-15
638 10.0882 3.57061e-15
639 10.0882 3.57061e-15
640 10.0882 3.57061e-15
641 10.0882 3.57061e-15
642 10.0882 3.57061e-15
643 10.0882 3.57061e-15
644 10.0882 3.57061e-15
645 10.0882 3.57061e-15
646 10.0882 3.57061e-15
647 10.0882 3.57061e-15
648 10.0882 3.57061e-15
649 10.0882 3.57061e-15
650 10.0882 3.57061e-15
651 10.0882 3.57061e-15
652 10.0882 3.57061e-15
653 10.0882 3.57061e-15
654 10.0882 3.57061e-15
655 10.0882 3.57061e-15
656 10.0882 3.57061e-15
657 10.0882 3.57061e-15
658 10.0882 3.57061e-15
659 10.0882 3.57061e-15
660 10.0882 3.57061e-15
661 10.0882 3.57061e-15
662 10.0882 3.57061e-15
663 10.0882 3.57061e-15
664 10.0882 3.57061e-15
665 10.0882 3.57061e-15
666 10.0882 3.57061e-15
667 10.0882 3.57061e-15
668 10.0882 3.57061e-15
669 10.0882 3.57061e-15
670 10.0882 3.57061e-15
671 10.0882 3.57061e-15
672 10.0882 3.57061e-15
673 10.0882 3.57061e-15
674 10.0882 3.57061e-15
675 10.0882 3.57061e-15
676 10.0882 3.57061e-15
677 10.0882 3.57061e-15
678 10.0882 3.57061e-15
679 10.0882 3.57061e-15
680 10.0882 3.57061e-15
681 10.0882 3.57061e-15
682 10.0882 3.57061e-15
683 10.0882 3.57061e-15
684 10.0882 3.57061e-15
685 10.0882 3.57061e-15
686 10.0882 3.57061e-15
687 10.0882 3.57061e-15
688 10.0882 3.57061e-15
689 10.0882 3.57061e-15
690 10.0882 3.57061e-15
691 10.0882 3.57061e-15
692 10.0882 3.57061e-15
693 10.0882 3.57061e-15
694 10.0882 3.57061e-15
695 10.0882 3.57061e-15
696 10.0882 3.57061e-15
697 10.0882 3.57061e-15
698 10.0882 3.57061e-15
699 10.0882 3.57061e-15
700 10.0882 3.57061e-15
701 10.0882 3.57061e-15
702 10.0882 3.57061e-15
703 10.0882 3.57061e-15
704 10.0882 3.57061e-15
705 10.0882 3.57061e-15
706 10.0882 3.57061e-15
707 10.0882 3.57061e-15
708 10.0882 3.57061e-15
709 10.0882 3.57061e-15
710 10.0882 3.57061e-15
711 10.0882 3.57061e-15
712 10.0882 3.57061e-15
713 10.0882 3.57061e-15
714 10.0882 3.57061e-15
715 10.0882 3.57061e-15
716 10.0882 3.57061e-15
717 10.0882 3.57061e-15
718 10.0882 3.57061e-15
719 10.0882 3.57061e-15
720 10.0882 3.57061e-15
721 10.0882 3.57061e-15
722 10.0882 3.57061e-15
723 10.0882 3.57061e-15
724 10.0882 3.57061e-15
725 10.0882 3.57061e-15
726 10.0882 3.57061e-15
727 10.0882 3.57061e-15
728 10.0882 3.57061e-15
729 10.0882 3.57061e-15
730 10.0882 3.57061e-15
731 10.0882 3.57061e-15
732 10.0882 3.57061e-15
733 10.0882 3.57061e-15
734 10.0882 3.57061e-15
735 10.0882 3.57061e-15
736 10.0882 3.57061e-15
737 10.0882 3.57061e-15
738 10.0882 3.57061e-15
739 10.0882 3.57061e-15
740 10.0882 3.57061e-15
741 10.0882 3.57061e-15
742 10.0882 3.57061e-15
743 10.0882 3.57061e-15
744 10.0882 3.57061e-15
745 10.0882 3.57061e-15
746 10.0882 3.57061e-15
747 10.0882 3.57061e-15
748 10.0882 3.57061e-15
749 10.0882 3.57061e-15
750 10.0882 3.57061e-15
751 10.0882 3.57061e-15
752 10.0882 3.57061e-15
753 10.0882 3.57061e-15
754 10.0882 3.57061e-15
755 10.0882 3.57061e-15
756 10.0882 3.57061e-15
757 10.0882 3.57061e-15
758 10.0882 3.57061e-15
759 10.0882 3.57061e-15
760 10.0882 3.57061e-15
761 10.0882 3.57061e-15
762 10.0882 3.57061e-15
763 10.0882 3.57061e-15
764 10.0882 3.57061e-15
765 10.0882 3.57061e-15
766 10.0882 3.57061e-15
767 10.0882 3.57061e-15
768 10.0882 3.57061e-15
769 10.0882 3.57061e-15
770 10.0882 3.57061e-15
771 10.0882 3.57061e-15
772 10.0882 3.57061e-15
773 10.0882 3.57061e-15
774 10.0882 3.57061e-15
775 10.0882 3.57061e-15
776 10.0882 3.57061e-15
777 10.0882 3.57061e-15
778 10.0882 3.57061e-15
779 10.0882 3.57061e-15
780 10.0882 3.57061e-15
781 10.0882 3.57061e-15
782 10.0882 3.57061e-15
783 10.0882 3.57061e-15
784 10.0882 3.57061e-15
785 10.0882 3.57061e-15
786 10.0882 3.57061e-15
787 10.0882 3.57061e-15
788 10.0882 3.57061e-15
789 10.0882 3.57061e-15
790 10.0882 3.57061e-15
791 10.0882 3.57061e-15
792 10.0882 3.57061e-15
793 10.0882 3.57061e-15
794 10.0882 3.57061e-15
795 10.0882 3.57061e-15
796 10.0882 3.57061e-15
797 10.0882 3.57061e-15
798 10.0882 3.57061e-15
799 10.0882 3.57061e-15
800 10.0882 3.57061e-15
801 10.0882 3.57061e-15
802 10.0882 3.57061e-15
803 10.0882 3.57061e-15
804 10.0882 3.57061e-15
805 10.0882 3.57061e-15
806 10.0882 3.57061e-15
807 10.0882 3.57061e-15
808 10.0882 3.57061e-15
809 10.0882 3.57061e-15
810 10.0882 3.57061e-15
811 10.0882 3.57061e-15
812 10.0882 3.57061e-15
813 10.0882 3.57061e-15
814 10.0882 3.57061e-15
815 10.0882 3.57061e-15
816 10.0882 3.57061e-15
817 10.0882 3.57061e-15
818 10.0882 3.57061e-15
819 10.0882 3.57061e-15
820 10.0882 3.57061e-15
821 10.0882 3.57061e-15
822 10.0882 3.57061e-15
823 10.0882 3.57061e-15
824 10.0882 3.57061e-15
825 10.0882 3.57061e-15
826 10.0882 3.57061e-15
827 10.0882 3.57061e-15
828 10.0882 3.57061e-15
829 10.0882 3.57061e-15
830 10.0882 3.57061e-15
831 10.0882 3.57061e-15
832 10.0882 3.57061e-15
833 10.0882 3.57061e-15
834 10.0882 3.57061e-15
835 10.0882 3.57061e-15
836 10.0882 3.57061e-15
837 10.0882 3.57061e-15
838 10.0882 3.57061e-15
839 10.0882 3.57061e-15
840 10.0882 3.57061e-15
841 10.0882 3.57061e-15
842 10.0882 3.57061e-15
843 10.0882 3.57061e-15
844 10.0882 3.57061e-15
845 10.0882 3.57061e-15
846 10.0882 3.57061e-15
847 10.0882 3.57061e-15
848 10.0882 3.57061e-15
849 10.0882 3.57061e-15
850 10.0882 3.57061e-15
851 10.0882 3.57061e-15
852 10.0882 3.57061e-15
853 10.0882 3.57061e-15
854 10.0882 3.57061e-15
855 10.0882 3.57061e-15
856 10.0882 3.57061e-15
857 10.0882 3.57061e-15
858 10.0882 3.57061e-15
859 10.0882 3.57061e-15
860 10.0882 3.57061e-15
861 10.0882 3.57061e-15
862 10.0882 3.57061e-15
863 10.0882 3.57061e-15
864 10.0882 3.57061e-15
865 10.0882 3.57061e-15
866 10.0882 3.57061e-15
867 10.0882 3.57061e-15
868 10.0882 3.57061e-15
869 10.0882 3.57061e-15
870 10.0882 3.57061e-15
871 10.0882 3.57061e-15
872 10.0882 3.57061e-15
873 10.0882 3.57061e-15
874 10.0882 3.57061e-15
875 10.0882 3.57061e-15
876 10.0882 3.57061e-15
877 10.0882 3.57061e-15
878 10.0882 3.57061e-15
879 10.0882 3.57061e-15
880 10.0882 3.57061e-15
881 10.0882 3.57061e-15
882 10.0882 3.57061e-15
883 10.0882 3.57061e-15
884 10.0882 3.57061e-15
885 10.0882 3.57061e-15
886 10.0882 3.57061e-15
887 10.0882 3.57061e-15
888 10.0882 3.57061e-15
889 10.0882 3.57061e-15
890 10.0882 3.57061e-15
891 10.0882 3.57061e-15
892 10.0882 3.57061e-15
893 10.0882 3.57061e-15
894 10.0882 3.57061e-15
895 10.0882 3.57061e-15
896 10.0882 3.57061e-15
897 10.0882 3.57061e-15
898 10.0882 3.57061e-15
899 10.0882 3.57061e-15
900 10.0882 3.57061e-15
901 10.0882 3.57061e-15
902 10.0882 3.57061e-15
903 10.0882 3.57061e-15
904 10.0882 3.57061e-15
905 10.0882 3.57061e-15
906 10.0882 3.57061e-15
907 10.0882 3.57061e-15
908 10.0882 3.57061e-15
909 10.0882 3.57061e-15
910 10.0882 3.57061e-15
911 10.0882 3.57061e-15
912 10.0882 3.57061e-15
913 10.0882 3.57061e-15
914 10.0882 3.57061e-15
915 10.0882 3.57061e-15
916 10.0882 3.57061e-15
917 10.0882 3.57061e-15
918 10.0882 3.57061e-15
919 10.0882 3.57061e-15
920 10.0882 3.57061e-15
921 10.0882 3.57061e-15
922 10.0882 3.57061e-15
923 10.0882 3.57061e-15
924 10.0882 3.57061e-15
925 10.0882 3.57061e-15
926 10.0882 3.57061e-15
927 10.0882 3.57061e-15
928 10.0882 3.57061e-15
929 10.0882 3.57061e-15
930 10.0882 3.57061e-15
931 10.0882 3.57061e-15
932 10.0882 3.57061e-15
933 10.0882 3.57061e-15
934 10.0882 3.57061e-15
935 10.0882 3.57061e-15
936 10.0882 3.57061e-15
937 10.0882 3.57061e-15
938 10.0882 3.57061e-15
939 10.0882 3.57061e-15
940 10.0882 3.57061e-15
941 10.0882 3.57061e-15
942 10.0882 3.57061e-15
943 10.0882 3.57061e-15
944 10.0882 3.57061e-15
945 10.0882 3.57061e-15
946 10.0882 3.57061e-15
947 10.0882 3.57061e-15
948 10.0882 3.57061e-15
949 10.0882 3.57061e-15
950 10.0882 3.57061e-15
951 10.0882 3.57061e-15
952 10.0882 3.57061e-15
953 10.0882 3.57061e-15
954 10.0882 3.57061e-15
955 10.0882 3.57061e-15
956 10.0882 3.57061e-15
957 10.0882 3.57061e-15
958 10.0882 3.57061e-15
959 10.0882 3.57061e-15
960 10.0882 3.57061e-15
961 10.0882 3.57061e-15
962 10.0882 3.57061e-15
963 10.0882 3.57061e-15
964 10.0882 3.57061e-15
965 10.0882 3.57061e-15
966 10.0882 3.57061e-15
967 10.0882 3.57061e-15
968 10.0882 3.57061e-15
969 10.0882 3.57061e-15
970 10.0882 3.57061e-15
971 10.0882 3.57061e-15
972 10.0882 3.57061e-15
973 10.0882 3.57061e-15
974 10.0882 3.57061e-15
975 10.0882 3.57061e-15
976 10.0882 3.57061e-15
977 10.0882 3.57061e-15
978 10.0882 3.57061e-15
979 10.0882 3.57061e-15
980 10.0882 3.57061e-15
981 10.0882 3.57061e-15
982 10.0882 3.57061e-15
983 10.0882 3.57061e-15
984 10.0882 3.57061e-15
985 10.0882 3.57061e-15
986 10.0882 3.57061e-15
987 10.0882 3.57061e-15
988 10.0882 3.57061e-15
989 10.0882 3.57061e-15
990 10.0882 3.57061e-15
991 10.0882 3.57061e-15
992 10.0882 3.57061e-15
993 10.0882 3.57061e-15
994 10.0882 3.57061e-15
995 10.0882 3.57061e-15
996 10.0882 3.57061e-15
997 10.0882 3.57061e-15
998 10.0882 3.57061e-15
999 10.0882 3.57061e-15
1000 10.0882 3.57061e-15
1001 10.0882 3.57061e-15
1002 10.0882 3.57061e-15
1003 10.0882 3.57061e-15
1004 10.0882 3.57061e-15
1005 10.0882 3.57061e-15
1006 10.0882 3.57061e-15
1007 10.0882 3.57061e-15
1008 10.0882 3.57061e-15
1009 10.0882 3.57061e-15
1010 10.0882 3.57061e-15
1011 10.0882 3.57061e-15
1012 10.0882 3.57061e-15
1013 10.0882 3.57061e-15
1014 10.0882 3.57061e-15
1015 10.0882 3.57061e-15
1016 10.0882 3.57061e-15
1017 10.0882 3.57061e-15
1018 10.0882 3.57061e-15
1019 10.0882 3.57061e-15
1020 10.0882 3.57061e-15
1021 10.0882 3.57061e-15
1022 10.0882 3.57061e-15
1023 10.0882 3.57061e-15
1024 10.0882 3.57061e-15
1025 10.0882 3.57061e-15
1026 10.0882 3.57061e-15
1027 10.0882 3.57061e-15
1028 10.0882 3.57061e-15
1029 10.0882 3.57061e-15
1030 10.0882 3.57061e-15
1031 10.0882 3.57061e-15
1032 10.0882 3.57061e-15
1033 10.0882 3.57061e-15
1034 10.0882 3.57061e-15
1035 10.0882 3.57061e-15
1036 10.0882 3.57061e-15
1037 10.0882 3.57061e-15
1038 10.0882 3.57061e-15
1039 10.0882 3.57061e-15
1040 10.0882 3.57061e-15
1041 10.0882 3.57061e-15
1042 10.0882 3.57061e-15
1043 10.0882 3.57061e-15
1044 10.0882 3.57061e-15
1045 10.0882 3.57061e-15
1046 10.0882 3.57061e-15
1047 10.0882 3.57061e-15
1048 10.0882 3.57061e-15
1049 10.0882 3.57061e-15
1050 10.0882 3.57061e-15
1051 10.0882 3.57061e-15
1052 10.0882 3.57061e-15
1053 10.0882 3.57061e-15
1054 10.0882 3.57061e-15
1055 10.0882 3.57061e-15
1056 10.0882 3.57061e-15
1057 10.0882 3.57061e-15
1058 10.0882 3.57061e-15
1059 10.0882 3.57061e-15
1060 10.0882 3.57061e-15
1061 10.0882 3.57061e-15
1062 10.0882 3.57061e-15
1063 10.0882 3.57061e-15
1064 10.0882 3.57061e-15
1065 10.0882 3.57061e-15
1066 10.0882 3.57061e-15
1067 10.0882 3.57061e-15
1068 10.0882 3.57061e-15
1069 10.0882 3.57061e-15
1070 10.0882 3.57061e-15
1071 10.0882 3.57061e-15
1072 10.0882 3.57061e-15
1073 10.0882 3.57061e-15
1074 10.0882 3.57061e-15
1075 10.0882 3.57061e-15
1076 10.0882 3.57061e-15
1077 10.0882 3.57061e-15
1078 10.0882 3.57061e-15
1079 10.0882 3.57061e-15
1080 10.0882 3.57061e-15
1081 10.0882 3.57061e-15
1082 10.0882 3.57061e-15
1083 10.0882 3.57061e-15
1084 10.0882 3.57061e-15
1085 10.0882 3.57061e-15
1086 10.0882 3.57061e-15
1087 10.0882 3.57061e-15
1088 10.0882 3.57061e-15
1089 10.0882 3.57061e-15
1090 10.0882 3.57061e-15
1091 10.0882 3.57061e-15
1092 10.0882 3.57061e-15
1093 10.0882 3.57061e-15
1094 10.0882 3.57061e-15
1095 10.0882 3.57061e-15
1096 10.0882 3.57061e-15
1097 10.0882 3.57061e-15
1098 10.0882 3.57061e-15
1099 10.0882 3.57061e-15
1100 10.0882 3.57061e-15
1101 10.0882 3.57061e-15
1102 10.0882 3.57061e-15
1103 10.0882 3.57061e-15
1104 10.0882 3.57061e-15
1105 10.0882 3.57061e-15
1106 10.0882 3.57061e-15
1107 10.0882 3.57061e-15
1108 10.0882 3.57061e-15
1109 10.0882 3.57061e-15
1110 10.0882 3.57061e-15
1111 10.0882 3.57061e-15
1112 10.0882 3.57061e-15
1113 10.0882 3.57061e-15
1114 10.0882 3.57061e-15
1115 10.0882 3.57061e-15
1116 10.0882 3.57061e-15
1117 10.0882 3.57061e-15
1118 10.0882 3.57061e-15
1119 10.0882 3.57061e-15
1120 10.0882 3.57061e-15
1121 10.0882 3.57061e-15
1122 10.0882 3.57061e-15
1123 10.0882 3.57061e-15
1124 10.0882 3.57061e-15
1125 10.0882 3.57061e-15
1126 10.0882 3.57061e-15
1127 10.0882 3.57061e-15
1128 10.0882 3.57061e-15
1129 10.0882 3.57061e-15
1130 10.0882 3.57061e-15
1131 10.0882 3.57061e-15
1132 10.0882 3.57061e-15
1133 10.0882 3.57061e-15
1134 10.0882 3.57061e-15
1135 10.0882 3.57061e-15
1136 10.0882 3.57061e-15
1137 10.0882 3.57061e-15
1138 10.0882 3.57061e-15
1139 10.0882 3.57061e-15
1140 10.0882 3.57061e-15
1141 10.0882 3.57061e-15
1142 10.0882 3.57061e-15
1143 10.0882 3.57061e-15
1144 10.0882 3.57061e-15
1145 10.0882 3.57061e-15
1146 10.0882 3.57061e-15
1147 10.0882 3.57061e-15
1148 10.0882 3.57061e-15
1149 10.0882 3.57061e-15
1150 10.0882 3.57061e-15
1151 10.0882 3.57061e-15
1152 10.0882 3.57061e-15
1153 10.0882 3.57061e-15
1154 10.0882 3.57061e-15
1155 10.0882 3.57061e-15
1156 10.0882 3.57061e-15
1157 10.0882 3.57061e-15
1158 10.0882 3.57061e-15
1159 10.0882 3.57061e-15
1160 10.0882 3.57061e-15
1161 10.0882 3.57061e-15
1162 10.0882 3.57061e-15
1163 10.0882 3.57061e-15
1164 10.0882 3.57061e-15
1165 10.0882 3.57061e-15
1166 10.0882 3.57061e-15
1167 10.0882 3.57061e-15
1168 10.0882 3.57061e-15
1169 10.0882 3.57061e-15
1170 10.0882 3.57061e-15
1171 10.0882 3.57061e-15
1172 10.0882 3.57061e-15
1173 10.0882 3.57061e-15
1174 10.0882 3.57061e-15
1175 10.0882 3.57061e-15
1176 10.0882 3.57061e-15
1177 10.0882 3.57061e-15
1178 10.0882 3.57061e-15
1179 10.0882 3.57061e-15
1180 10.0882 3.57061e-15
1181 10.0882 3.57061e-15
1182 10.0882 3.57061e-15
1183 10.0882 3.57061e-15
1184 10.0882 3.57061e-15
1185 10.0882 3.57061e-15
1186 10.0882 3.57061e-15
1187 10.0882 3.57061e-15
1188 10.0882 3.57061e-15
1189 10.0882 3.57061e-15
1190 10.0882 3.57061e-15
1191 10.0882 3.57061e-15
1192 10.0882 3.57061e-15
1193 10.0882 3.57061e-15
1194 10.0882 3.57061e-15
1195 10.0882 3.57061e-15
1196 10.0882 3.57061e-15
1197 10.0882 3.57061e-15
1198 10.0882 3.57061e-15
1199 10.0882 3.57061e-15
1200 10.0882 3.57061e-15
1201 10.0882 3.57061e-15
1202 10.0882 3.57061e-15
1203 10.0882 3.57061e-15
1204 10.0882 3.57061e-15
1205 10.0882 3.57061e-15
1206 10.0882 3.57061e-15
1207 10.0882 3.57061e-15
1208 10.0882 3.57061e-15
1209 10.0882 3.57061e-15
1210 10.0882 3.57061e-15
1211 10.0882 3.57061e-15
1212 10.0882 3.57061e-15
1213 10.0882 3.57061e-15
1214 10.0882 3.57061e-15
1215 10.0882 3.57061e-15
1216 10.0882 3.57061e-15
1217 10.0882 3.57061e-15
1218 10.0882 3.57061e-15
1219 10.0882 3.57061e-15
1220 10.0882 3.57061e-15
1221 10.0882 3.57061e-15
1222 10.0882 3.57061e-15
1223 10.0882 3.57061e-15
1224 10.0882 3.57061e-15
1225 10.0882 3.57061e-15
1226 10.0882 3.57061e-15
1227 10.0882 3.57061e-15
1228 10.0882 3.57061e-15
1229 10.0882 3.57061e-15
1230 10.0882 3.57061e-15
1231 10.0882 3.57061e-15
1232 10.0882 3.57061e-15
1233 10.0882 3.57061e-15
1234 10.0882 3.57061e-15
1235 10.0882 3.57061e-15
1236 10.0882 3.57061e-15
1237 10.0882 3.57061e-15
1238 10.0882 3.57061e-15
1239 10.0882 3.57061e-15
1240 10.0882 3.57061e-15
1241 10.0882 3.57061e-15
1242 10.0882 3.57061e-15
1243 10.0882 3.57061e-15
1244 10.0882 3.57061e-15
1245 10.0882 3.57061e-15
1246 10.0882 3.57061e-15
1247 10.0882 3.57061e-15
1248 10.0882 3.57061e-15
1249 10.0882 3.57061e-15
1250 10.0882 3.57061e-15
1251 10.0882 3.57061e-15
1252 10.0882 3.57061e-15
1253 10.0882 3.57061e-15
1254 10.0882 3.57061e-15
1255 10.0882 3.57061e-15
1256 10.0882 3.57061e-15
1257 10.0882 3.57061e-15
1258 10.0882 3.57061e-15
1259 10.0882 3.57061e-15
1260 10.0882 3.57061e-15
1261 10.0882 3.57061e-15
1262 10.0882 3.57061e-15
1263 10.0882 3.57061e-15
1264 10.0882 3.57061e-15
1265 10.0882 3.57061e-15
1266 10.0882 3.57061e-15
1267 10.0882 3.57061e-15
1268 10.0882 3.57061e-15
1269 10.0882 3.57061e-15
1270 10.0882 3.57061e-15
1271 10.0882 3.57061e-15
1272 10.0882 3.57061e-15
1273 10.0882 3.57061e-15
1274 10.0882 3.57061e-15
1275 10.0882 3.57061e-15
1276 10.0882 3.57061e-15
1277 10.0882 3.57061e-15
1278 10.0882 3.57061e-15
1279 10.0882 3.57061e-15
1280 10.0882 3.57061e-15
1281 10.0882 3.57061e-15
1282 10.0882 3.57061e-15
1283 10.0882 3.57061e-15
1284 10.0882 3.57061e-15
1285 10.0882 3.57061e-15
1286 10.0882 3.57061e-15
1287 10.0882 3.57061e-15
1288 10.0882 3.57061e-15
1289 10.0882 3.57061e-15
1290 10.0882 3.57061e-15
1291 10.0882 3.57061e-15
1292 10.0882 3.57061e-15
1293 10.0882 3.57061e-15
1294 10.0882 3.57061e-15
1295 10.0882 3.57061e-15
1296 10.0882 3.57061e-15
1297 10.0882 3.57061e-15
1298 10.0882 3.57061e-15
1299 10.0882 3.57061e-15
1300 10.0882 3.57061e-15
1301 10.0882 3.57061e-15
1302 10.0882 3.57061e-15
1303 10.0882 3.57061e-15
1304 10.0882 3.57061e-15
1305 10.0882 3.57061e-15
1306 10.0882 3.57061e-15
1307 10.0882 3.57061e-15
1308 10.0882 3.57061e-15
1309 10.0882 3.57061e-15
1310 10.0882 3.57061e-15
1311 10.0882 3.57061e-15
1312 10.0882 3.57061e-15
1313 10.0882 3.57061e-15
1314 10.0882 3.57061e-15
1315 10.0882 3.57061e-15
1316 10.0882 3.57061e-15
1317 10.0882 3.57061e-15
1318 10.0882 3.57061e-15
1319 10.0882 3.57061e-15
1320 10.0882 3.57061e-15
1321 10.0882 3.57061e-15
1322 10.0882 3.57061e-15
1323 10.0882 3.57061e-15
1324 10.0882 3.57061e-15
1325 10.0882 3.57061e-15
1326 10.0882 3.57061e-15
1327 10.0882 3.57061e-15
1328 10.0882 3.57061e-15
1329 10.0882 3.57061e-15
1330 10.0882 3.57061e-15
1331 10.0882 3.57061e-15
1332 10.0882 3.57061e-15
1333 10.0882 3.57061e-15
1334 10.0882 3.57061e-15
1335 10.0882 3.57061e-15
1336 10.0882 3.57061e-15
1337 10.0882 3.57061e-15
1338 10.0882 3.57061e-15
1339 10.0882 3.57061e-15
1340 10.0882 3.57061e-15
1341 10.0882 3.57061e-15
1342 10.0882 3.57061e-15
1343 10.0882 3.57061e-15
1344 10.0882 3.57061e-15
1345 10.0882 3.57061e-15
1346 10.0882 3.57061e-15
1347 10.0882 3.57061e-15
1348 10.0882 3.57061e-15
1349 10.0882 3.57061e-15
1350 10.0882 3.57061e-15
1351 10.0882 3.57061e-15
1352 10.0882 3.57061e-15
1353 10.0882 3.57061e-15
1354 10.0882 3.57061e-15
1355 10.0882 3.57061e-15
1356 10.0882 3.57061e-15
1357 10.0882 3.57061e-15
1358 10.0882 3.57061e-15
1359 10.0882 3.57061e-15
1360 10.0882 3.57061e-15
1361 10.0882 3.57061e-15
1362 10.0882 3.57061e-15
1363 10.0882 3.57061e-15
1364 10.0882 3.57061e-15
1365 10.0882 3.57061e-15
1366 10.0882 3.57061e-15
1367 10.0882 3.57061e-15
1368 10.0882 3.57061e-15
1369 10.0882 3.57061e-15
1370 10.0882 3.57061e-15
1371 10.0882 3.57061e-15
1372 10.0882 3.57061e-15
1373 10.0882 3.57061e-15
1374 10.0882 3.57061e-15
1375 10.0882 3.57061e-15
1376 10.0882 3.57061e-15
1377 10.0882 3.57061e-15
1378 10.0882 3.57061e-15
1379 10.0882 3.57061e-15
1380 10.0882 3.57061e-15
1381 10.0882 3.57061e-15
1382 10.0882 3.57061e-15
1383 10.0882 3.57061e-15
1384 10.0882 3.57061e-15
1385 10.0882 3.57061e-15
1386 10.0882 3.57061e-15
1387 10.0882 3.57061e-15
1388 10.0882 3.57061e-15
1389 10.0882 3.57061e-15
1390 10.0882 3.57061e-15
1391 10.0882 3.57061e-15
1392 10.0882 3.57061e-15
1393 10.0882 3.57061e-15
1394 10.0882 3.57061e-15
1395 10.0882 3.57061e-15
1396 10.0882 3.57061e-15
1397 10.0882 3.57061e-15
1398 10.0882 3.57061e-15
1399 10.0882 3.57061e-15
1400 10.0882 3.57061e-15
1401 10.0882 3.57061e-15
1402 10.0882 3.57061e-15
1403 10.0882 3.57061e-15
1404 10.0882 3.57061e-15
1405 10.0882 3.57061e-15
1406 10.0882 3.57061e-15
1407 10.0882 3.57061e-15
1408 10.0882 3.57061e-15
1409 10.0882 3.57061e-15
1410 10.0882 3.57061e-15
1411 10.0882 3.57061e-15
1412 10.0882 3.57061e-15
1413 10.0882 3.57061e-15
1414 10.0882 3.57061e-15
1415 10.0882 3.57061e-15
1416 10.0882 3.57061e-15
1417 10.0882 3.57061e-15
1418 10.0882 3.57061e-15
1419 10.0882 3.57061e-15
1420 10.0882 3.57061e-15
1421 10.0882 3.57061e-15
1422 10.0882 3.57061e-15
1423 10.0882 3.57061e-15
1424 10.0882 3.57061e-15
1425 10.0882 3.57061e-15
1426 10.0882 3.57061e-15
1427 10.0882 3.57061e-15
1428 10.0882 3.57061e-15
1429 10.0882 3.57061e-15
1430 10.0882 3.57061e-15
1431 10.0882 3.57061e-15
1432 10.0882 3.57061e-15
1433 10.0882 3.57061e-15
1434 10.0882 3.57061e-15
1435 10.0882 3.57061e-15
1436 10.0882 3.57061e-15
1437 10.0882 3.57061e-15
1438 10.0882 3.57061e-15
1439 10.0882 3.57061e-15
1440 10.0882 3.57061e-15
1441 10.0882 3.57061e-15
1442 10.0882 3.57061e-15
1443 10.0882 3.57061e-15
1444 10.0882 3.57061e-15
1445 10.0882 3.57061e-15
1446 10.0882 3.57061e-15
1447 10.0882 3.57061e-15
1448 10.0882 3.57061e-15
1449 10.0882 3.57061e-15
1450 10.0882 3.57061e-15
1451 10.0882 3.57061e-15
1452 10.0882 3.57061e-15
1453 10.0882 3.57061e-15
1454 10.0882 3.57061e-15
1455 10.0882 3.57061e-15
1456 10.0882 3.57061e-15
1457 10.0882 3.57061e-15
1458 10.0882 3.57061e-15
1459 10.0882 3.57061e-15
1460 10.0882 3.57061e-15
1461 10.0882 3.57061e-15
1462 10.0882 3.57061e-15
1463 10.0882 3.57061e-15
1464 10.0882 3.57061e-15
1465 10.0882 3.57061e-15
1466 10.0882 3.57061e-15
1467 10.0882 3.57061e-15
1468 10.0882 3.57061e-15
1469 10.0882 3.57061e-15
1470 10.0882 3.57061e-15
1471 10.0882 3.57061e-15
1472 10.0882 3.57061e-15
1473 10.0882 3.57061e-15
1474 10.0882 3.57061e-15
1475 10.0882 3.57061e-15
1476 10.0882 3.57061e-15
1477 10.0882 3.57061e-15
1478 10.0882 3.57061e-15
1479 10.0882 3.57061e-15
1480 10.0882 3.57061e-15
1481 10.0882 3.57061e-15
1482 10.0882 3.57061e-15
1483 10.0882 3.57061e-15
1484 10.0882 3.57061e-15
1485 10.0882 3.57061e-15
1486 10.0882 3.57061e-15
1487 10.0882 3.57061e-15
1488 10.0882 3.57061e-15
1489 10.0882 3.57061e-15
1490 10.0882 3.57061e-15
1491 10.0882 3.57061e-15
1492 10.0882 3.57061e-15
1493 10.0882 3.57061e-15
1494 10.0882 3.57061e-15
1495 10.0882 3.57061e-15
1496 10.0882 3.57061e-15
1497 10.0882 3.57061e-15
1498 10.0882 3.57061e-15
1499 10.0882 3.57061e-15
1500 10.0882 3.57061e-15
1501 10.0882 3.57061e-15
1502 10.0882 3.57061e-15
1503 10.0882 3.57061e-15
1504 10.0882 3.57061e-15
1505 10.0882 3.57061e-15
1506 10.0882 3.57061e-15
1507 10.0882 3.57061e-15
1508 10.0882 3.57061e-15
1509 10.0882 3.57061e-15
1510 10.0882 3.57061e-15
1511 10.0882 3.57061e-15
1512 10.0882 3.57061e-15
1513 10.0882 3.57061e-15
1514 10.0882 3.57061e-15
1515 10.0882 3.57061e-15
1516 10.0882 3.57061e-15
1517 10.0882 3.57061e-15
1518 10.0882 3.57061e-15
1519 10.0882 3.57061e-15
1520 10.0882 3.57061e-15
1521 10.0882 3.57061e-15
1522 10.0882 3.57061e-15
1523 10.0882 3.57061e-15
1524 10.0882 3.57061e-15
1525 10.0882 3.57061e-15
1526 10.0882 3.57061e-15
1527 10.0882 3.57061e-15
1528 10.0882 3.57061e-15
1529 10.0882 3.57061e-15
1530 10.0882 3.57061e-15
1531 10.0882 3.57061e-15
1532 10.0882 3.57061e-15
1533 10.0882 3.57061e-15
1534 10.0882 3.57061e-15
1535 10.0882 3.57061e-15
1536 10.0882 3.57061e-15
1537 10.0882 3.57061e-15
1538 10.0882 3.57061e-15
1539 10.0882 3.57061e-15
1540 10.0882 3.57061e-15
1541 10.0882 3.57061e-15
1542 10.0882 3.57061e-15
1543 10.0882 3.57061e-15
1544 10.0882 3.57061e-15
1545 10.0882 3.57061e-15
1546 10.0882 3.57061e-15
1547 10.0882 3.57061e-15
1548 10.0882 3.57061e-15
1549 10.0882 3.57061e-15
1550 10.0882 3.57061e-15
1551 10.0882 3.57061e-15
1552 10.0882 3.57061e-15
1553 10.0882 3.57061e-15
1554 10.0882 3.57061e-15
1555 10.0882 3.57061e-15
1556 10.0882 3.57061e-15
1557 10.0882 3.57061e-15
1558 10.0882 3.57061e-15
1559 10.0882 3.57061e-15
1560 10.0882 3.57061e-15
1561 10.0882 3.57061e-15
1562 10.0882 3.57061e-15
1563 10.0882 3.57061e-15
1564 10.0882 3.57061e-15
1565 10.0882 3.57061e-15
1566 10.0882 3.57061e-15
1567 10.0882 3.57061e-15
1568 10.0882 3.57061e-15
1569 10.0882 3.57061e-15
1570 10.0882 3.57061e-15
1571 10.0882 3.57061e-15
1572 10.0882 3.57061e-15
1573 10.0882 3.57061e-15
1574 10.0882 3.57061e-15
1575 10.0882 3.57061e-15
1576 10.0882 3.57061e-15
1577 10.0882 3.57061e-15
1578 10.0882 3.57061e-15
1579 10.0882 3.57061e-15
1580 10.0882 3.57061e-15
1581 10.0882 3.57061e-15
1582 10.0882 3.57061e-15
1583 10.0882 3.57061e-15
1584 10.0882 3.57061e-15
1585 10.0882 3.57061e-15
1586 10.0882 3.57061e-15
1587 10.0882 3.57061e-15
1588 10.0882 3.57061e-15
1589 10.0882 3.57061e-15
1590 10.0882 3.57061e-15
1591 10.0882 3.57061e-15
1592 10.0882 3.57061e-15
1593 10.0882 3.57061e-15
1594 10.0882 3.57061e-15
1595 10.0882 3.57061e-15
1596 10.0882 3.57061e-15
1597 10.0882 3.57061e-15
1598 10.0882 3.57061e-15
1599 10.0882 3.57061e-15
1600 10.0882 3.57061e-15
1601 10.0882 3.57061e-15
1602 10.0882 3.57061e-15
1603 10.0882 3.57061e-15
1604 10.0882 3.57061e-15
1605 10.0882 3.57061e-15
1606 10.0882 3.57061e-15
1607 10.0882 3.57061e-15
1608 10.0882 3.57061e-15
1609 10.0882 3.57061e-15
1610 10.0882 3.57061e-15
1611 10.0882 3.57061e-15
1612 10.0882 3.57061e-15
1613 10.0882 3.57061e-15
1614 10.0882 3.57061e-15
1615 10.0882 3.57061e-15
1616 10.0882 3.57061e-15
1617 10.0882 3.57061e-15
1618 10.0882 3.57061e-15
1619 10.0882 3.57061e-15
1620 10.0882 3.57061e-15
1621 10.0882 3.57061e-15
1622 10.0882 3.57061e-15
1623 10.0882 3.57061e-15
1624 10.0882 3.57061e-15
1625 10.0882 3.57061e-15
1626 10.0882 3.57061e-15
1627 10.0882 3.57061e-15
1628 10.0882 3.57061e-15
1629 10.0882 3.57061e-15
1630 10.0882 3.57061e-15
1631 10.0882 3.57061e-15
1632 10.0882 3.57061e-15
1633 10.0882 3.57061e-15
1634 10.0882 3.57061e-15
1635 10.0882 3.57061e-15
1636 10.0882 3.57061e-15
1637 10.0882 3.57061e-15
1638 10.0882 3.57061e-15
1639 10.0882 3.57061e-15
1640 10.0882 3.57061e-15
1641 10.0882 3.57061e-15
1642 10.0882 3.57061e-15
1643 10.0882 3.57061e-15
1644 10.0882 3.57061e-15
1645 10.0882 3.57061e-15
1646 10.0882 3.57061e-15
1647 10.0882 3.57061e-15
1648 10.0882 3.57061e-15
1649 10.0882 3.57061e-15
1650 10.0882 3.57061e-15
1651 10.0882 3.57061e-15
1652 10.0882 3.57061e-15
1653 10.0882 3.57061e-15
1654 10.0882 3.57061e-15
1655 10.0882 3.57061e-15
1656 10.0882 3.57061e-15
1657 10.0882 3.57061e-15
1658 10.0882 3.57061e-15
1659 10.0882 3.57061e-15
1660 10.0882 3.57061e-15
1661 10.0882 3.57061e-15
1662 10.0882 3.57061e-15
1663 10.0882 3.57061e-15
1664 10.0882 3.57061e-15
1665 10.0882 3.57061e-15
1666 10.0882 3.57061e-15
1667 10.0882 3.57061e-15
1668 10.0882 3.57061e-15
1669 10.0882 3.57061e-15
1670 10.0882 3.57061e-15
1671 10.0882 3.57061e-15
1672 10.0882 3.57061e-15
1673 10.0882 3.57061e-15
1674 10.0882 3.57061e-15
1675 10.0882 3.57061e-15
1676 10.0882 3.57061e-15
1677 10.0882 3.57061e-15
1678 10.0882 3.57061e-15
1679 10.0882 3.57061e-15
1680 10.0882 3.57061e-15
1681 10.0882 3.57061e-15
1682 10.0882 3.57061e-15
1683 10.0882 3.57061e-15
1684 10.0882 3.57061e-15
1685 10.0882 3.57061e-15
1686 10.0882 3.57061e-15
1687 10.0882 3.57061e-15
1688 10.0882 3.57061e-15
1689 10.0882 3.57061e-15
1690 10.0882 3.57061e-15
1691 10.0882 3.57061e-15
1692 10.0882 3.57061e-15
1693 10.0882 3.57061e-15
1694 10.0882 3.57061e-15
1695 10.0882 3.57061e-15
1696 10.0882 3.57061e-15
1697 10.0882 3.57061e-15
1698 10.0882 3.57061e-15
1699 10.0882 3.57061e-15
1700 10.0882 3.57061e-15
1701 10.0882 3.57061e-15
1702 10.0882 3.57061e-15
1703 10.0882 3.57061e-15
1704 10.0882 3.57061e-15
1705 10.0882 3.57061e-15
1706 10.0882 3.57061e-15
1707 10.0882 3.57061e-15
1708 10.0882 3.57061e-15
1709 10.0882 3.57061e-15
1710 10.0882 3.57061e-15
1711 10.0882 3.57061e-15
1712 10.0882 3.57061e-15
1713 10.0882 3.57061e-15
1714 10.0882 3.57061e-15
1715 10.0882 3.57061e-15
1716 10.0882 3.57061e-15
1717 10.0882 3.57061e-15
1718 10.0882 3.57061e-15
1719 10.0882 3.57061e-15
1720 10.0882 3.57061e-15
1721 10.0882 3.57061e-15
1722 10.0882 3.57061e-15
1723 10.0882 3.57061e-15
1724 10.0882 3.57061e-15
1725 10.0882 3.57061e-15
1726 10.0882 3.57061e-15
1727 10.0882 3.57061e-15
1728 10.0882 3.57061e-15
1729 10.0882 3.57061e-15
1730 10.0882 3.57061e-15
1731 10.0882 3.57061e-15
1732 10.0882 3.57061e-15
1733 10.0882 3.57061e-15
1734 10.0882 3.57061e-15
1735 10.0882 3.57061e-15
1736 10.0882 3.57061e-15
1737 10.0882 3.57061e-15
1738 10.0882 3.57061e-15
1739 10.0882 3.57061e-15
1740 10.0882 3.57061e-15
1741 10.0882 3.57061e-15
1742 10.0882 3.57061e-15
1743 10.0882 3.57061e-15
1744 10.0882 3.57061e-15
1745 10.0882 3.57061e-15
1746 10.0882 3.57061e-15
1747 10.0882 3.57061e-15
1748 10.0882 3.57061e-15
1749 10.0882 3.57061e-15
1750 10.0882 3.57061e-15
1751 10.0882 3.57061e-15
1752 10.0882 3.57061e-15
1753 10.0882 3.57061e-15
1754 10.0882 3.57061e-15
1755 10.0882 3.57061e-15
1756 10.0882 3.57061e-15
1757 10.0882 3.57061e-15
1758 10.0882 3.57061e-15
1759 10.0882 3.57061e-15
1760 10.0882 3.57061e-15
1761 10.0882 3.57061e-15
1762 10.0882 3.57061e-15
1763 10.0882 3.57061e-15
1764 10.0882 3.57061e-15
1765 10.0882 3.57061e-15
1766 10.0882 3.57061e-15
1767 10.0882 3.57061e-15
1768 10.0882 3.57061e-15
1769 10.0882 3.57061e-15
1770 10.0882 3.57061e-15
1771 10.0882 3.57061e-15
1772 10.0882 3.57061e-15
1773 10.0882 3.57061e-15
1774 10.0882 3.57061e-15
1775 10.0882 3.57061e-15
1776 10.0882 3.57061e-15
1777 10.0882 3.57061e-15
1778 10.0882 3.57061e-15
1779 10.0882 3.57061e-15
1780 10.0882 3.57061e-15
1781 10.0882 3.57061e-15
1782 10.0882 3.57061e-15
1783 10.0882 3.57061e-15
1784 10.0882 3.57061e-15
1785 10.0882 3.57061e-15
1786 10.0882 3.57061e-15
1787 10.0882 3.57061e-15
1788 10.0882 3.57061e-15
1789 10.0882 3.57061e-15
1790 10.0882 3.57061e-15
1791 10.0882 3.57061e-15
1792 10.0882 3.57061e-15
1793 10.0882 3.57061e-15
1794 10.0882 3.57061e-15
1795 10.0882 3.57061e-15
1796 10.0882 3.57061e-15
1797 10.0882 3.57061e-15
1798 10.0882 3.57061e-15
1799 10.0882 3.57061e-15
1800 10.0882 3.57061e-15
1801 10.0882 3.57061e-15
1802 10.0882 3.57061e-15
1803 10.0882 3.57061e-15
1804 10.0882 3.57061e-15
1805 10.0882 3.57061e-15
1806 10.0882 3.57061e-15
1807 10.0882 3.57061e-15
1808 10.0882 3.57061e-15
1809 10.0882 3.57061e-15
1810 10.0882 3.57061e-15
1811 10.0882 3.57061e-15
1812 10.0882 3.57061e-15
1813 10.0882 3.57061e-15
1814 10.0882 3.57061e-15
1815 10.0882 3.57061e-15
1816 10.0882 3.57061e-15
1817 10.0882 3.57061e-15
1818 10.0882 3.57061e-15
1819 10.0882 3.57061e-15
1820 10.0882 3.57061e-15
1821 10.0882 3.57061e-15
1822 10.0882 3.57061e-15
1823 10.0882 3.57061e-15
1824 10.0882 3.57061e-15
1825 10.0882 3.57061e-15
1826 10.0882 3.57061e-15
1827 10.0882 3.57061e-15
1828 10.0882 3.57061e-15
1829 10.0882 3.57061e-15
1830 10.0882 3.57061e-15
1831 10.0882 3.57061e-15
1832 10.0882 3.57061e-15
1833 10.0882 3.57061e-15
1834 10.0882 3.57061e-15
1835 10.0882 3.57061e-15
1836 10.0882 3.57061e-15
1837 10.0882 3.57061e-15
1838 10.0882 3.57061e-15
1839 10.0882 3.57061e-15
1840 10.0882 3.57061e-15
1841 10.0882 3.57061e-15
1842 10.0882 3.57061e-15
1843 10.0882 3.57061e-15
1844 10.0882 3.57061e-15
1845 10.0882 3.57061e-15
1846 10.0882 3.57061e-15
1847 10.0882 3.57061e-15
1848 10.0882 3.57061e-15
1849 10.0882 3.57061e-15
1850 10.0882 3.57061e-15
1851 10.0882 3.57061e-15
1852 10.0882 3.57061e-15
1853 10.0882 3.57061e-15
1854 10.0882 3.57061e-15
1855 10.0882 3.57061e-15
1856 10.0882 3.57061e-15
1857 10.0882 3.57061e-15
1858 10.0882 3.57061e-15
1859 10.0882 3.57061e-15
1860 10.0882 3.57061e-15
1861 10.0882 3.57061e-15
1862 10.0882 3.57061e-15
1863 10.0882 3.57061e-15
1864 10.0882 3.57061e-15
1865 10.0882 3.57061e-15
1866 10.0882 3.57061e-15
1867 10.0882 3.57061e-15
1868 10.0882 3.57061e-15
1869 10.0882 3.57061e-15
1870 10.0882 3.57061e-15
1871 10.0882 3.57061e-15
1872 10.0882 3.57061e-15
1873 10.0882 3.57061e-15
1874 10.0882 3.57061e-15
1875 10.0882 3.57061e-15
1876 10.0882 3.57061e-15
1877 10.0882 3.57061e-15
1878 10.0882 3.57061e-15
1879 10.0882 3.57061e-15
1880 10.0882 3.57061e-15
1881 10.0882 3.57061e-15
1882 10.0882 3.57061e-15
1883 10.0882 3.57061e-15
1884 10.0882 3.57061e-15
1885 10.0882 3.57061e-15
1886 10.0882 3.57061e-15
1887 10.0882 3.57061e-15
1888 10.0882 3.57061e-15
1889 10.0882 3.57061e-15
1890 10.0882 3.57061e-15
1891 10.0882 3.57061e-15
1892 10.0882 3.57061e-15
1893 10.0882 3.57061e-15
1894 10.0882 3.57061e-15
1895 10.0882 3.57061e-15
1896 10.0882 3.57061e-15
1897 10.0882 3.57061e-15
1898 10.0882 3.57061e-15
1899 10.0882 3.57061e-15
1900 10.0882 3.57061e-15
1901 10.0882 3.57061e-15
1902 10.0882 3.57061e-15
1903 10.0882 3.57061e-15
1904 10.0882 3.57061e-15
1905 10.0882 3.57061e-15
1906 10.0882 3.57061e-15
1907 10.0882 3.57061e-15
1908 10.0882 3.57061e-15
1909 10.0882 3.57061e-15
1910 10.0882 3.57061e-15
1911 10.0882 3.57061e-15
1912 10.0882 3.57061e-15
1913 10.0882 3.57061e-15
1914 10.0882 3.57061e-15
1915 10.0882 3.57061e-15
1916 10.0882 3.57061e-15
1917 10.0882 3.57061e-15
1918 10.0882 3.57061e-15
1919 10.0882 3.57061e-15
1920 10.0882 3.57061e-15
1921 10.0882 3.57061e-15
1922 10.0882 3.57061e-15
1923 10.0882 3.57061e-15
1924 10.0882 3.57061e-15
1925 10.0882 3.57061e-15
1926 10.0882 3.57061e-15
1927 10.0882 3.57061e-15
1928 10.0882 3.57061e-15
1929 10.0882 3.57061e-15
1930 10.0882 3.57061e-15
1931 10.0882 3.57061e-15
1932 10.0882 3.57061e-15
1933 10.0882 3.57061e-15
1934 10.0882 3.57061e-15
1935 10.0882 3.57061e-15
1936 10.0882 3.57061e-15
1937 10.0882 3.57061e-15
1938 10.0882 3.57061e-15
1939 10.0882 3.57061e-15
1940 10.0882 3.57061e-15
1941 10.0882 3.57061e-15
1942 10.0882 3.57061e-15
1943 10.0882 3.57061e-15
1944 10.0882 3.57061e-15
1945 10.0882 3.57061e-15
1946 10.0882 3.57061e-15
1947 10.0882 3.57061e-15
1948 10.0882 3.57061e-15
1949 10.0882 3.57061e-15
1950 10.0882 3.57061e-15
1951 10.0882 3.57061e-15
1952 10.0882 3.57061e-15
1953 10.0882 3.57061e-15
1954 10.0882 3.57061e-15
1955 10.0882 3.57061e-15
1956 10.0882 3.57061e-15
1957 10.0882 3.57061e-15
1958 10.0882 3.57061e-15
1959 10.0882 3.57061e-15
1960 10.0882 3.57061e-15
1961 10.0882 3.57061e-15
1962 10.0882 3.57061e-15
1963 10.0882 3.57061e-15
1964 10.0882 3.57061e-15
1965 10.0882 3.57061e-15
1966 10.0882 3.57061e-15
1967 10.0882 3.57061e-15
1968 10.0882 3.57061e-15
1969 10.0882 3.57061e-15
1970 10.0882 3.57061e-15
1971 10.0882 3.57061e-15
1972 10.0882 3.57061e-15
1973 10.0882 3.57061e-15
1974 10.0882 3.57061e-15
1975 10.0882 3.57061e-15
1976 10.0882 3.57061e-15
1977 10.0882 3.57061e-15
1978 10.0882 3.57061e-15
1979 10.0882 3.57061e-15
1980 10.0882 3.57061e-15
1981 10.0882 3.57061e-15
1982 10.0882 3.57061e-15
1983 10.0882 3.57061e-15
1984 10.0882 3.57061e-15
1985 10.0882 3.57061e-15
1986 10.0882 3.57061e-15
1987 10.0882 3.57061e-15
1988 10.0882 3.57061e-15
1989 10.0882 3.57061e-15
1990 10.0882 3.57061e-15
1991 10.0882 3.57061e-15
1992 10.0882 3.57061e-15
1993 10.0882 3.57061e-15
1994 10.0882 3.57061e-15
1995 10.0882 3.57061e-15
1996 10.0882 3.57061e-15
1997 10.0882 3.57061e-15
1998 10.0882 3.57061e-15
1999 10.0882 3.57061e-15
2000 10.0882 3.57061e-15
