1 29.9846 1.63258
2 28.1 0.900444
3 27.2408 0.388639
4 26.8081 0.123805
5 26.5312 0.483321
6 25.7668 0.974508
7 24.619 0.76823
8 23.923 0.179525
9 23.7193 0.168549
10 23.5604 0.117359
11 23.4086 0.24374
12 23.1382 0.298965
13 22.9023 0.314141
14 22.5876 0.304202
15 22.1445 0.33592
16 21.8537 0.352806
17 21.5087 0.00629345
18 21.4951 0.0561764
19 21.4098 0.244424
20 21.2832 0.370614
21 20.9028 0.522535
22 20.3703 0.397744
23 20.0217 0.22875
24 19.7356 0.334679
25 19.3291 0.226726
26 19.1579 0.053569
27 19.1489 1.42824e-14
28 19.1489 1.42824e-14
29 19.1489 1.42824e-14
30 19.1489 1.42824e-14
31 19.1395 0.0667076
32 19.0764 0.170171
33 18.9123 0.235578
34 18.7224 0.139474
35 18.6637 0.102103
36 18.5569 0.336871
37 18.1894 0.574865
38 17.7396 0.546258
39 17.2473 0.141983
40 17.1905 0.0716155
41 17.1213 0.215878
42 16.9382 0.336382
43 16.6561 0.300799
44 16.4854 0.0450787
45 16.4426 0.0901594
46 16.3827 0.126911
47 16.2689 0.123153
48 16.1941 0.0764051
49 16.1393 0.0318302
50 16.1177 0.0780054
51 16.0185 0.2579
52 15.7229 0.376488
53 15.526 0.310242
54 15.3772 0.122574
55 15.3311 0.0775541
56 15.272 0.12466
57 15.1878 0.13668
58 15.094 0.109478
59 15.0328 0.0500402
60 14.9906 0.0664292
61 14.9196 0.102974
62 14.843 0.0942228
63 14.7852 0.00885176
64 14.779 0.0241352
65 14.7577 0.0414713
66 14.7369 0.0438944
67 14.701 0.015896
68 14.6849 0.12646
69 14.5205 0.441012
70 14.1217 0.627963
71 13.764 0.544509
72 13.4455 0.0716115
73 13.4301 0.00920611
74 13.4204 0.0156687
75 13.4108 0.0148149
76 13.4009 3.21355e-14
77 13.4009 3.21355e-14
78 13.4009 3.21355e-14
79 13.4009 3.21355e-14
80 13.4009 3.21355e-14
81 13.4009 3.21355e-14
82 13.4009 3.21355e-14
83 13.4009 3.21355e-14
84 13.3992 0.0130295
85 13.3881 0.0346547
86 13.3469 0.0546243
87 13.3098 0.0411366
88 13.2868 0.0124453
89 13.2822 0.00270142
90 13.2801 0.00129244
91 13.2798 1.96384e-14
92 13.2798 1.96384e-14
93 13.2798 1.96384e-14
94 13.2798 1.96384e-14
95 13.2798 1.96384e-14
96 13.2798 1.96384e-14
97 13.2798 1.96384e-14
98 13.2798 1.96384e-14
99 13.2796 0.00177305
100 13.2777 0.00579075
101 13.2731 0.00864949
102 13.2651 0.0066937
103 13.2608 0.0127775
104 13.2506 0.036751
105 13.2186 0.060833
106 13.1752 0.0599042
107 13.1343 1.24971e-14
108 13.1343 1.24971e-14
109 13.1343 1.24971e-14
110 13.1343 1.24971e-14
111 13.1343 1.24971e-14
112 13.1343 1.24971e-14
113 13.1343 1.24971e-14
114 13.1343 1.24971e-14
115 13.1343 1.24971e-14
116 13.1343 1.24971e-14
117 13.1343 1.24971e-14
118 13.1343 1.24971e-14
119 13.1341 0.00216979
120 13.1317 0.00708316
121 13.1263 0.0105286
122 13.1161 0.00799466
123 13.1126 1.96384e-14
124 13.1126 1.96384e-14
125 13.1126 1.96384e-14
126 13.1126 1.96384e-14
127 13.1126 1.96384e-14
128 13.1126 1.96384e-14
129 13.1126 1.96384e-14
130 13.1126 1.96384e-14
131 13.1126 1.96384e-14
132 13.1126 1.96384e-14
133 13.1126 1.96384e-14
134 13.1126 1.96384e-14
135 13.1126 1.96384e-14
136 13.1126 1.96384e-14
137 13.1126 1.96384e-14
138 13.1126 1.96384e-14
139 13.1126 1.96384e-14
140 13.1126 1.96384e-14
141 13.1126 1.96384e-14
142 13.1126 1.96384e-14
143 13.1115 0.0111331
144 13.0981 0.0376296
145 13.0714 0.0540218
146 13.018 0.0399533
147 13.0013 1.24971e-14
148 13.0013 1.24971e-14
149 12.9957 0.0392509
150 12.965 0.0942873
151 12.8674 0.14007
152 12.763 0.10113
153 12.7105 0.0317908
154 12.6908 0.0581671
155 12.5971 0.139788
156 12.4628 0.159022
157 12.3046 1.07118e-14
158 12.3046 1.07118e-14
159 12.3046 1.07118e-14
160 12.3046 1.07118e-14
161 12.3046 1.07118e-14
162 12.3046 1.07118e-14
163 12.3046 1.07118e-14
164 12.3046 1.07118e-14
165 12.3046 1.07118e-14
166 12.3046 1.07118e-14
167 12.3046 1.07118e-14
168 12.3045 0.000449253
169 12.3041 0.00135455
170 12.303 0.00213887
171 12.3016 0.00213887
172 12.301 0.00183906
173 12.2987 0.0136061
174 12.2797 0.0488282
175 12.2457 0.0669917
176 12.1894 0.0528641
177 12.164 1.60678e-14
178 12.164 1.60678e-14
179 12.164 1.60678e-14
180 12.164 1.60678e-14
181 12.164 1.60678e-14
182 12.164 1.60678e-14
183 12.164 1.60678e-14
184 12.164 1.60678e-14
185 12.164 1.60678e-14
186 12.164 1.60678e-14
187 12.164 1.60678e-14
188 12.164 1.60678e-14
189 12.164 1.60678e-14
190 12.164 1.60678e-14
191 12.1631 0.00919682
192 12.1548 0.0277295
193 12.1263 0.0454609
194 12.0904 0.0369726
195 12.072 7.14122e-15
196 12.072 7.14122e-15
197 12.072 7.14122e-15
198 12.072 7.14122e-15
199 12.072 7.14122e-15
200 12.072 7.14122e-15
201 12.072 7.14122e-15
202 12.0719 0.00199634
203 12.0693 0.00696194
204 12.0655 0.00943434
205 12.0577 0.00900871
206 12.0523 0.00199634
207 12.0521 3.57061e-15
208 12.0521 3.57061e-15
209 12.0521 3.57061e-15
210 12.0521 3.57061e-15
211 12.0521 3.57061e-15
212 12.0521 3.57061e-15
213 12.0521 3.57061e-15
214 12.0521 0.000292063
215 12.0519 0.000639744
216 12.0512 0.00133195
217 12.05 0.00134515
218 12.0492 1.07118e-14
219 12.0492 1.07118e-14
220 12.0492 1.07118e-14
221 12.0492 1.07118e-14
222 12.0492 1.07118e-14
223 12.0492 1.07118e-14
224 12.0492 1.07118e-14
225 12.048 0.0117057
226 12.0293 0.044192
227 11.993 0.0587763
228 11.9423 0.0327144
229 11.9321 5.35592e-15
230 11.9321 5.35592e-15
231 11.9321 5.35592e-15
232 11.9321 5.35592e-15
233 11.9321 5.35592e-15
234 11.9321 5.35592e-15
235 11.9321 5.35592e-15
236 11.9321 5.35592e-15
237 11.9321 5.35592e-15
238 11.9321 5.35592e-15
239 11.9321 5.35592e-15
240 11.9321 5.35592e-15
241 11.9321 5.35592e-15
242 11.9321 5.35592e-15
243 11.9321 5.35592e-15
244 11.9321 5.35592e-15
245 11.9321 5.35592e-15
246 11.9321 5.35592e-15
247 11.9321 5.35592e-15
248 11.9321 5.35592e-15
249 11.9321 5.35592e-15
250 11.9321 5.35592e-15
251 11.9321 5.35592e-15
252 11.9321 5.35592e-15
253 11.9321 5.35592e-15
254 11.9321 5.35592e-15
255 11.9321 5.35592e-15
256 11.9321 5.35592e-15
257 11.9321 5.35592e-15
258 11.9321 5.35592e-15
259 11.9321 5.35592e-15
260 11.9321 5.35592e-15
261 11.9321 5.35592e-15
262 11.9321 5.35592e-15
263 11.9321 5.35592e-15
264 11.9321 5.35592e-15
265 11.9321 5.35592e-15
266 11.9321 5.35592e-15
267 11.9319 0.00257535
268 11.9282 0.00924218
269 11.9205 0.0128768
270 11.911 0.00994403
271 11.9064 1.78531e-15
272 11.9064 1.78531e-15
273 11.9064 1.78531e-15
274 11.9064 1.78531e-15
275 11.9051 0.0125989
276 11.895 0.0362374
277 11.8597 0.0611345
278 11.8144 0.0562158
279 11.7804 1.96384e-14
280 11.7804 1.96384e-14
281 11.7804 1.96384e-14
282 11.7804 1.96384e-14
283 11.7796 0.00733823
284 11.7708 0.024803
285 11.7466 0.0367578
286 11.7209 0.028933
287 11.707 1.42824e-14
288 11.707 1.42824e-14
289 11.707 1.42824e-14
290 11.7069 0.00131817
291 11.7055 0.00414519
292 11.7017 0.0064902
293 11.6954 0.00430511
294 11.6938 1.96384e-14
295 11.6938 1.96384e-14
296 11.6938 1.96384e-14
297 11.6938 1.96384e-14
298 11.6938 1.96384e-14
299 11.6938 1.96384e-14
300 11.6938 1.96384e-14
301 11.6938 1.96384e-14
302 11.6938 1.96384e-14
303 11.6938 1.96384e-14
304 11.6938 1.96384e-14
305 11.6938 1.96384e-14
306 11.6938 1.96384e-14
307 11.6938 1.96384e-14
308 11.6938 1.96384e-14
309 11.6938 1.96384e-14
310 11.6935 0.00351873
311 11.6892 0.0118932
312 11.6741 0.0175545
313 11.6593 0.00495104
314 11.6586 0
315 11.6586 0
316 11.6586 0
317 11.6586 0
318 11.6586 0
319 11.6586 0
320 11.6586 0
321 11.6586 0
322 11.6586 0
323 11.6586 0
324 11.6586 0
325 11.6586 0
326 11.6586 0
327 11.6586 0
328 11.6586 0
329 11.6577 0.00916215
330 11.6504 0.0263525
331 11.6275 0.0436205
332 11.5734 0.0234947
333 11.567 1.42824e-14
334 11.567 1.42824e-14
335 11.567 1.42824e-14
336 11.567 1.42824e-14
337 11.567 1.42824e-14
338 11.567 1.42824e-14
339 11.567 1.42824e-14
340 11.567 1.42824e-14
341 11.567 1.42824e-14
342 11.567 1.42824e-14
343 11.567 1.42824e-14
344 11.567 1.42824e-14
345 11.567 1.42824e-14
346 11.567 1.42824e-14
347 11.567 1.42824e-14
348 11.567 1.42824e-14
349 11.567 1.42824e-14
350 11.567 1.42824e-14
351 11.567 1.42824e-14
352 11.567 1.42824e-14
353 11.567 1.42824e-14
354 11.567 1.42824e-14
355 11.567 1.42824e-14
356 11.567 1.42824e-14
357 11.567 1.42824e-14
358 11.567 1.42824e-14
359 11.567 1.42824e-14
360 11.567 1.42824e-14
361 11.567 1.42824e-14
362 11.567 1.42824e-14
363 11.567 1.42824e-14
364 11.567 1.42824e-14
365 11.567 1.42824e-14
366 11.567 1.42824e-14
367 11.567 1.42824e-14
368 11.567 1.42824e-14
369 11.567 1.42824e-14
370 11.567 1.42824e-14
371 11.567 1.42824e-14
372 11.567 1.42824e-14
373 11.5668 0.00214392
374 11.5646 0.00674191
375 11.5608 0.00977731
376 11.5565 0.0107715
377 11.5507 0.00920246
378 11.5456 2.67796e-14
379 11.5456 2.67796e-14
380 11.5456 2.67796e-14
381 11.5456 2.67796e-14
382 11.5456 2.67796e-14
383 11.5456 2.67796e-14
384 11.5456 2.67796e-14
385 11.5456 2.67796e-14
386 11.5452 0.00326072
387 11.5387 0.0133481
388 11.5273 0.0162673
389 11.5182 0.0120142
390 11.5129 1.07118e-14
391 11.5129 1.07118e-14
392 11.5129 1.07118e-14
393 11.5129 1.07118e-14
394 11.5129 1.07118e-14
395 11.5129 1.07118e-14
396 11.5129 1.07118e-14
397 11.5129 1.07118e-14
398 11.5129 1.07118e-14
399 11.5129 1.07118e-14
400 11.5129 1.07118e-14
401 11.5129 1.07118e-14
402 11.5129 1.07118e-14
403 11.5129 1.07118e-14
404 11.5129 1.07118e-14
405 11.5129 1.07118e-14
406 11.5129 1.07118e-14
407 11.5129 1.07118e-14
408 11.5129 1.07118e-14
409 11.5129 1.07118e-14
410 11.5129 1.07118e-14
411 11.5129 1.07118e-14
412 11.5129 1.07118e-14
413 11.5129 1.07118e-14
414 11.5129 1.07118e-14
415 11.5129 1.07118e-14
416 11.5129 1.07118e-14
417 11.5129 1.07118e-14
418 11.5129 1.07118e-14
419 11.5129 1.07118e-14
420 11.5129 1.07118e-14
421 11.5129 1.07118e-14
422 11.5129 1.07118e-14
423 11.5129 1.07118e-14
424 11.5129 1.07118e-14
425 11.5129 1.07118e-14
426 11.5129 1.07118e-14
427 11.5129 1.07118e-14
428 11.5129 1.07118e-14
429 11.5129 1.07118e-14
430 11.5129 1.07118e-14
431 11.5129 1.07118e-14
432 11.5129 1.07118e-14
433 11.5129 1.07118e-14
434 11.5097 0.0321262
435 11.4872 0.0875953
436 11.4069 0.151822
437 11.2859 0.145822
438 11.2262 0.0990617
439 11.1917 1.78531e-14
440 11.1917 1.78531e-14
441 11.1917 1.78531e-14
442 11.1917 1.78531e-14
443 11.1917 1.78531e-14
444 11.1917 1.78531e-14
445 11.1917 1.78531e-14
446 11.1917 1.78531e-14
447 11.1917 1.78531e-14
448 11.1917 1.78531e-14
449 11.1917 1.78531e-14
450 11.1917 1.78531e-14
451 11.1917 1.78531e-14
452 11.1917 1.78531e-14
453 11.1917 1.78531e-14
454 11.1917 1.78531e-14
455 11.1917 1.78531e-14
456 11.1917 1.78531e-14
457 11.1917 1.78531e-14
458 11.1917 1.78531e-14
459 11.1917 1.78531e-14
460 11.1917 1.78531e-14
461 11.1917 1.78531e-14
462 11.1917 1.78531e-14
463 11.1917 1.78531e-14
464 11.1917 1.78531e-14
465 11.1917 1.78531e-14
466 11.1917 1.78531e-14
467 11.1917 1.78531e-14
468 11.1917 1.78531e-14
469 11.1917 1.78531e-14
470 11.1917 1.78531e-14
471 11.1917 1.78531e-14
472 11.1917 1.78531e-14
473 11.1917 1.78531e-14
474 11.1917 1.78531e-14
475 11.1917 1.78531e-14
476 11.1917 1.78531e-14
477 11.1917 1.78531e-14
478 11.1917 1.78531e-14
479 11.1917 1.78531e-14
480 11.1917 1.78531e-14
481 11.1917 1.78531e-14
482 11.1917 1.78531e-14
483 11.1917 1.78531e-14
484 11.1917 1.78531e-14
485 11.1917 1.78531e-14
486 11.1917 1.78531e-14
487 11.1917 1.78531e-14
488 11.1917 1.78531e-14
489 11.1917 1.78531e-14
490 11.1917 1.78531e-14
491 11.1857 0.0595835
492 11.0964 0.219537
493 10.9116 0.298879
494 10.6677 0.194505
495 10.5958 3.57061e-15
496 10.5958 3.57061e-15
497 10.5958 3.57061e-15
498 10.5958 3.57061e-15
499 10.5958 3.57061e-15
500 10.5958 3.57061e-15
501 10.5958 3.57061e-15
502 10.5958 3.57061e-15
503 10.5958 3.57061e-15
504 10.5958 3.57061e-15
505 10.5958 3.57061e-15
506 10.5958 3.57061e-15
507 10.5958 3.57061e-15
508 10.5958 3.57061e-15
509 10.5958 3.57061e-15
510 10.5958 3.57061e-15
511 10.5958 3.57061e-15
512 10.5958 3.57061e-15
513 10.5958 3.57061e-15
514 10.5958 3.57061e-15
515 10.5958 3.57061e-15
516 10.5958 3.57061e-15
517 10.5958 3.57061e-15
518 10.5958 3.57061e-15
519 10.5958 3.57061e-15
520 10.5958 3.57061e-15
521 10.5958 3.57061e-15
522 10.5958 3.57061e-15
523 10.5958 3.57061e-15
524 10.5958 3.57061e-15
525 10.5958 3.57061e-15
526 10.5958 3.57061e-15
527 10.5958 3.57061e-15
528 10.5958 3.57061e-15
529 10.5958 3.57061e-15
530 10.5958 3.57061e-15
531 10.5958 3.57061e-15
532 10.5958 3.57061e-15
533 10.5958 3.57061e-15
534 10.5958 3.57061e-15
535 10.5958 3.57061e-15
536 10.5958 3.57061e-15
537 10.5958 3.57061e-15
538 10.5958 3.57061e-15
539 10.5958 3.57061e-15
540 10.5958 3.57061e-15
541 10.5958 3.57061e-15
542 10.5958 3.57061e-15
543 10.5958 3.57061e-15
544 10.5958 3.57061e-15
545 10.5958 3.57061e-15
546 10.5958 3.57061e-15
547 10.5958 3.57061e-15
548 10.5958 3.57061e-15
549 10.5958 3.57061e-15
550 10.5958 3.57061e-15
551 10.5958 3.57061e-15
552 10.5958 3.57061e-15
553 10.5958 3.57061e-15
554 10.5958 3.57061e-15
555 10.5958 3.57061e-15
556 10.5958 3.57061e-15
557 10.5958 3.57061e-15
558 10.5958 3.57061e-15
559 10.5958 3.57061e-15
560 10.5958 3.57061e-15
561 10.5958 3.57061e-15
562 10.5958 3.57061e-15
563 10.5958 3.57061e-15
564 10.5958 3.57061e-15
565 10.5958 3.57061e-15
566 10.5958 3.57061e-15
567 10.5958 3.57061e-15
568 10.5958 3.57061e-15
569 10.5958 3.57061e-15
570 10.5958 3.57061e-15
571 10.5958 3.57061e-15
572 10.5958 3.57061e-15
573 10.5958 3.57061e-15
574 10.5958 3.57061e-15
575 10.5958 3.57061e-15
576 10.5958 3.57061e-15
577 10.5958 3.57061e-15
578 10.5958 3.57061e-15
579 10.5958 3.57061e-15
580 10.5958 3.57061e-15
581 10.5958 3.57061e-15
582 10.5958 3.57061e-15
583 10.5958 3.57061e-15
584 10.5958 3.57061e-15
585 10.5958 3.57061e-15
586 10.5958 3.57061e-15
587 10.5958 3.57061e-15
588 10.5958 3.57061e-15
589 10.5958 3.57061e-15
590 10.5958 3.57061e-15
591 10.5958 3.57061e-15
592 10.5958 3.57061e-15
593 10.5958 3.57061e-15
594 10.5958 3.57061e-15
595 10.5958 3.57061e-15
596 10.5958 3.57061e-15
597 10.5958 3.57061e-15
598 10.5958 3.57061e-15
599 10.5958 3.57061e-15
600 10.5958 3.57061e-15
601 10.5958 3.57061e-15
602 10.5958 3.57061e-15
603 10.5958 3.57061e-15
604 10.5958 3.57061e-15
605 10.5958 3.57061e-15
606 10.5958 3.57061e-15
607 10.5958 3.57061e-15
608 10.5958 3.57061e-15
609 10.5958 3.57061e-15
610 10.5958 3.57061e-15
611 10.5958 3.57061e-15
612 10.5958 3.57061e-15
613 10.5958 3.57061e-15
614 10.5958 3.57061e-15
615 10.5958 3.57061e-15
616 10.5958 3.57061e-15
617 10.5958 3.57061e-15
618 10.5958 3.57061e-15
619 10.5958 3.57061e-15
620 10.5958 3.57061e-15
621 10.5958 3.57061e-15
622 10.5958 3.57061e-15
623 10.5958 3.57061e-15
624 10.5958 3.57061e-15
625 10.5958 3.57061e-15
626 10.5958 3.57061e-15
627 10.5958 3.57061e-15
628 10.5958 3.57061e-15
629 10.5958 3.57061e-15
630 10.5958 3.57061e-15
631 10.5958 3.57061e-15
632 10.5958 3.57061e-15
633 10.5958 3.57061e-15
634 10.5958 3.57061e-15
635 10.5958 3.57061e-15
636 10.5958 3.57061e-15
637 10.5958 3.57061e-15
638 10.5958 3.57061e-15
639 10.5958 3.57061e-15
640 10.5958 3.57061e-15
641 10.5958 3.57061e-15
642 10.5958 3.57061e-15
643 10.5958 3.57061e-15
644 10.5958 3.57061e-15
645 10.5958 3.57061e-15
646 10.5958 3.57061e-15
647 10.5958 3.57061e-15
648 10.5958 3.57061e-15
649 10.5958 3.57061e-15
650 10.5958 3.57061e-15
651 10.5958 3.57061e-15
652 10.5958 3.57061e-15
653 10.5958 3.57061e-15
654 10.5958 3.57061e-15
655 10.5958 3.57061e-15
656 10.5958 3.57061e-15
657 10.5958 3.57061e-15
658 10.5958 3.57061e-15
659 10.5958 3.57061e-15
660 10.5958 3.57061e-15
661 10.5958 3.57061e-15
662 10.5958 3.57061e-15
663 10.5958 3.57061e-15
664 10.5958 3.57061e-15
665 10.5958 3.57061e-15
666 10.5958 3.57061e-15
667 10.5958 3.57061e-15
668 10.5958 3.57061e-15
669 10.5958 3.57061e-15
670 10.5958 3.57061e-15
671 10.5958 3.57061e-15
672 10.5958 3.57061e-15
673 10.5958 3.57061e-15
674 10.5958 3.57061e-15
675 10.5958 3.57061e-15
676 10.5958 3.57061e-15
677 10.5958 3.57061e-15
678 10.5958 3.57061e-15
679 10.5958 3.57061e-15
680 10.5958 3.57061e-15
681 10.5958 3.57061e-15
682 10.5958 3.57061e-15
683 10.5958 3.57061e-15
684 10.5958 3.57061e-15
685 10.5958 3.57061e-15
686 10.5958 3.57061e-15
687 10.5958 3.57061e-15
688 10.5958 3.57061e-15
689 10.5958 3.57061e-15
690 10.5958 3.57061e-15
691 10.5958 3.57061e-15
692 10.5958 3.57061e-15
693 10.5958 3.57061e-15
694 10.5958 3.57061e-15
695 10.5958 3.57061e-15
696 10.5958 3.57061e-15
697 10.5958 3.57061e-15
698 10.5958 3.57061e-15
699 10.5958 3.57061e-15
700 10.5958 3.57061e-15
701 10.5958 3.57061e-15
702 10.5958 3.57061e-15
703 10.5958 3.57061e-15
704 10.5958 3.57061e-15
705 10.5958 3.57061e-15
706 10.5958 3.57061e-15
707 10.5958 3.57061e-15
708 10.5958 3.57061e-15
709 10.5958 3.57061e-15
710 10.5958 3.57061e-15
711 10.5958 3.57061e-15
712 10.5958 3.57061e-15
713 10.5958 3.57061e-15
714 10.5958 3.57061e-15
715 10.5958 3.57061e-15
716 10.5958 3.57061e-15
717 10.5958 3.57061e-15
718 10.5958 3.57061e-15
719 10.5958 3.57061e-15
720 10.5958 3.57061e-15
721 10.5958 3.57061e-15
722 10.5958 3.57061e-15
723 10.5958 3.57061e-15
724 10.5958 3.57061e-15
725 10.5958 3.57061e-15
726 10.5958 3.57061e-15
727 10.5958 3.57061e-15
728 10.5958 3.57061e-15
729 10.5958 3.57061e-15
730 10.5958 3.57061e-15
731 10.5958 3.57061e-15
732 10.5958 3.57061e-15
733 10.5958 3.57061e-15
734 10.5958 3.57061e-15
735 10.5958 3.57061e-15
736 10.5958 3.57061e-15
737 10.5958 3.57061e-15
738 10.5958 3.57061e-15
739 10.5958 3.57061e-15
740 10.5958 3.57061e-15
741 10.5958 3.57061e-15
742 10.5958 3.57061e-15
743 10.5958 3.57061e-15
744 10.5958 3.57061e-15
745 10.5958 3.57061e-15
746 10.5958 3.57061e-15
747 10.5958 3.57061e-15
748 10.5958 3.57061e-15
749 10.5958 3.57061e-15
750 10.5958 3.57061e-15
751 10.5958 3.57061e-15
752 10.5958 3.57061e-15
753 10.5958 3.57061e-15
754 10.5958 3.57061e-15
755 10.5958 3.57061e-15
756 10.5958 3.57061e-15
757 10.5958 3.57061e-15
758 10.5958 3.57061e-15
759 10.5958 3.57061e-15
760 10.5958 3.57061e-15
761 10.5958 3.57061e-15
762 10.5958 3.57061e-15
763 10.5958 3.57061e-15
764 10.5958 3.57061e-15
765 10.5958 3.57061e-15
766 10.5958 3.57061e-15
767 10.5958 3.57061e-15
768 10.5958 3.57061e-15
769 10.5958 3.57061e-15
770 10.5958 3.57061e-15
771 10.5958 3.57061e-15
772 10.5958 3.57061e-15
773 10.5958 3.57061e-15
774 10.5958 3.57061e-15
775 10.5958 3.57061e-15
776 10.5958 3.57061e-15
777 10.5958 3.57061e-15
778 10.5958 3.57061e-15
779 10.5958 3.57061e-15
780 10.5958 3.57061e-15
781 10.5958 3.57061e-15
782 10.5958 3.57061e-15
783 10.5958 3.57061e-15
784 10.5958 3.57061e-15
785 10.5958 3.57061e-15
786 10.5958 3.57061e-15
787 10.5958 3.57061e-15
788 10.5958 3.57061e-15
789 10.5958 3.57061e-15
790 10.5958 3.57061e-15
791 10.5958 3.57061e-15
792 10.5958 3.57061e-15
793 10.5958 3.57061e-15
794 10.5958 3.57061e-15
795 10.5958 3.57061e-15
796 10.5958 3.57061e-15
797 10.5958 3.57061e-15
798 10.5958 3.57061e-15
799 10.5958 3.57061e-15
800 10.5958 3.57061e-15
801 10.5958 3.57061e-15
802 10.5958 3.57061e-15
803 10.5958 3.57061e-15
804 10.5958 3.57061e-15
805 10.5958 3.57061e-15
806 10.5958 3.57061e-15
807 10.5958 3.57061e-15
808 10.5958 3.57061e-15
809 10.5958 3.57061e-15
810 10.5958 3.57061e-15
811 10.5958 3.57061e-15
812 10.5958 3.57061e-15
813 10.5958 3.57061e-15
814 10.5958 3.57061e-15
815 10.5958 3.57061e-15
816 10.5958 3.57061e-15
817 10.5958 3.57061e-15
818 10.5958 3.57061e-15
819 10.5958 3.57061e-15
820 10.5958 3.57061e-15
821 10.5958 3.57061e-15
822 10.5958 3.57061e-15
823 10.5958 3.57061e-15
824 10.5958 3.57061e-15
825 10.5958 3.57061e-15
826 10.5958 3.57061e-15
827 10.5958 3.57061e-15
828 10.5958 3.57061e-15
829 10.5958 3.57061e-15
830 10.5958 3.57061e-15
831 10.5958 3.57061e-15
832 10.5958 3.57061e-15
833 10.5958 3.57061e-15
834 10.5958 3.57061e-15
835 10.5958 3.57061e-15
836 10.5958 3.57061e-15
837 10.5958 3.57061e-15
838 10.5958 3.57061e-15
839 10.5958 3.57061e-15
840 10.5958 3.57061e-15
841 10.5958 3.57061e-15
842 10.5958 3.57061e-15
843 10.5958 3.57061e-15
844 10.5958 3.57061e-15
845 10.5958 3.57061e-15
846 10.5958 3.57061e-15
847 10.5958 3.57061e-15
848 10.5958 3.57061e-15
849 10.5958 3.57061e-15
850 10.5958 3.57061e-15
851 10.5958 3.57061e-15
852 10.5958 3.57061e-15
853 10.5958 3.57061e-15
854 10.5958 3.57061e-15
855 10.5958 3.57061e-15
856 10.5958 3.57061e-15
857 10.5958 3.57061e-15
858 10.5958 3.57061e-15
859 10.5958 3.57061e-15
860 10.5958 3.57061e-15
861 10.5958 3.57061e-15
862 10.5958 3.57061e-15
863 10.5958 3.57061e-15
864 10.5958 3.57061e-15
865 10.5958 3.57061e-15
866 10.5958 3.57061e-15
867 10.5958 3.57061e-15
868 10.5958 3.57061e-15
869 10.5958 3.57061e-15
870 10.5958 3.57061e-15
871 10.5958 3.57061e-15
872 10.5958 3.57061e-15
873 10.5958 3.57061e-15
874 10.5958 3.57061e-15
875 10.5958 3.57061e-15
876 10.5958 3.57061e-15
877 10.5958 3.57061e-15
878 10.5958 3.57061e-15
879 10.5958 3.57061e-15
880 10.5958 3.57061e-15
881 10.5958 3.57061e-15
882 10.5958 3.57061e-15
883 10.5958 3.57061e-15
884 10.5958 3.57061e-15
885 10.5958 3.57061e-15
886 10.5958 3.57061e-15
887 10.5958 3.57061e-15
888 10.5958 3.57061e-15
889 10.5958 3.57061e-15
890 10.5958 3.57061e-15
891 10.5958 3.57061e-15
892 10.5958 3.57061e-15
893 10.5958 3.57061e-15
894 10.5958 3.57061e-15
895 10.5958 3.57061e-15
896 10.5958 3.57061e-15
897 10.5958 3.57061e-15
898 10.5958 3.57061e-15
899 10.5958 3.57061e-15
900 10.5958 3.57061e-15
901 10.5958 3.57061e-15
902 10.5958 3.57061e-15
903 10.5958 3.57061e-15
904 10.5958 3.57061e-15
905 10.5958 3.57061e-15
906 10.5958 3.57061e-15
907 10.5958 3.57061e-15
908 10.5958 3.57061e-15
909 10.5958 3.57061e-15
910 10.5958 3.57061e-15
911 10.5958 3.57061e-15
912 10.5958 3.57061e-15
913 10.5958 3.57061e-15
914 10.5958 3.57061e-15
915 10.5958 3.57061e-15
916 10.5958 3.57061e-15
917 10.5958 3.57061e-15
918 10.5958 3.57061e-15
919 10.5958 3.57061e-15
920 10.5958 3.57061e-15
921 10.5958 3.57061e-15
922 10.5958 3.57061e-15
923 10.5958 3.57061e-15
924 10.5958 3.57061e-15
925 10.5958 3.57061e-15
926 10.5958 3.57061e-15
927 10.5958 3.57061e-15
928 10.5958 3.57061e-15
929 10.5958 3.57061e-15
930 10.5958 3.57061e-15
931 10.5958 3.57061e-15
932 10.5958 3.57061e-15
933 10.5958 3.57061e-15
934 10.5958 3.57061e-15
935 10.5958 3.57061e-15
936 10.5958 3.57061e-15
937 10.5958 3.57061e-15
938 10.5958 3.57061e-15
939 10.5958 3.57061e-15
940 10.5958 3.57061e-15
941 10.5958 3.57061e-15
942 10.5958 3.57061e-15
943 10.5958 3.57061e-15
944 10.5958 3.57061e-15
945 10.5958 3.57061e-15
946 10.5958 3.57061e-15
947 10.5958 3.57061e-15
948 10.5958 3.57061e-15
949 10.5958 3.57061e-15
950 10.5958 3.57061e-15
951 10.5958 3.57061e-15
952 10.5958 3.57061e-15
953 10.5958 3.57061e-15
954 10.5958 3.57061e-15
955 10.5958 3.57061e-15
956 10.5958 3.57061e-15
957 10.5958 3.57061e-15
958 10.5958 3.57061e-15
959 10.5958 3.57061e-15
960 10.5958 3.57061e-15
961 10.5958 3.57061e-15
962 10.5958 3.57061e-15
963 10.5958 3.57061e-15
964 10.5958 3.57061e-15
965 10.5958 3.57061e-15
966 10.5958 3.57061e-15
967 10.5958 3.57061e-15
968 10.5958 3.57061e-15
969 10.5958 3.57061e-15
970 10.5958 3.57061e-15
971 10.5958 3.57061e-15
972 10.5958 3.57061e-15
973 10.5958 3.57061e-15
974 10.5958 3.57061e-15
975 10.5958 3.57061e-15
976 10.5958 3.57061e-15
977 10.5958 3.57061e-15
978 10.5958 3.57061e-15
979 10.5958 3.57061e-15
980 10.5958 3.57061e-15
981 10.5958 3.57061e-15
982 10.5958 3.57061e-15
983 10.5958 3.57061e-15
984 10.5958 3.57061e-15
985 10.5958 3.57061e-15
986 10.5958 3.57061e-15
987 10.5958 3.57061e-15
988 10.5958 3.57061e-15
989 10.5958 3.57061e-15
990 10.5958 3.57061e-15
991 10.5958 3.57061e-15
992 10.5958 3.57061e-15
993 10.5958 3.57061e-15
994 10.5958 3.57061e-15
995 10.5958 3.57061e-15
996 10.5958 3.57061e-15
997 10.5958 3.57061e-15
998 10.5958 3.57061e-15
999 10.5958 3.57061e-15
1000 10.5958 3.57061e-15
1001 10.5958 3.57061e-15
1002 10.5958 3.57061e-15
1003 10.5958 3.57061e-15
1004 10.5958 3.57061e-15
1005 10.5958 3.57061e-15
1006 10.5958 3.57061e-15
1007 10.5958 3.57061e-15
1008 10.5958 3.57061e-15
1009 10.5958 3.57061e-15
1010 10.5958 3.57061e-15
1011 10.5958 3.57061e-15
1012 10.5958 3.57061e-15
1013 10.5958 3.57061e-15
1014 10.5958 3.57061e-15
1015 10.5958 3.57061e-15
1016 10.5958 3.57061e-15
1017 10.5958 3.57061e-15
1018 10.5958 3.57061e-15
1019 10.5958 3.57061e-15
1020 10.5958 3.57061e-15
1021 10.5958 3.57061e-15
1022 10.5958 3.57061e-15
1023 10.5958 3.57061e-15
1024 10.5958 3.57061e-15
1025 10.5958 3.57061e-15
1026 10.5958 3.57061e-15
1027 10.5958 3.57061e-15
1028 10.5958 3.57061e-15
1029 10.5958 3.57061e-15
1030 10.5958 3.57061e-15
1031 10.5958 3.57061e-15
1032 10.5958 3.57061e-15
1033 10.5958 3.57061e-15
1034 10.5958 3.57061e-15
1035 10.5958 3.57061e-15
1036 10.5958 3.57061e-15
1037 10.5958 3.57061e-15
1038 10.5958 3.57061e-15
1039 10.5958 3.57061e-15
1040 10.5958 3.57061e-15
1041 10.5958 3.57061e-15
1042 10.5958 3.57061e-15
1043 10.5958 3.57061e-15
1044 10.5958 3.57061e-15
1045 10.5958 3.57061e-15
1046 10.5958 3.57061e-15
1047 10.5958 3.57061e-15
1048 10.5958 3.57061e-15
1049 10.5958 3.57061e-15
1050 10.5958 3.57061e-15
1051 10.5958 3.57061e-15
1052 10.5958 3.57061e-15
1053 10.5958 3.57061e-15
1054 10.5958 3.57061e-15
1055 10.5958 3.57061e-15
1056 10.5958 3.57061e-15
1057 10.5958 3.57061e-15
1058 10.5958 3.57061e-15
1059 10.5958 3.57061e-15
1060 10.5958 3.57061e-15
1061 10.5958 3.57061e-15
1062 10.5958 3.57061e-15
1063 10.5958 3.57061e-15
1064 10.5958 3.57061e-15
1065 10.5958 3.57061e-15
1066 10.5958 3.57061e-15
1067 10.5958 3.57061e-15
1068 10.5958 3.57061e-15
1069 10.5958 3.57061e-15
1070 10.5958 3.57061e-15
1071 10.5958 3.57061e-15
1072 10.5958 3.57061e-15
1073 10.5958 3.57061e-15
1074 10.5958 3.57061e-15
1075 10.5958 3.57061e-15
1076 10.5958 3.57061e-15
1077 10.5958 3.57061e-15
1078 10.5958 3.57061e-15
1079 10.5958 3.57061e-15
1080 10.5958 3.57061e-15
1081 10.5958 3.57061e-15
1082 10.5958 3.57061e-15
1083 10.5958 3.57061e-15
1084 10.5958 3.57061e-15
1085 10.5958 3.57061e-15
1086 10.5958 3.57061e-15
1087 10.5958 3.57061e-15
1088 10.5958 3.57061e-15
1089 10.5958 3.57061e-15
1090 10.5958 3.57061e-15
1091 10.5958 3.57061e-15
1092 10.5958 3.57061e-15
1093 10.5958 3.57061e-15
1094 10.5958 3.57061e-15
1095 10.5958 3.57061e-15
1096 10.5958 3.57061e-15
1097 10.5958 3.57061e-15
1098 10.5958 3.57061e-15
1099 10.5958 3.57061e-15
1100 10.5958 3.57061e-15
1101 10.5958 3.57061e-15
1102 10.5958 3.57061e-15
1103 10.5958 3.57061e-15
1104 10.5958 3.57061e-15
1105 10.5958 3.57061e-15
1106 10.5958 3.57061e-15
1107 10.5958 3.57061e-15
1108 10.5958 3.57061e-15
1109 10.5958 3.57061e-15
1110 10.5958 3.57061e-15
1111 10.5958 3.57061e-15
1112 10.5958 3.57061e-15
1113 10.5958 3.57061e-15
1114 10.5958 3.57061e-15
1115 10.5958 3.57061e-15
1116 10.5958 3.57061e-15
1117 10.5958 3.57061e-15
1118 10.5958 3.57061e-15
1119 10.5958 3.57061e-15
1120 10.5958 3.57061e-15
1121 10.5958 3.57061e-15
1122 10.5958 3.57061e-15
1123 10.5958 3.57061e-15
1124 10.5958 3.57061e-15
1125 10.5958 3.57061e-15
1126 10.5958 3.57061e-15
1127 10.5958 3.57061e-15
1128 10.5958 3.57061e-15
1129 10.5958 3.57061e-15
1130 10.5958 3.57061e-15
1131 10.5958 3.57061e-15
1132 10.5958 3.57061e-15
1133 10.5958 3.57061e-15
1134 10.5958 3.57061e-15
1135 10.5958 3.57061e-15
1136 10.5958 3.57061e-15
1137 10.5958 3.57061e-15
1138 10.5958 3.57061e-15
1139 10.5958 3.57061e-15
1140 10.5958 3.57061e-15
1141 10.5958 3.57061e-15
1142 10.5958 3.57061e-15
1143 10.5958 3.57061e-15
1144 10.5958 3.57061e-15
1145 10.5958 3.57061e-15
1146 10.5958 3.57061e-15
1147 10.5958 3.57061e-15
1148 10.5958 3.57061e-15
1149 10.5958 3.57061e-15
1150 10.5958 3.57061e-15
1151 10.5958 3.57061e-15
1152 10.5958 3.57061e-15
1153 10.5958 3.57061e-15
1154 10.5958 3.57061e-15
1155 10.5958 3.57061e-15
1156 10.5958 3.57061e-15
1157 10.5958 3.57061e-15
1158 10.5958 3.57061e-15
1159 10.5958 3.57061e-15
1160 10.5958 3.57061e-15
1161 10.5958 3.57061e-15
1162 10.5958 3.57061e-15
1163 10.5958 3.57061e-15
1164 10.5958 3.57061e-15
1165 10.5958 3.57061e-15
1166 10.5958 3.57061e-15
1167 10.5958 3.57061e-15
1168 10.5958 3.57061e-15
1169 10.5958 3.57061e-15
1170 10.5958 3.57061e-15
1171 10.5958 3.57061e-15
1172 10.5958 3.57061e-15
1173 10.5958 3.57061e-15
1174 10.5958 3.57061e-15
1175 10.5958 3.57061e-15
1176 10.5958 3.57061e-15
1177 10.5958 3.57061e-15
1178 10.5958 3.57061e-15
1179 10.5958 3.57061e-15
1180 10.5958 3.57061e-15
1181 10.5958 3.57061e-15
1182 10.5958 3.57061e-15
1183 10.5958 3.57061e-15
1184 10.5958 3.57061e-15
1185 10.5958 3.57061e-15
1186 10.5958 3.57061e-15
1187 10.5958 3.57061e-15
1188 10.5958 3.57061e-15
1189 10.5958 3.57061e-15
1190 10.5958 3.57061e-15
1191 10.5958 3.57061e-15
1192 10.5958 3.57061e-15
1193 10.5958 3.57061e-15
1194 10.5958 3.57061e-15
1195 10.5958 3.57061e-15
1196 10.5958 3.57061e-15
1197 10.5958 3.57061e-15
1198 10.5958 3.57061e-15
1199 10.5958 3.57061e-15
1200 10.5958 3.57061e-15
1201 10.5958 3.57061e-15
1202 10.5958 3.57061e-15
1203 10.5958 3.57061e-15
1204 10.5958 3.57061e-15
1205 10.5958 3.57061e-15
1206 10.5958 3.57061e-15
1207 10.5958 3.57061e-15
1208 10.5958 3.57061e-15
1209 10.5958 3.57061e-15
1210 10.5958 3.57061e-15
1211 10.5958 3.57061e-15
1212 10.5958 3.57061e-15
1213 10.5958 3.57061e-15
1214 10.5958 3.57061e-15
1215 10.5958 3.57061e-15
1216 10.5958 3.57061e-15
1217 10.5958 3.57061e-15
1218 10.5958 3.57061e-15
1219 10.5958 3.57061e-15
1220 10.5958 3.57061e-15
1221 10.5958 3.57061e-15
1222 10.5958 3.57061e-15
1223 10.5958 3.57061e-15
1224 10.5958 3.57061e-15
1225 10.5958 3.57061e-15
1226 10.5958 3.57061e-15
1227 10.5958 3.57061e-15
1228 10.5958 3.57061e-15
1229 10.5958 3.57061e-15
1230 10.5958 3.57061e-15
1231 10.5958 3.57061e-15
1232 10.5958 3.57061e-15
1233 10.5958 3.57061e-15
1234 10.5958 3.57061e-15
1235 10.5958 3.57061e-15
1236 10.5958 3.57061e-15
1237 10.5958 3.57061e-15
1238 10.5958 3.57061e-15
1239 10.5958 3.57061e-15
1240 10.5958 3.57061e-15
1241 10.5958 3.57061e-15
1242 10.5958 3.57061e-15
1243 10.5958 3.57061e-15
1244 10.5958 3.57061e-15
1245 10.5958 3.57061e-15
1246 10.5958 3.57061e-15
1247 10.5958 3.57061e-15
1248 10.5958 3.57061e-15
1249 10.5958 3.57061e-15
1250 10.5958 3.57061e-15
1251 10.5958 3.57061e-15
1252 10.5958 3.57061e-15
1253 10.5958 3.57061e-15
1254 10.5958 3.57061e-15
1255 10.5958 3.57061e-15
1256 10.5958 3.57061e-15
1257 10.5958 3.57061e-15
1258 10.5958 3.57061e-15
1259 10.5958 3.57061e-15
1260 10.5958 3.57061e-15
1261 10.5958 3.57061e-15
1262 10.5958 3.57061e-15
1263 10.5958 3.57061e-15
1264 10.5958 3.57061e-15
1265 10.5958 3.57061e-15
1266 10.5958 3.57061e-15
1267 10.5958 3.57061e-15
1268 10.5958 3.57061e-15
1269 10.5958 3.57061e-15
1270 10.5958 3.57061e-15
1271 10.5958 3.57061e-15
1272 10.5958 3.57061e-15
1273 10.5958 3.57061e-15
1274 10.5958 3.57061e-15
1275 10.5958 3.57061e-15
1276 10.5958 3.57061e-15
1277 10.5958 3.57061e-15
1278 10.5958 3.57061e-15
1279 10.5958 3.57061e-15
1280 10.5958 3.57061e-15
1281 10.5958 3.57061e-15
1282 10.5958 3.57061e-15
1283 10.5958 3.57061e-15
1284 10.5958 3.57061e-15
1285 10.5958 3.57061e-15
1286 10.5958 3.57061e-15
1287 10.5958 3.57061e-15
1288 10.5958 3.57061e-15
1289 10.5958 3.57061e-15
1290 10.5958 3.57061e-15
1291 10.5958 3.57061e-15
1292 10.5958 3.57061e-15
1293 10.5958 3.57061e-15
1294 10.5958 3.57061e-15
1295 10.5958 3.57061e-15
1296 10.5958 3.57061e-15
1297 10.5958 3.57061e-15
1298 10.5958 3.57061e-15
1299 10.5958 3.57061e-15
1300 10.5958 3.57061e-15
1301 10.5958 3.57061e-15
1302 10.5958 3.57061e-15
1303 10.5958 3.57061e-15
1304 10.5958 3.57061e-15
1305 10.5958 3.57061e-15
1306 10.5958 3.57061e-15
1307 10.5958 3.57061e-15
1308 10.5958 3.57061e-15
1309 10.5958 3.57061e-15
1310 10.5958 3.57061e-15
1311 10.5958 3.57061e-15
1312 10.5958 3.57061e-15
1313 10.5958 3.57061e-15
1314 10.5958 3.57061e-15
1315 10.5958 3.57061e-15
1316 10.5958 3.57061e-15
1317 10.5958 3.57061e-15
1318 10.5958 3.57061e-15
1319 10.5958 3.57061e-15
1320 10.5958 3.57061e-15
1321 10.5958 3.57061e-15
1322 10.5958 3.57061e-15
1323 10.5958 3.57061e-15
1324 10.5958 3.57061e-15
1325 10.5958 3.57061e-15
1326 10.5958 3.57061e-15
1327 10.5958 3.57061e-15
1328 10.5958 3.57061e-15
1329 10.5958 3.57061e-15
1330 10.5958 3.57061e-15
1331 10.5958 3.57061e-15
1332 10.5958 3.57061e-15
1333 10.5958 3.57061e-15
1334 10.5958 3.57061e-15
1335 10.5958 3.57061e-15
1336 10.5958 3.57061e-15
1337 10.5958 3.57061e-15
1338 10.5958 3.57061e-15
1339 10.5958 3.57061e-15
1340 10.5958 3.57061e-15
1341 10.5958 3.57061e-15
1342 10.5958 3.57061e-15
1343 10.5958 3.57061e-15
1344 10.5958 3.57061e-15
1345 10.5958 3.57061e-15
1346 10.5958 3.57061e-15
1347 10.5958 3.57061e-15
1348 10.5958 3.57061e-15
1349 10.5958 3.57061e-15
1350 10.5958 3.57061e-15
1351 10.5958 3.57061e-15
1352 10.5958 3.57061e-15
1353 10.5958 3.57061e-15
1354 10.5958 3.57061e-15
1355 10.5958 3.57061e-15
1356 10.5958 3.57061e-15
1357 10.5958 3.57061e-15
1358 10.5958 3.57061e-15
1359 10.5958 3.57061e-15
1360 10.5958 3.57061e-15
1361 10.5958 3.57061e-15
1362 10.5958 3.57061e-15
1363 10.5958 3.57061e-15
1364 10.5958 3.57061e-15
1365 10.5958 3.57061e-15
1366 10.5958 3.57061e-15
1367 10.5958 3.57061e-15
1368 10.5958 3.57061e-15
1369 10.5958 3.57061e-15
1370 10.5958 3.57061e-15
1371 10.5958 3.57061e-15
1372 10.5958 3.57061e-15
1373 10.5958 3.57061e-15
1374 10.5958 3.57061e-15
1375 10.5958 3.57061e-15
1376 10.5958 3.57061e-15
1377 10.5958 3.57061e-15
1378 10.5958 3.57061e-15
1379 10.5958 3.57061e-15
1380 10.5958 3.57061e-15
1381 10.5958 3.57061e-15
1382 10.5958 3.57061e-15
1383 10.5958 3.57061e-15
1384 10.5958 3.57061e-15
1385 10.5958 3.57061e-15
1386 10.5958 3.57061e-15
1387 10.5958 3.57061e-15
1388 10.5958 3.57061e-15
1389 10.5958 3.57061e-15
1390 10.5958 3.57061e-15
1391 10.5958 3.57061e-15
1392 10.5958 3.57061e-15
1393 10.5958 3.57061e-15
1394 10.5958 3.57061e-15
1395 10.5958 3.57061e-15
1396 10.5958 3.57061e-15
1397 10.5958 3.57061e-15
1398 10.5958 3.57061e-15
1399 10.5958 3.57061e-15
1400 10.5958 3.57061e-15
1401 10.5958 3.57061e-15
1402 10.5958 3.57061e-15
1403 10.5958 3.57061e-15
1404 10.5958 3.57061e-15
1405 10.5958 3.57061e-15
1406 10.5958 3.57061e-15
1407 10.5958 3.57061e-15
1408 10.5958 3.57061e-15
1409 10.5958 3.57061e-15
1410 10.5958 3.57061e-15
1411 10.5958 3.57061e-15
1412 10.5958 3.57061e-15
1413 10.5958 3.57061e-15
1414 10.5958 3.57061e-15
1415 10.5958 3.57061e-15
1416 10.5958 3.57061e-15
1417 10.5958 3.57061e-15
1418 10.5958 3.57061e-15
1419 10.5958 3.57061e-15
1420 10.5958 3.57061e-15
1421 10.5958 3.57061e-15
1422 10.5958 3.57061e-15
1423 10.5958 3.57061e-15
1424 10.5958 3.57061e-15
1425 10.5958 3.57061e-15
1426 10.5958 3.57061e-15
1427 10.5958 3.57061e-15
1428 10.5958 3.57061e-15
1429 10.5958 3.57061e-15
1430 10.5958 3.57061e-15
1431 10.5958 3.57061e-15
1432 10.5958 3.57061e-15
1433 10.5958 3.57061e-15
1434 10.5958 3.57061e-15
1435 10.5958 3.57061e-15
1436 10.5958 3.57061e-15
1437 10.5958 3.57061e-15
1438 10.5958 3.57061e-15
1439 10.5958 3.57061e-15
1440 10.5958 3.57061e-15
1441 10.5958 3.57061e-15
1442 10.5958 3.57061e-15
1443 10.5958 3.57061e-15
1444 10.5958 3.57061e-15
1445 10.5958 3.57061e-15
1446 10.5958 3.57061e-15
1447 10.5958 3.57061e-15
1448 10.5958 3.57061e-15
1449 10.5958 3.57061e-15
1450 10.5958 3.57061e-15
1451 10.5958 3.57061e-15
1452 10.5958 3.57061e-15
1453 10.5958 3.57061e-15
1454 10.5958 3.57061e-15
1455 10.5958 3.57061e-15
1456 10.5958 3.57061e-15
1457 10.5958 3.57061e-15
1458 10.5958 3.57061e-15
1459 10.5958 3.57061e-15
1460 10.5958 3.57061e-15
1461 10.5958 3.57061e-15
1462 10.5958 3.57061e-15
1463 10.5958 3.57061e-15
1464 10.5958 3.57061e-15
1465 10.5958 3.57061e-15
1466 10.5958 3.57061e-15
1467 10.5958 3.57061e-15
1468 10.5958 3.57061e-15
1469 10.5958 3.57061e-15
1470 10.5958 3.57061e-15
1471 10.5958 3.57061e-15
1472 10.5958 3.57061e-15
1473 10.5958 3.57061e-15
1474 10.5958 3.57061e-15
1475 10.5958 3.57061e-15
1476 10.5958 3.57061e-15
1477 10.5958 3.57061e-15
1478 10.5958 3.57061e-15
1479 10.5958 3.57061e-15
1480 10.5958 3.57061e-15
1481 10.5958 3.57061e-15
1482 10.5958 3.57061e-15
1483 10.5958 3.57061e-15
1484 10.5958 3.57061e-15
1485 10.5958 3.57061e-15
1486 10.5958 3.57061e-15
1487 10.5958 3.57061e-15
1488 10.5958 3.57061e-15
1489 10.5958 3.57061e-15
1490 10.5958 3.57061e-15
1491 10.5958 3.57061e-15
1492 10.5958 3.57061e-15
1493 10.5958 3.57061e-15
1494 10.5958 3.57061e-15
1495 10.5958 3.57061e-15
1496 10.5958 3.57061e-15
1497 10.5958 3.57061e-15
1498 10.5958 3.57061e-15
1499 10.5958 3.57061e-15
1500 10.5958 3.57061e-15
1501 10.5958 3.57061e-15
1502 10.5958 3.57061e-15
1503 10.5958 3.57061e-15
1504 10.5958 3.57061e-15
1505 10.5958 3.57061e-15
1506 10.5958 3.57061e-15
1507 10.5958 3.57061e-15
1508 10.5958 3.57061e-15
1509 10.5958 3.57061e-15
1510 10.5958 3.57061e-15
1511 10.5958 3.57061e-15
1512 10.5958 3.57061e-15
1513 10.5958 3.57061e-15
1514 10.5958 3.57061e-15
1515 10.5958 3.57061e-15
1516 10.5958 3.57061e-15
1517 10.5958 3.57061e-15
1518 10.5958 3.57061e-15
1519 10.5958 3.57061e-15
1520 10.5958 3.57061e-15
1521 10.5958 3.57061e-15
1522 10.5958 3.57061e-15
1523 10.5958 3.57061e-15
1524 10.5958 3.57061e-15
1525 10.5958 3.57061e-15
1526 10.5958 3.57061e-15
1527 10.5958 3.57061e-15
1528 10.5958 3.57061e-15
1529 10.5958 3.57061e-15
1530 10.5958 3.57061e-15
1531 10.5958 3.57061e-15
1532 10.5958 3.57061e-15
1533 10.5958 3.57061e-15
1534 10.5958 3.57061e-15
1535 10.5958 3.57061e-15
1536 10.5958 3.57061e-15
1537 10.5958 3.57061e-15
1538 10.5958 3.57061e-15
1539 10.5958 3.57061e-15
1540 10.5958 3.57061e-15
1541 10.5958 3.57061e-15
1542 10.5958 3.57061e-15
1543 10.5958 3.57061e-15
1544 10.5958 3.57061e-15
1545 10.5958 3.57061e-15
1546 10.5958 3.57061e-15
1547 10.5958 3.57061e-15
1548 10.5958 3.57061e-15
1549 10.5958 3.57061e-15
1550 10.5958 3.57061e-15
1551 10.5958 3.57061e-15
1552 10.5958 3.57061e-15
1553 10.5958 3.57061e-15
1554 10.5958 3.57061e-15
1555 10.5958 3.57061e-15
1556 10.5958 3.57061e-15
1557 10.5958 3.57061e-15
1558 10.5958 3.57061e-15
1559 10.5958 3.57061e-15
1560 10.5958 3.57061e-15
1561 10.5958 3.57061e-15
1562 10.5958 3.57061e-15
1563 10.5958 3.57061e-15
1564 10.5958 3.57061e-15
1565 10.5958 3.57061e-15
1566 10.5958 3.57061e-15
1567 10.5958 3.57061e-15
1568 10.5958 3.57061e-15
1569 10.5958 3.57061e-15
1570 10.5958 3.57061e-15
1571 10.5958 3.57061e-15
1572 10.5958 3.57061e-15
1573 10.5958 3.57061e-15
1574 10.5958 3.57061e-15
1575 10.5958 3.57061e-15
1576 10.5958 3.57061e-15
1577 10.5958 3.57061e-15
1578 10.5958 3.57061e-15
1579 10.5958 3.57061e-15
1580 10.5958 3.57061e-15
1581 10.5958 3.57061e-15
1582 10.5958 3.57061e-15
1583 10.5958 3.57061e-15
1584 10.5958 3.57061e-15
1585 10.5958 3.57061e-15
1586 10.5958 3.57061e-15
1587 10.5958 3.57061e-15
1588 10.5958 3.57061e-15
1589 10.5958 3.57061e-15
1590 10.5958 3.57061e-15
1591 10.5958 3.57061e-15
1592 10.5958 3.57061e-15
1593 10.5958 3.57061e-15
1594 10.5958 3.57061e-15
1595 10.5958 3.57061e-15
1596 10.5958 3.57061e-15
1597 10.5958 3.57061e-15
1598 10.5958 3.57061e-15
1599 10.5958 3.57061e-15
1600 10.5958 3.57061e-15
1601 10.5958 3.57061e-15
1602 10.5958 3.57061e-15
1603 10.5958 3.57061e-15
1604 10.5958 3.57061e-15
1605 10.5958 3.57061e-15
1606 10.5958 3.57061e-15
1607 10.5958 3.57061e-15
1608 10.5958 3.57061e-15
1609 10.5958 3.57061e-15
1610 10.5958 3.57061e-15
1611 10.5958 3.57061e-15
1612 10.5958 3.57061e-15
1613 10.5958 3.57061e-15
1614 10.5958 3.57061e-15
1615 10.5958 3.57061e-15
1616 10.5958 3.57061e-15
1617 10.5958 3.57061e-15
1618 10.5958 3.57061e-15
1619 10.5958 3.57061e-15
1620 10.5958 3.57061e-15
1621 10.5958 3.57061e-15
1622 10.5958 3.57061e-15
1623 10.5958 3.57061e-15
1624 10.5958 3.57061e-15
1625 10.5958 3.57061e-15
1626 10.5958 3.57061e-15
1627 10.5958 3.57061e-15
1628 10.5958 3.57061e-15
1629 10.5958 3.57061e-15
1630 10.5958 3.57061e-15
1631 10.5958 3.57061e-15
1632 10.5958 3.57061e-15
1633 10.5958 3.57061e-15
1634 10.5958 3.57061e-15
1635 10.5958 3.57061e-15
1636 10.5958 3.57061e-15
1637 10.5958 3.57061e-15
1638 10.5958 3.57061e-15
1639 10.5958 3.57061e-15
1640 10.5958 3.57061e-15
1641 10.5958 3.57061e-15
1642 10.5958 3.57061e-15
1643 10.5958 3.57061e-15
1644 10.5958 3.57061e-15
1645 10.5958 3.57061e-15
1646 10.5958 3.57061e-15
1647 10.5958 3.57061e-15
1648 10.5958 3.57061e-15
1649 10.5958 3.57061e-15
1650 10.5958 3.57061e-15
1651 10.5958 3.57061e-15
1652 10.5958 3.57061e-15
1653 10.5958 3.57061e-15
1654 10.5958 3.57061e-15
1655 10.5958 3.57061e-15
1656 10.5958 3.57061e-15
1657 10.5958 3.57061e-15
1658 10.5958 3.57061e-15
1659 10.5958 3.57061e-15
1660 10.5958 3.57061e-15
1661 10.5958 3.57061e-15
1662 10.5958 3.57061e-15
1663 10.5958 3.57061e-15
1664 10.5958 3.57061e-15
1665 10.5958 3.57061e-15
1666 10.5958 3.57061e-15
1667 10.5958 3.57061e-15
1668 10.5958 3.57061e-15
1669 10.5958 3.57061e-15
1670 10.5958 3.57061e-15
1671 10.5958 3.57061e-15
1672 10.5958 3.57061e-15
1673 10.5958 3.57061e-15
1674 10.5958 3.57061e-15
1675 10.5958 3.57061e-15
1676 10.5958 3.57061e-15
1677 10.5958 3.57061e-15
1678 10.5958 3.57061e-15
1679 10.5958 3.57061e-15
1680 10.5958 3.57061e-15
1681 10.5958 3.57061e-15
1682 10.5958 3.57061e-15
1683 10.5958 3.57061e-15
1684 10.5958 3.57061e-15
1685 10.5958 3.57061e-15
1686 10.5958 3.57061e-15
1687 10.5958 3.57061e-15
1688 10.5958 3.57061e-15
1689 10.5958 3.57061e-15
1690 10.5958 3.57061e-15
1691 10.5958 3.57061e-15
1692 10.5958 3.57061e-15
1693 10.5958 3.57061e-15
1694 10.5958 3.57061e-15
1695 10.5958 3.57061e-15
1696 10.5958 3.57061e-15
1697 10.5958 3.57061e-15
1698 10.5958 3.57061e-15
1699 10.5958 3.57061e-15
1700 10.5958 3.57061e-15
1701 10.5958 3.57061e-15
1702 10.5958 3.57061e-15
1703 10.5958 3.57061e-15
1704 10.5958 3.57061e-15
1705 10.5958 3.57061e-15
1706 10.5958 3.57061e-15
1707 10.5958 3.57061e-15
1708 10.5958 3.57061e-15
1709 10.5958 3.57061e-15
1710 10.5958 3.57061e-15
1711 10.5958 3.57061e-15
1712 10.5958 3.57061e-15
1713 10.5958 3.57061e-15
1714 10.5958 3.57061e-15
1715 10.5958 3.57061e-15
1716 10.5958 3.57061e-15
1717 10.5958 3.57061e-15
1718 10.5958 3.57061e-15
1719 10.5958 3.57061e-15
1720 10.5958 3.57061e-15
1721 10.5958 3.57061e-15
1722 10.5958 3.57061e-15
1723 10.5958 3.57061e-15
1724 10.5958 3.57061e-15
1725 10.5958 3.57061e-15
1726 10.5958 3.57061e-15
1727 10.5958 3.57061e-15
1728 10.5958 3.57061e-15
1729 10.5958 3.57061e-15
1730 10.5958 3.57061e-15
1731 10.5958 3.57061e-15
1732 10.5958 3.57061e-15
1733 10.5958 3.57061e-15
1734 10.5958 3.57061e-15
1735 10.5958 3.57061e-15
1736 10.5958 3.57061e-15
1737 10.5958 3.57061e-15
1738 10.5958 3.57061e-15
1739 10.5958 3.57061e-15
1740 10.5958 3.57061e-15
1741 10.5958 3.57061e-15
1742 10.5958 3.57061e-15
1743 10.5958 3.57061e-15
1744 10.5958 3.57061e-15
1745 10.5958 3.57061e-15
1746 10.5958 3.57061e-15
1747 10.5958 3.57061e-15
1748 10.5958 3.57061e-15
1749 10.5958 3.57061e-15
1750 10.5958 3.57061e-15
1751 10.5958 3.57061e-15
1752 10.5958 3.57061e-15
1753 10.5958 3.57061e-15
1754 10.5958 3.57061e-15
1755 10.5958 3.57061e-15
1756 10.5958 3.57061e-15
1757 10.5958 3.57061e-15
1758 10.5958 3.57061e-15
1759 10.5958 3.57061e-15
1760 10.5958 3.57061e-15
1761 10.5958 3.57061e-15
1762 10.5958 3.57061e-15
1763 10.5958 3.57061e-15
1764 10.5958 3.57061e-15
1765 10.5958 3.57061e-15
1766 10.5958 3.57061e-15
1767 10.5958 3.57061e-15
1768 10.5958 3.57061e-15
1769 10.5958 3.57061e-15
1770 10.5958 3.57061e-15
1771 10.5958 3.57061e-15
1772 10.5958 3.57061e-15
1773 10.5958 3.57061e-15
1774 10.5958 3.57061e-15
1775 10.5958 3.57061e-15
1776 10.5958 3.57061e-15
1777 10.5958 3.57061e-15
1778 10.5958 3.57061e-15
1779 10.5958 3.57061e-15
1780 10.5958 3.57061e-15
1781 10.5958 3.57061e-15
1782 10.5958 3.57061e-15
1783 10.5958 3.57061e-15
1784 10.5958 3.57061e-15
1785 10.5958 3.57061e-15
1786 10.5958 3.57061e-15
1787 10.5958 3.57061e-15
1788 10.5958 3.57061e-15
1789 10.5958 3.57061e-15
1790 10.5958 3.57061e-15
1791 10.5958 3.57061e-15
1792 10.5958 3.57061e-15
1793 10.5958 3.57061e-15
1794 10.5958 3.57061e-15
1795 10.5958 3.57061e-15
1796 10.5958 3.57061e-15
1797 10.5958 3.57061e-15
1798 10.5958 3.57061e-15
1799 10.5958 3.57061e-15
1800 10.5958 3.57061e-15
1801 10.5958 3.57061e-15
1802 10.5958 3.57061e-15
1803 10.5958 3.57061e-15
1804 10.5958 3.57061e-15
1805 10.5958 3.57061e-15
1806 10.5958 3.57061e-15
1807 10.5958 3.57061e-15
1808 10.5958 3.57061e-15
1809 10.5958 3.57061e-15
1810 10.5958 3.57061e-15
1811 10.5958 3.57061e-15
1812 10.5958 3.57061e-15
1813 10.5958 3.57061e-15
1814 10.5958 3.57061e-15
1815 10.5958 3.57061e-15
1816 10.5958 3.57061e-15
1817 10.5958 3.57061e-15
1818 10.5958 3.57061e-15
1819 10.5958 3.57061e-15
1820 10.5958 3.57061e-15
1821 10.5958 3.57061e-15
1822 10.5958 3.57061e-15
1823 10.5958 3.57061e-15
1824 10.5958 3.57061e-15
1825 10.5958 3.57061e-15
1826 10.5958 3.57061e-15
1827 10.5958 3.57061e-15
1828 10.5958 3.57061e-15
1829 10.5958 3.57061e-15
1830 10.5958 3.57061e-15
1831 10.5958 3.57061e-15
1832 10.5958 3.57061e-15
1833 10.5958 3.57061e-15
1834 10.5958 3.57061e-15
1835 10.5958 3.57061e-15
1836 10.5958 3.57061e-15
1837 10.5958 3.57061e-15
1838 10.5958 3.57061e-15
1839 10.5958 3.57061e-15
1840 10.5958 3.57061e-15
1841 10.5958 3.57061e-15
1842 10.5958 3.57061e-15
1843 10.5958 3.57061e-15
1844 10.5958 3.57061e-15
1845 10.5958 3.57061e-15
1846 10.5958 3.57061e-15
1847 10.5958 3.57061e-15
1848 10.5958 3.57061e-15
1849 10.5958 3.57061e-15
1850 10.5958 3.57061e-15
1851 10.5958 3.57061e-15
1852 10.5958 3.57061e-15
1853 10.5958 3.57061e-15
1854 10.5958 3.57061e-15
1855 10.5958 3.57061e-15
1856 10.5958 3.57061e-15
1857 10.5958 3.57061e-15
1858 10.5958 3.57061e-15
1859 10.5958 3.57061e-15
1860 10.5958 3.57061e-15
1861 10.5958 3.57061e-15
1862 10.5958 3.57061e-15
1863 10.5958 3.57061e-15
1864 10.5958 3.57061e-15
1865 10.5958 3.57061e-15
1866 10.5958 3.57061e-15
1867 10.5958 3.57061e-15
1868 10.5958 3.57061e-15
1869 10.5958 3.57061e-15
1870 10.5958 3.57061e-15
1871 10.5958 3.57061e-15
1872 10.5958 3.57061e-15
1873 10.5958 3.57061e-15
1874 10.5958 3.57061e-15
1875 10.5958 3.57061e-15
1876 10.5958 3.57061e-15
1877 10.5958 3.57061e-15
1878 10.5958 3.57061e-15
1879 10.5958 3.57061e-15
1880 10.5958 3.57061e-15
1881 10.5958 3.57061e-15
1882 10.5958 3.57061e-15
1883 10.5958 3.57061e-15
1884 10.5958 3.57061e-15
1885 10.5958 3.57061e-15
1886 10.5958 3.57061e-15
1887 10.5958 3.57061e-15
1888 10.5958 3.57061e-15
1889 10.5958 3.57061e-15
1890 10.5958 3.57061e-15
1891 10.5958 3.57061e-15
1892 10.5958 3.57061e-15
1893 10.5958 3.57061e-15
1894 10.5958 3.57061e-15
1895 10.5958 3.57061e-15
1896 10.5958 3.57061e-15
1897 10.5958 3.57061e-15
1898 10.5958 3.57061e-15
1899 10.5958 3.57061e-15
1900 10.5958 3.57061e-15
1901 10.5958 3.57061e-15
1902 10.5958 3.57061e-15
1903 10.5958 3.57061e-15
1904 10.5958 3.57061e-15
1905 10.5958 3.57061e-15
1906 10.5958 3.57061e-15
1907 10.5958 3.57061e-15
1908 10.5958 3.57061e-15
1909 10.5958 3.57061e-15
1910 10.5958 3.57061e-15
1911 10.5958 3.57061e-15
1912 10.5958 3.57061e-15
1913 10.5958 3.57061e-15
1914 10.5958 3.57061e-15
1915 10.5958 3.57061e-15
1916 10.5958 3.57061e-15
1917 10.5958 3.57061e-15
1918 10.5958 3.57061e-15
1919 10.5958 3.57061e-15
1920 10.5958 3.57061e-15
1921 10.5958 3.57061e-15
1922 10.5958 3.57061e-15
1923 10.5958 3.57061e-15
1924 10.5958 3.57061e-15
1925 10.5958 3.57061e-15
1926 10.5958 3.57061e-15
1927 10.5958 3.57061e-15
1928 10.5958 3.57061e-15
1929 10.5958 3.57061e-15
1930 10.5958 3.57061e-15
1931 10.5958 3.57061e-15
1932 10.5958 3.57061e-15
1933 10.5958 3.57061e-15
1934 10.5958 3.57061e-15
1935 10.5958 3.57061e-15
1936 10.5958 3.57061e-15
1937 10.5958 3.57061e-15
1938 10.5958 3.57061e-15
1939 10.5958 3.57061e-15
1940 10.5958 3.57061e-15
1941 10.5958 3.57061e-15
1942 10.5958 3.57061e-15
1943 10.5958 3.57061e-15
1944 10.5958 3.57061e-15
1945 10.5958 3.57061e-15
1946 10.5958 3.57061e-15
1947 10.5958 3.57061e-15
1948 10.5958 3.57061e-15
1949 10.5958 3.57061e-15
1950 10.5958 3.57061e-15
1951 10.5958 3.57061e-15
1952 10.5958 3.57061e-15
1953 10.5958 3.57061e-15
1954 10.5958 3.57061e-15
1955 10.5958 3.57061e-15
1956 10.5958 3.57061e-15
1957 10.5958 3.57061e-15
1958 10.5958 3.57061e-15
1959 10.5958 3.57061e-15
1960 10.5958 3.57061e-15
1961 10.5958 3.57061e-15
1962 10.5958 3.57061e-15
1963 10.5958 3.57061e-15
1964 10.5958 3.57061e-15
1965 10.5958 3.57061e-15
1966 10.5958 3.57061e-15
1967 10.5958 3.57061e-15
1968 10.5958 3.57061e-15
1969 10.5958 3.57061e-15
1970 10.5958 3.57061e-15
1971 10.5958 3.57061e-15
1972 10.5958 3.57061e-15
1973 10.5958 3.57061e-15
1974 10.5958 3.57061e-15
1975 10.5958 3.57061e-15
1976 10.5958 3.57061e-15
1977 10.5958 3.57061e-15
1978 10.5958 3.57061e-15
1979 10.5958 3.57061e-15
1980 10.5958 3.57061e-15
1981 10.5958 3.57061e-15
1982 10.5958 3.57061e-15
1983 10.5958 3.57061e-15
1984 10.5958 3.57061e-15
1985 10.5958 3.57061e-15
1986 10.5958 3.57061e-15
1987 10.5958 3.57061e-15
1988 10.5958 3.57061e-15
1989 10.5958 3.57061e-15
1990 10.5958 3.57061e-15
1991 10.5958 3.57061e-15
1992 10.5958 3.57061e-15
1993 10.5958 3.57061e-15
1994 10.5958 3.57061e-15
1995 10.5958 3.57061e-15
1996 10.5958 3.57061e-15
1997 10.5958 3.57061e-15
1998 10.5958 3.57061e-15
1999 10.5958 3.57061e-15
2000 10.5958 3.57061e-15
