1 35.3087 2.59261
2 32.2676 1.63083
3 30.9821 0.340166
4 30.5599 0.490479
5 30.0431 0.458294
6 29.406 0.645452
7 28.6325 0.570021
8 27.704 1.06065
9 26.286 1.1805
10 25.3319 0.372705
11 24.964 0.499751
12 24.5073 0.480733
13 24.1037 0.699671
14 23.477 0.95918
15 22.2635 0.746814
16 21.6873 0.415184
17 21.2138 0.183505
18 20.9747 0.202509
19 20.8195 0.148414
20 20.7518 0.211534
21 20.5588 0.350696
22 20.1633 0.370257
23 19.8812 0.267737
24 19.6787 0.153934
25 19.5091 0.0883541
26 19.4611 0.0805219
27 19.4003 0.252078
28 19.0505 0.799634
29 18.3879 1.03772
30 17.5086 0.742973
31 17.186 3.57061e-15
32 17.1636 0.155548
33 16.9614 0.447513
34 16.5928 0.556763
35 16.2763 0.425846
36 16.0618 0.00386949
37 16.0607 0.00254064
38 16.0499 0.0761772
39 15.9677 0.236175
40 15.7672 0.385951
41 15.3731 0.487734
42 14.9167 0.527506
43 14.4432 0.489846
44 14.1413 0.0950114
45 14.0652 0.0919886
46 14.0075 0.212245
47 13.8109 0.354458
48 13.5938 0.376326
49 13.2869 0.120856
50 13.249 0.00149107
51 13.2472 0.00503607
52 13.2415 0.00747185
53 13.2379 0.00648907
54 13.2346 0.00268178
55 13.2336 0.00204016
56 13.231 0.0100768
57 13.2231 0.0238441
58 13.198 0.042291
59 13.1715 0.0545784
60 13.1262 0.0886364
61 13.0265 0.142973
62 12.9111 0.127984
63 12.8152 0.0827615
64 12.7389 0.129581
65 12.6293 0.116283
66 12.5421 0.124312
67 12.4151 0.211196
68 12.2575 0.217173
69 12.0792 0.0743511
70 12.0162 0.0651297
71 11.9463 0.114703
72 11.8817 0.151709
73 11.7667 0.151484
74 11.6527 0.0231267
75 11.6395 1.553e-05
76 11.6395 3.21355e-14
77 11.6394 0.000593373
78 11.6389 0.00178909
79 11.6371 0.00292157
80 11.6339 0.0100399
81 11.622 0.0313022
82 11.5961 0.0469829
83 11.5453 0.0258211
84 11.5377 3.57061e-15
85 11.5362 0.0145135
86 11.5116 0.0560399
87 11.4709 0.0726992
88 11.4181 0.0550861
89 11.3898 0.0274607
90 11.3761 0.065544
91 11.3513 0.0985445
92 11.2278 0.135207
93 11.1146 0.0330932
94 11.0584 0.12778
95 10.9525 0.1663
96 10.8234 0.104067
97 10.787 8.92653e-15
98 10.787 8.92653e-15
99 10.787 8.92653e-15
100 10.787 8.92653e-15
101 10.787 8.92653e-15
102 10.787 8.92653e-15
103 10.787 8.92653e-15
104 10.787 8.92653e-15
105 10.787 8.92653e-15
106 10.787 8.92653e-15
107 10.787 8.92653e-15
108 10.787 0.000328687
109 10.7865 0.00117956
110 10.7857 0.00161834
111 10.7846 0.00144899
112 10.7837 0
113 10.7837 0
114 10.7821 0.0160433
115 10.7596 0.0575746
116 10.7117 0.0800235
117 10.6425 0.0523972
118 10.6233 1.96384e-14
119 10.6233 1.96384e-14
120 10.6233 1.96384e-14
121 10.6233 1.96384e-14
122 10.6233 1.96384e-14
123 10.6233 1.96384e-14
124 10.6233 1.96384e-14
125 10.6233 8.62884e-05
126 10.6232 0.000281817
127 10.6228 0.000430482
128 10.6225 0.000189009
129 10.6224 8.92653e-15
130 10.6204 0.0165241
131 10.5983 0.0556634
132 10.5287 0.0771134
133 10.4626 1.60678e-14
134 10.4626 1.60678e-14
135 10.4626 1.60678e-14
136 10.4626 1.60678e-14
137 10.4626 1.60678e-14
138 10.4626 1.60678e-14
139 10.4626 1.60678e-14
140 10.4626 1.60678e-14
141 10.4626 1.60678e-14
142 10.4626 1.60678e-14
143 10.4542 0.0719626
144 10.3626 0.238656
145 10.1808 0.333561
146 9.8378 0.203241
147 9.7535 1.24971e-14
148 9.7535 1.24971e-14
149 9.7535 1.24971e-14
150 9.7535 1.24971e-14
151 9.7535 1.24971e-14
152 9.7535 1.24971e-14
153 9.7535 1.24971e-14
154 9.7535 1.24971e-14
155 9.7535 1.24971e-14
156 9.7535 1.24971e-14
157 9.7535 1.24971e-14
158 9.74861 0.0488143
159 9.70697 0.140769
160 9.5872 0.22842
161 9.33466 0.167052
162 9.26256 0.027896
163 9.23746 0.0841097
164 9.17888 0.129667
165 9.03382 0.105315
166 8.98639 1.78531e-14
167 8.98639 1.78531e-14
168 8.98639 1.78531e-14
169 8.98639 1.78531e-14
170 8.98639 1.78531e-14
171 8.98639 1.78531e-14
172 8.98639 1.78531e-14
173 8.98448 0.019092
174 8.95775 0.0685154
175 8.90917 0.0934911
176 8.83003 0.0721264
177 8.79547 0
178 8.79547 0
179 8.79547 0
180 8.79547 0
181 8.79547 0
182 8.79547 0
183 8.79547 0
184 8.79547 0
185 8.79547 0
186 8.79547 0
187 8.79547 0
188 8.79547 0
189 8.79547 0
190 8.79547 0
191 8.79547 0
192 8.79547 0
193 8.79547 0
194 8.79547 0
195 8.79547 0
196 8.79417 0.0129895
197 8.77989 0.0424236
198 8.74871 0.0626638
199 8.72143 0.0646319
200 8.68506 0.0466155
201 8.66558 1.96384e-14
202 8.66558 1.96384e-14
203 8.66558 1.96384e-14
204 8.66558 1.96384e-14
205 8.66558 1.96384e-14
206 8.66558 1.96384e-14
207 8.66558 1.96384e-14
208 8.66558 1.96384e-14
209 8.66558 1.96384e-14
210 8.66558 1.96384e-14
211 8.66558 1.96384e-14
212 8.66558 1.96384e-14
213 8.66558 1.96384e-14
214 8.66558 1.96384e-14
215 8.66558 1.96384e-14
216 8.66558 1.96384e-14
217 8.66558 1.96384e-14
218 8.66558 1.96384e-14
219 8.66558 1.96384e-14
220 8.66558 1.96384e-14
221 8.66558 1.96384e-14
222 8.66558 1.96384e-14
223 8.66558 1.96384e-14
224 8.66558 1.96384e-14
225 8.66558 1.96384e-14
226 8.66558 1.96384e-14
227 8.66558 1.96384e-14
228 8.66558 1.96384e-14
229 8.66558 1.96384e-14
230 8.66558 1.96384e-14
231 8.66558 1.96384e-14
232 8.66558 1.96384e-14
233 8.66558 1.96384e-14
234 8.66558 1.96384e-14
235 8.66558 1.96384e-14
236 8.66558 1.96384e-14
237 8.66558 1.96384e-14
238 8.66558 1.96384e-14
239 8.66558 1.96384e-14
240 8.66558 1.96384e-14
241 8.66558 1.96384e-14
242 8.66558 1.96384e-14
243 8.66558 1.96384e-14
244 8.66558 1.96384e-14
245 8.66558 1.96384e-14
246 8.66558 1.96384e-14
247 8.66558 1.96384e-14
248 8.66558 1.96384e-14
249 8.66558 1.96384e-14
250 8.66558 1.96384e-14
251 8.66558 1.96384e-14
252 8.66558 1.96384e-14
253 8.66558 1.96384e-14
254 8.66558 1.96384e-14
255 8.66558 1.96384e-14
256 8.66558 1.96384e-14
257 8.66365 0.0193067
258 8.63855 0.0673293
259 8.55342 0.0959378
260 8.47425 0.0280717
261 8.46631 0.00849164
262 8.46117 0.00854559
263 8.4548 0
264 8.4548 0
265 8.4548 0
266 8.43849 0.163068
267 8.25911 0.532579
268 7.57423 0.816822
269 6.88872 0.288285
270 6.82411 8.92653e-15
271 6.82411 8.92653e-15
272 6.82411 8.92653e-15
273 6.82411 8.92653e-15
274 6.82411 8.92653e-15
275 6.82411 8.92653e-15
276 6.82411 8.92653e-15
277 6.82411 8.92653e-15
278 6.82411 8.92653e-15
279 6.82411 8.92653e-15
280 6.82411 8.92653e-15
281 6.82411 8.92653e-15
282 6.82411 8.92653e-15
283 6.82411 8.92653e-15
284 6.82411 8.92653e-15
285 6.82411 8.92653e-15
286 6.82411 8.92653e-15
287 6.82411 8.92653e-15
288 6.82411 8.92653e-15
289 6.82411 8.92653e-15
290 6.82411 8.92653e-15
291 6.82411 8.92653e-15
292 6.82411 8.92653e-15
293 6.82411 8.92653e-15
294 6.82411 8.92653e-15
295 6.82411 8.92653e-15
296 6.82411 8.92653e-15
297 6.82411 8.92653e-15
298 6.82411 8.92653e-15
299 6.82411 8.92653e-15
300 6.82411 8.92653e-15
301 6.82411 8.92653e-15
302 6.82411 8.92653e-15
303 6.82411 8.92653e-15
304 6.82411 8.92653e-15
305 6.82411 8.92653e-15
306 6.82411 8.92653e-15
307 6.82411 8.92653e-15
308 6.82411 8.92653e-15
309 6.82411 8.92653e-15
310 6.82411 8.92653e-15
311 6.82411 8.92653e-15
312 6.82411 8.92653e-15
313 6.82411 8.92653e-15
314 6.82411 8.92653e-15
315 6.82411 8.92653e-15
316 6.82411 8.92653e-15
317 6.82411 8.92653e-15
318 6.82411 8.92653e-15
319 6.82411 8.92653e-15
320 6.82411 8.92653e-15
321 6.82411 8.92653e-15
322 6.82411 8.92653e-15
323 6.82411 8.92653e-15
324 6.82411 8.92653e-15
325 6.82411 8.92653e-15
326 6.82411 8.92653e-15
327 6.82411 8.92653e-15
328 6.82411 8.92653e-15
329 6.82411 8.92653e-15
330 6.82411 8.92653e-15
331 6.82411 8.92653e-15
332 6.82411 8.92653e-15
333 6.82411 8.92653e-15
334 6.82411 8.92653e-15
335 6.82411 8.92653e-15
336 6.82411 8.92653e-15
337 6.82411 8.92653e-15
338 6.82411 8.92653e-15
339 6.82411 8.92653e-15
340 6.82411 8.92653e-15
341 6.82411 8.92653e-15
342 6.82411 8.92653e-15
343 6.82411 8.92653e-15
344 6.82411 8.92653e-15
345 6.82411 8.92653e-15
346 6.82411 8.92653e-15
347 6.82411 8.92653e-15
348 6.82411 8.92653e-15
349 6.82411 8.92653e-15
350 6.82411 8.92653e-15
351 6.82411 8.92653e-15
352 6.82411 8.92653e-15
353 6.82411 8.92653e-15
354 6.82411 8.92653e-15
355 6.82411 8.92653e-15
356 6.82411 8.92653e-15
357 6.82411 8.92653e-15
358 6.82411 8.92653e-15
359 6.82411 8.92653e-15
360 6.82411 8.92653e-15
361 6.82411 8.92653e-15
362 6.82411 8.92653e-15
363 6.82411 8.92653e-15
364 6.82411 8.92653e-15
365 6.82411 8.92653e-15
366 6.82411 8.92653e-15
367 6.82411 8.92653e-15
368 6.82411 8.92653e-15
369 6.82411 8.92653e-15
370 6.82411 8.92653e-15
371 6.82411 8.92653e-15
372 6.82411 8.92653e-15
373 6.82411 8.92653e-15
374 6.82411 8.92653e-15
375 6.82411 8.92653e-15
376 6.82411 8.92653e-15
377 6.82411 8.92653e-15
378 6.82411 8.92653e-15
379 6.82411 8.92653e-15
380 6.82411 8.92653e-15
381 6.82411 8.92653e-15
382 6.82411 8.92653e-15
383 6.82411 8.92653e-15
384 6.82411 8.92653e-15
385 6.82411 8.92653e-15
386 6.82411 8.92653e-15
387 6.82411 8.92653e-15
388 6.82411 8.92653e-15
389 6.82411 8.92653e-15
390 6.82411 8.92653e-15
391 6.82411 8.92653e-15
392 6.82411 8.92653e-15
393 6.82411 8.92653e-15
394 6.82411 8.92653e-15
395 6.82411 8.92653e-15
396 6.82411 8.92653e-15
397 6.82411 8.92653e-15
398 6.82411 8.92653e-15
399 6.82411 8.92653e-15
400 6.82411 8.92653e-15
401 6.82411 8.92653e-15
402 6.82411 8.92653e-15
403 6.82411 8.92653e-15
404 6.82411 8.92653e-15
405 6.82411 8.92653e-15
406 6.82411 8.92653e-15
407 6.82411 8.92653e-15
408 6.82411 8.92653e-15
409 6.82411 8.92653e-15
410 6.82411 8.92653e-15
411 6.82411 8.92653e-15
412 6.82411 8.92653e-15
413 6.82411 8.92653e-15
414 6.82411 8.92653e-15
415 6.82411 8.92653e-15
416 6.82411 8.92653e-15
417 6.82411 8.92653e-15
418 6.82411 8.92653e-15
419 6.82411 8.92653e-15
420 6.82411 8.92653e-15
421 6.82411 8.92653e-15
422 6.82411 8.92653e-15
423 6.82411 8.92653e-15
424 6.82411 8.92653e-15
425 6.82411 8.92653e-15
426 6.82411 8.92653e-15
427 6.82411 8.92653e-15
428 6.82411 8.92653e-15
429 6.82411 8.92653e-15
430 6.82411 8.92653e-15
431 6.82411 8.92653e-15
432 6.82411 8.92653e-15
433 6.82411 8.92653e-15
434 6.82411 8.92653e-15
435 6.82411 8.92653e-15
436 6.82411 8.92653e-15
437 6.82411 8.92653e-15
438 6.82411 8.92653e-15
439 6.82411 8.92653e-15
440 6.82411 8.92653e-15
441 6.82411 8.92653e-15
442 6.82411 8.92653e-15
443 6.82411 8.92653e-15
444 6.82411 8.92653e-15
445 6.82411 8.92653e-15
446 6.82411 8.92653e-15
447 6.82411 8.92653e-15
448 6.82411 8.92653e-15
449 6.82411 8.92653e-15
450 6.82411 8.92653e-15
451 6.82411 8.92653e-15
452 6.82411 8.92653e-15
453 6.82411 8.92653e-15
454 6.82411 8.92653e-15
455 6.82411 8.92653e-15
456 6.82411 8.92653e-15
457 6.82411 8.92653e-15
458 6.82411 8.92653e-15
459 6.82411 8.92653e-15
460 6.82411 8.92653e-15
461 6.82411 8.92653e-15
462 6.82411 8.92653e-15
463 6.82411 8.92653e-15
464 6.82411 8.92653e-15
465 6.82411 8.92653e-15
466 6.82411 8.92653e-15
467 6.82411 8.92653e-15
468 6.82411 8.92653e-15
469 6.82411 8.92653e-15
470 6.82411 8.92653e-15
471 6.82411 8.92653e-15
472 6.82411 8.92653e-15
473 6.82411 8.92653e-15
474 6.82411 8.92653e-15
475 6.82411 8.92653e-15
476 6.82411 8.92653e-15
477 6.82411 8.92653e-15
478 6.82411 8.92653e-15
479 6.82411 8.92653e-15
480 6.82411 8.92653e-15
481 6.82411 8.92653e-15
482 6.82411 8.92653e-15
483 6.82411 8.92653e-15
484 6.82411 8.92653e-15
485 6.82411 8.92653e-15
486 6.82411 8.92653e-15
487 6.82411 8.92653e-15
488 6.82411 8.92653e-15
489 6.82411 8.92653e-15
490 6.82411 8.92653e-15
491 6.82411 8.92653e-15
492 6.82411 8.92653e-15
493 6.82411 8.92653e-15
494 6.82411 8.92653e-15
495 6.82411 8.92653e-15
496 6.82411 8.92653e-15
497 6.82411 8.92653e-15
498 6.82411 8.92653e-15
499 6.82411 8.92653e-15
500 6.82411 8.92653e-15
501 6.82411 8.92653e-15
502 6.82411 8.92653e-15
503 6.82411 8.92653e-15
504 6.82411 8.92653e-15
505 6.82411 8.92653e-15
506 6.82411 8.92653e-15
507 6.82411 8.92653e-15
508 6.82411 8.92653e-15
509 6.82411 8.92653e-15
510 6.82411 8.92653e-15
511 6.82411 8.92653e-15
512 6.82411 8.92653e-15
513 6.82411 8.92653e-15
514 6.82411 8.92653e-15
515 6.82411 8.92653e-15
516 6.82411 8.92653e-15
517 6.82411 8.92653e-15
518 6.82411 8.92653e-15
519 6.82411 8.92653e-15
520 6.82411 8.92653e-15
521 6.82411 8.92653e-15
522 6.82411 8.92653e-15
523 6.82411 8.92653e-15
524 6.82411 8.92653e-15
525 6.82411 8.92653e-15
526 6.82411 8.92653e-15
527 6.82411 8.92653e-15
528 6.82411 8.92653e-15
529 6.82411 8.92653e-15
530 6.82411 8.92653e-15
531 6.82411 8.92653e-15
532 6.82411 8.92653e-15
533 6.82411 8.92653e-15
534 6.82411 8.92653e-15
535 6.82411 8.92653e-15
536 6.82411 8.92653e-15
537 6.82411 8.92653e-15
538 6.82411 8.92653e-15
539 6.82411 8.92653e-15
540 6.82411 8.92653e-15
541 6.82411 8.92653e-15
542 6.82411 8.92653e-15
543 6.82411 8.92653e-15
544 6.82411 8.92653e-15
545 6.82411 8.92653e-15
546 6.82411 8.92653e-15
547 6.82411 8.92653e-15
548 6.82411 8.92653e-15
549 6.82411 8.92653e-15
550 6.82411 8.92653e-15
551 6.82411 8.92653e-15
552 6.82411 8.92653e-15
553 6.82411 8.92653e-15
554 6.82411 8.92653e-15
555 6.82411 8.92653e-15
556 6.82411 8.92653e-15
557 6.82411 8.92653e-15
558 6.82411 8.92653e-15
559 6.82411 8.92653e-15
560 6.82411 8.92653e-15
561 6.82411 8.92653e-15
562 6.82411 8.92653e-15
563 6.82411 8.92653e-15
564 6.82411 8.92653e-15
565 6.82411 8.92653e-15
566 6.82411 8.92653e-15
567 6.82411 8.92653e-15
568 6.82411 8.92653e-15
569 6.82411 8.92653e-15
570 6.82411 8.92653e-15
571 6.82411 8.92653e-15
572 6.82411 8.92653e-15
573 6.82411 8.92653e-15
574 6.82411 8.92653e-15
575 6.82411 8.92653e-15
576 6.82411 8.92653e-15
577 6.82411 8.92653e-15
578 6.82411 8.92653e-15
579 6.82411 8.92653e-15
580 6.82411 8.92653e-15
581 6.82411 8.92653e-15
582 6.82411 8.92653e-15
583 6.82411 8.92653e-15
584 6.82411 8.92653e-15
585 6.82411 8.92653e-15
586 6.82411 8.92653e-15
587 6.82411 8.92653e-15
588 6.82411 8.92653e-15
589 6.82411 8.92653e-15
590 6.82411 8.92653e-15
591 6.82411 8.92653e-15
592 6.82411 8.92653e-15
593 6.82411 8.92653e-15
594 6.82411 8.92653e-15
595 6.82411 8.92653e-15
596 6.82411 8.92653e-15
597 6.82411 8.92653e-15
598 6.82411 8.92653e-15
599 6.82411 8.92653e-15
600 6.82411 8.92653e-15
601 6.82411 8.92653e-15
602 6.82411 8.92653e-15
603 6.82411 8.92653e-15
604 6.82411 8.92653e-15
605 6.82411 8.92653e-15
606 6.82411 8.92653e-15
607 6.82411 8.92653e-15
608 6.82411 8.92653e-15
609 6.82411 8.92653e-15
610 6.82411 8.92653e-15
611 6.82411 8.92653e-15
612 6.82411 8.92653e-15
613 6.82411 8.92653e-15
614 6.82411 8.92653e-15
615 6.82411 8.92653e-15
616 6.82411 8.92653e-15
617 6.82411 8.92653e-15
618 6.82411 8.92653e-15
619 6.82411 8.92653e-15
620 6.82411 8.92653e-15
621 6.82411 8.92653e-15
622 6.82411 8.92653e-15
623 6.82411 8.92653e-15
624 6.82411 8.92653e-15
625 6.82411 8.92653e-15
626 6.82411 8.92653e-15
627 6.82411 8.92653e-15
628 6.82411 8.92653e-15
629 6.82411 8.92653e-15
630 6.82411 8.92653e-15
631 6.82411 8.92653e-15
632 6.82411 8.92653e-15
633 6.82411 8.92653e-15
634 6.82411 8.92653e-15
635 6.82411 8.92653e-15
636 6.82411 8.92653e-15
637 6.82411 8.92653e-15
638 6.82411 8.92653e-15
639 6.82411 8.92653e-15
640 6.82411 8.92653e-15
641 6.82411 8.92653e-15
642 6.82411 8.92653e-15
643 6.82411 8.92653e-15
644 6.82411 8.92653e-15
645 6.82411 8.92653e-15
646 6.82411 8.92653e-15
647 6.82411 8.92653e-15
648 6.82411 8.92653e-15
649 6.82411 8.92653e-15
650 6.82411 8.92653e-15
651 6.82411 8.92653e-15
652 6.82411 8.92653e-15
653 6.82411 8.92653e-15
654 6.82411 8.92653e-15
655 6.82411 8.92653e-15
656 6.82411 8.92653e-15
657 6.82411 8.92653e-15
658 6.82411 8.92653e-15
659 6.82411 8.92653e-15
660 6.82411 8.92653e-15
661 6.82411 8.92653e-15
662 6.82411 8.92653e-15
663 6.82411 8.92653e-15
664 6.82411 8.92653e-15
665 6.82411 8.92653e-15
666 6.82411 8.92653e-15
667 6.82411 8.92653e-15
668 6.82411 8.92653e-15
669 6.82411 8.92653e-15
670 6.82411 8.92653e-15
671 6.82411 8.92653e-15
672 6.82411 8.92653e-15
673 6.82411 8.92653e-15
674 6.82411 8.92653e-15
675 6.82411 8.92653e-15
676 6.82411 8.92653e-15
677 6.82411 8.92653e-15
678 6.82411 8.92653e-15
679 6.82411 8.92653e-15
680 6.82411 8.92653e-15
681 6.82411 8.92653e-15
682 6.82411 8.92653e-15
683 6.82411 8.92653e-15
684 6.82411 8.92653e-15
685 6.82411 8.92653e-15
686 6.82411 8.92653e-15
687 6.82411 8.92653e-15
688 6.82411 8.92653e-15
689 6.82411 8.92653e-15
690 6.82411 8.92653e-15
691 6.82411 8.92653e-15
692 6.82411 8.92653e-15
693 6.82411 8.92653e-15
694 6.82411 8.92653e-15
695 6.82411 8.92653e-15
696 6.82411 8.92653e-15
697 6.82411 8.92653e-15
698 6.82411 8.92653e-15
699 6.82411 8.92653e-15
700 6.82411 8.92653e-15
701 6.82411 8.92653e-15
702 6.82411 8.92653e-15
703 6.82411 8.92653e-15
704 6.82411 8.92653e-15
705 6.82411 8.92653e-15
706 6.82411 8.92653e-15
707 6.82411 8.92653e-15
708 6.82411 8.92653e-15
709 6.82411 8.92653e-15
710 6.82411 8.92653e-15
711 6.82411 8.92653e-15
712 6.82411 8.92653e-15
713 6.82411 8.92653e-15
714 6.82411 8.92653e-15
715 6.82411 8.92653e-15
716 6.82411 8.92653e-15
717 6.82411 8.92653e-15
718 6.82411 8.92653e-15
719 6.82411 8.92653e-15
720 6.82411 8.92653e-15
721 6.82411 8.92653e-15
722 6.82411 8.92653e-15
723 6.82411 8.92653e-15
724 6.82411 8.92653e-15
725 6.82411 8.92653e-15
726 6.82411 8.92653e-15
727 6.82411 8.92653e-15
728 6.82411 8.92653e-15
729 6.82411 8.92653e-15
730 6.82411 8.92653e-15
731 6.82411 8.92653e-15
732 6.82411 8.92653e-15
733 6.82411 8.92653e-15
734 6.82411 8.92653e-15
735 6.82411 8.92653e-15
736 6.82411 8.92653e-15
737 6.82411 8.92653e-15
738 6.82411 8.92653e-15
739 6.82411 8.92653e-15
740 6.82411 8.92653e-15
741 6.82411 8.92653e-15
742 6.82411 8.92653e-15
743 6.82411 8.92653e-15
744 6.82411 8.92653e-15
745 6.82411 8.92653e-15
746 6.82411 8.92653e-15
747 6.82411 8.92653e-15
748 6.82411 8.92653e-15
749 6.82411 8.92653e-15
750 6.82411 8.92653e-15
751 6.82411 8.92653e-15
752 6.82411 8.92653e-15
753 6.82411 8.92653e-15
754 6.82411 8.92653e-15
755 6.82411 8.92653e-15
756 6.82411 8.92653e-15
757 6.82411 8.92653e-15
758 6.82411 8.92653e-15
759 6.82411 8.92653e-15
760 6.82411 8.92653e-15
761 6.82411 8.92653e-15
762 6.82411 8.92653e-15
763 6.82411 8.92653e-15
764 6.82411 8.92653e-15
765 6.82411 8.92653e-15
766 6.82411 8.92653e-15
767 6.82411 8.92653e-15
768 6.82411 8.92653e-15
769 6.82411 8.92653e-15
770 6.82411 8.92653e-15
771 6.82411 8.92653e-15
772 6.82411 8.92653e-15
773 6.82411 8.92653e-15
774 6.82411 8.92653e-15
775 6.82411 8.92653e-15
776 6.82411 8.92653e-15
777 6.82411 8.92653e-15
778 6.82411 8.92653e-15
779 6.82411 8.92653e-15
780 6.82411 8.92653e-15
781 6.82411 8.92653e-15
782 6.82411 8.92653e-15
783 6.82411 8.92653e-15
784 6.82411 8.92653e-15
785 6.82411 8.92653e-15
786 6.82411 8.92653e-15
787 6.82411 8.92653e-15
788 6.82411 8.92653e-15
789 6.82411 8.92653e-15
790 6.82411 8.92653e-15
791 6.82411 8.92653e-15
792 6.82411 8.92653e-15
793 6.82411 8.92653e-15
794 6.82411 8.92653e-15
795 6.82411 8.92653e-15
796 6.82411 8.92653e-15
797 6.82411 8.92653e-15
798 6.82411 8.92653e-15
799 6.82411 8.92653e-15
800 6.82411 8.92653e-15
801 6.82411 8.92653e-15
802 6.82411 8.92653e-15
803 6.82411 8.92653e-15
804 6.82411 8.92653e-15
805 6.82411 8.92653e-15
806 6.82411 8.92653e-15
807 6.82411 8.92653e-15
808 6.82411 8.92653e-15
809 6.82411 8.92653e-15
810 6.82411 8.92653e-15
811 6.82411 8.92653e-15
812 6.82411 8.92653e-15
813 6.82411 8.92653e-15
814 6.82411 8.92653e-15
815 6.82411 8.92653e-15
816 6.82411 8.92653e-15
817 6.82411 8.92653e-15
818 6.82411 8.92653e-15
819 6.82411 8.92653e-15
820 6.82411 8.92653e-15
821 6.82411 8.92653e-15
822 6.82411 8.92653e-15
823 6.82411 8.92653e-15
824 6.82411 8.92653e-15
825 6.82411 8.92653e-15
826 6.82411 8.92653e-15
827 6.82411 8.92653e-15
828 6.82411 8.92653e-15
829 6.82411 8.92653e-15
830 6.82411 8.92653e-15
831 6.82411 8.92653e-15
832 6.82411 8.92653e-15
833 6.82411 8.92653e-15
834 6.82411 8.92653e-15
835 6.82411 8.92653e-15
836 6.82411 8.92653e-15
837 6.82411 8.92653e-15
838 6.82411 8.92653e-15
839 6.82411 8.92653e-15
840 6.82411 8.92653e-15
841 6.82411 8.92653e-15
842 6.82411 8.92653e-15
843 6.82411 8.92653e-15
844 6.82411 8.92653e-15
845 6.82411 8.92653e-15
846 6.82411 8.92653e-15
847 6.82411 8.92653e-15
848 6.82411 8.92653e-15
849 6.82411 8.92653e-15
850 6.82411 8.92653e-15
851 6.82411 8.92653e-15
852 6.82411 8.92653e-15
853 6.82411 8.92653e-15
854 6.82411 8.92653e-15
855 6.82411 8.92653e-15
856 6.82411 8.92653e-15
857 6.82411 8.92653e-15
858 6.82411 8.92653e-15
859 6.82411 8.92653e-15
860 6.82411 8.92653e-15
861 6.82411 8.92653e-15
862 6.82411 8.92653e-15
863 6.82411 8.92653e-15
864 6.82411 8.92653e-15
865 6.82411 8.92653e-15
866 6.82411 8.92653e-15
867 6.82411 8.92653e-15
868 6.82411 8.92653e-15
869 6.82411 8.92653e-15
870 6.82411 8.92653e-15
871 6.82411 8.92653e-15
872 6.82411 8.92653e-15
873 6.82411 8.92653e-15
874 6.82411 8.92653e-15
875 6.82411 8.92653e-15
876 6.82411 8.92653e-15
877 6.82411 8.92653e-15
878 6.82411 8.92653e-15
879 6.82411 8.92653e-15
880 6.82411 8.92653e-15
881 6.82411 8.92653e-15
882 6.82411 8.92653e-15
883 6.82411 8.92653e-15
884 6.82411 8.92653e-15
885 6.82411 8.92653e-15
886 6.82411 8.92653e-15
887 6.82411 8.92653e-15
888 6.82411 8.92653e-15
889 6.82411 8.92653e-15
890 6.82411 8.92653e-15
891 6.82411 8.92653e-15
892 6.82411 8.92653e-15
893 6.82411 8.92653e-15
894 6.82411 8.92653e-15
895 6.82411 8.92653e-15
896 6.82411 8.92653e-15
897 6.82411 8.92653e-15
898 6.82411 8.92653e-15
899 6.82411 8.92653e-15
900 6.82411 8.92653e-15
901 6.82411 8.92653e-15
902 6.82411 8.92653e-15
903 6.82411 8.92653e-15
904 6.82411 8.92653e-15
905 6.82411 8.92653e-15
906 6.82411 8.92653e-15
907 6.82411 8.92653e-15
908 6.82411 8.92653e-15
909 6.82411 8.92653e-15
910 6.82411 8.92653e-15
911 6.82411 8.92653e-15
912 6.82411 8.92653e-15
913 6.82411 8.92653e-15
914 6.82411 8.92653e-15
915 6.82411 8.92653e-15
916 6.82411 8.92653e-15
917 6.82411 8.92653e-15
918 6.82411 8.92653e-15
919 6.82411 8.92653e-15
920 6.82411 8.92653e-15
921 6.82411 8.92653e-15
922 6.82411 8.92653e-15
923 6.82411 8.92653e-15
924 6.82411 8.92653e-15
925 6.82411 8.92653e-15
926 6.82411 8.92653e-15
927 6.82411 8.92653e-15
928 6.82411 8.92653e-15
929 6.82411 8.92653e-15
930 6.82411 8.92653e-15
931 6.82411 8.92653e-15
932 6.82411 8.92653e-15
933 6.82411 8.92653e-15
934 6.82411 8.92653e-15
935 6.82411 8.92653e-15
936 6.82411 8.92653e-15
937 6.82411 8.92653e-15
938 6.82411 8.92653e-15
939 6.82411 8.92653e-15
940 6.82411 8.92653e-15
941 6.82411 8.92653e-15
942 6.82411 8.92653e-15
943 6.82411 8.92653e-15
944 6.82411 8.92653e-15
945 6.82411 8.92653e-15
946 6.82411 8.92653e-15
947 6.82411 8.92653e-15
948 6.82411 8.92653e-15
949 6.82411 8.92653e-15
950 6.82411 8.92653e-15
951 6.82411 8.92653e-15
952 6.82411 8.92653e-15
953 6.82411 8.92653e-15
954 6.82411 8.92653e-15
955 6.82411 8.92653e-15
956 6.82411 8.92653e-15
957 6.82411 8.92653e-15
958 6.82411 8.92653e-15
959 6.82411 8.92653e-15
960 6.82411 8.92653e-15
961 6.82411 8.92653e-15
962 6.82411 8.92653e-15
963 6.82411 8.92653e-15
964 6.82411 8.92653e-15
965 6.82411 8.92653e-15
966 6.82411 8.92653e-15
967 6.82411 8.92653e-15
968 6.82411 8.92653e-15
969 6.82411 8.92653e-15
970 6.82411 8.92653e-15
971 6.82411 8.92653e-15
972 6.82411 8.92653e-15
973 6.82411 8.92653e-15
974 6.82411 8.92653e-15
975 6.82411 8.92653e-15
976 6.82411 8.92653e-15
977 6.82411 8.92653e-15
978 6.82411 8.92653e-15
979 6.82411 8.92653e-15
980 6.82411 8.92653e-15
981 6.82411 8.92653e-15
982 6.82411 8.92653e-15
983 6.82411 8.92653e-15
984 6.82411 8.92653e-15
985 6.82411 8.92653e-15
986 6.82411 8.92653e-15
987 6.82411 8.92653e-15
988 6.82411 8.92653e-15
989 6.82411 8.92653e-15
990 6.82411 8.92653e-15
991 6.82411 8.92653e-15
992 6.82411 8.92653e-15
993 6.82411 8.92653e-15
994 6.82411 8.92653e-15
995 6.82411 8.92653e-15
996 6.82411 8.92653e-15
997 6.82411 8.92653e-15
998 6.82411 8.92653e-15
999 6.82411 8.92653e-15
1000 6.82411 8.92653e-15
1001 6.82411 8.92653e-15
1002 6.82411 8.92653e-15
1003 6.82411 8.92653e-15
1004 6.82411 8.92653e-15
1005 6.82411 8.92653e-15
1006 6.82411 8.92653e-15
1007 6.82411 8.92653e-15
1008 6.82411 8.92653e-15
1009 6.82411 8.92653e-15
1010 6.82411 8.92653e-15
1011 6.82411 8.92653e-15
1012 6.82411 8.92653e-15
1013 6.82411 8.92653e-15
1014 6.82411 8.92653e-15
1015 6.82411 8.92653e-15
1016 6.82411 8.92653e-15
1017 6.82411 8.92653e-15
1018 6.82411 8.92653e-15
1019 6.82411 8.92653e-15
1020 6.82411 8.92653e-15
1021 6.82411 8.92653e-15
1022 6.82411 8.92653e-15
1023 6.82411 8.92653e-15
1024 6.82411 8.92653e-15
1025 6.82411 8.92653e-15
1026 6.82411 8.92653e-15
1027 6.82411 8.92653e-15
1028 6.82411 8.92653e-15
1029 6.82411 8.92653e-15
1030 6.82411 8.92653e-15
1031 6.82411 8.92653e-15
1032 6.82411 8.92653e-15
1033 6.82411 8.92653e-15
1034 6.82411 8.92653e-15
1035 6.82411 8.92653e-15
1036 6.82411 8.92653e-15
1037 6.82411 8.92653e-15
1038 6.82411 8.92653e-15
1039 6.82411 8.92653e-15
1040 6.82411 8.92653e-15
1041 6.82411 8.92653e-15
1042 6.82411 8.92653e-15
1043 6.82411 8.92653e-15
1044 6.82411 8.92653e-15
1045 6.82411 8.92653e-15
1046 6.82411 8.92653e-15
1047 6.82411 8.92653e-15
1048 6.82411 8.92653e-15
1049 6.82411 8.92653e-15
1050 6.82411 8.92653e-15
1051 6.82411 8.92653e-15
1052 6.82411 8.92653e-15
1053 6.82411 8.92653e-15
1054 6.82411 8.92653e-15
1055 6.82411 8.92653e-15
1056 6.82411 8.92653e-15
1057 6.82411 8.92653e-15
1058 6.82411 8.92653e-15
1059 6.82411 8.92653e-15
1060 6.82411 8.92653e-15
1061 6.82411 8.92653e-15
1062 6.82411 8.92653e-15
1063 6.82411 8.92653e-15
1064 6.82411 8.92653e-15
1065 6.82411 8.92653e-15
1066 6.82411 8.92653e-15
1067 6.82411 8.92653e-15
1068 6.82411 8.92653e-15
1069 6.82411 8.92653e-15
1070 6.82411 8.92653e-15
1071 6.82411 8.92653e-15
1072 6.82411 8.92653e-15
1073 6.82411 8.92653e-15
1074 6.82411 8.92653e-15
1075 6.82411 8.92653e-15
1076 6.82411 8.92653e-15
1077 6.82411 8.92653e-15
1078 6.82411 8.92653e-15
1079 6.82411 8.92653e-15
1080 6.82411 8.92653e-15
1081 6.82411 8.92653e-15
1082 6.82411 8.92653e-15
1083 6.82411 8.92653e-15
1084 6.82411 8.92653e-15
1085 6.82411 8.92653e-15
1086 6.82411 8.92653e-15
1087 6.82411 8.92653e-15
1088 6.82411 8.92653e-15
1089 6.82411 8.92653e-15
1090 6.82411 8.92653e-15
1091 6.82411 8.92653e-15
1092 6.82411 8.92653e-15
1093 6.82411 8.92653e-15
1094 6.82411 8.92653e-15
1095 6.82411 8.92653e-15
1096 6.82411 8.92653e-15
1097 6.82411 8.92653e-15
1098 6.82411 8.92653e-15
1099 6.82411 8.92653e-15
1100 6.82411 8.92653e-15
1101 6.82411 8.92653e-15
1102 6.82411 8.92653e-15
1103 6.82411 8.92653e-15
1104 6.82411 8.92653e-15
1105 6.82411 8.92653e-15
1106 6.82411 8.92653e-15
1107 6.82411 8.92653e-15
1108 6.82411 8.92653e-15
1109 6.82411 8.92653e-15
1110 6.82411 8.92653e-15
1111 6.82411 8.92653e-15
1112 6.82411 8.92653e-15
1113 6.82411 8.92653e-15
1114 6.82411 8.92653e-15
1115 6.82411 8.92653e-15
1116 6.82411 8.92653e-15
1117 6.82411 8.92653e-15
1118 6.82411 8.92653e-15
1119 6.82411 8.92653e-15
1120 6.82411 8.92653e-15
1121 6.82411 8.92653e-15
1122 6.82411 8.92653e-15
1123 6.82411 8.92653e-15
1124 6.82411 8.92653e-15
1125 6.82411 8.92653e-15
1126 6.82411 8.92653e-15
1127 6.82411 8.92653e-15
1128 6.82411 8.92653e-15
1129 6.82411 8.92653e-15
1130 6.82411 8.92653e-15
1131 6.82411 8.92653e-15
1132 6.82411 8.92653e-15
1133 6.82411 8.92653e-15
1134 6.82411 8.92653e-15
1135 6.82411 8.92653e-15
1136 6.82411 8.92653e-15
1137 6.82411 8.92653e-15
1138 6.82411 8.92653e-15
1139 6.82411 8.92653e-15
1140 6.82411 8.92653e-15
1141 6.82411 8.92653e-15
1142 6.82411 8.92653e-15
1143 6.82411 8.92653e-15
1144 6.82411 8.92653e-15
1145 6.82411 8.92653e-15
1146 6.82411 8.92653e-15
1147 6.82411 8.92653e-15
1148 6.82411 8.92653e-15
1149 6.82411 8.92653e-15
1150 6.82411 8.92653e-15
1151 6.82411 8.92653e-15
1152 6.82411 8.92653e-15
1153 6.82411 8.92653e-15
1154 6.82411 8.92653e-15
1155 6.82411 8.92653e-15
1156 6.82411 8.92653e-15
1157 6.82411 8.92653e-15
1158 6.82411 8.92653e-15
1159 6.82411 8.92653e-15
1160 6.82411 8.92653e-15
1161 6.82411 8.92653e-15
1162 6.82411 8.92653e-15
1163 6.82411 8.92653e-15
1164 6.82411 8.92653e-15
1165 6.82411 8.92653e-15
1166 6.82411 8.92653e-15
1167 6.82411 8.92653e-15
1168 6.82411 8.92653e-15
1169 6.82411 8.92653e-15
1170 6.82411 8.92653e-15
1171 6.82411 8.92653e-15
1172 6.82411 8.92653e-15
1173 6.82411 8.92653e-15
1174 6.82411 8.92653e-15
1175 6.82411 8.92653e-15
1176 6.82411 8.92653e-15
1177 6.82411 8.92653e-15
1178 6.82411 8.92653e-15
1179 6.82411 8.92653e-15
1180 6.82411 8.92653e-15
1181 6.82411 8.92653e-15
1182 6.82411 8.92653e-15
1183 6.82411 8.92653e-15
1184 6.82411 8.92653e-15
1185 6.82411 8.92653e-15
1186 6.82411 8.92653e-15
1187 6.82411 8.92653e-15
1188 6.82411 8.92653e-15
1189 6.82411 8.92653e-15
1190 6.82411 8.92653e-15
1191 6.82411 8.92653e-15
1192 6.82411 8.92653e-15
1193 6.82411 8.92653e-15
1194 6.82411 8.92653e-15
1195 6.82411 8.92653e-15
1196 6.82411 8.92653e-15
1197 6.82411 8.92653e-15
1198 6.82411 8.92653e-15
1199 6.82411 8.92653e-15
1200 6.82411 8.92653e-15
1201 6.82411 8.92653e-15
1202 6.82411 8.92653e-15
1203 6.82411 8.92653e-15
1204 6.82411 8.92653e-15
1205 6.82411 8.92653e-15
1206 6.82411 8.92653e-15
1207 6.82411 8.92653e-15
1208 6.82411 8.92653e-15
1209 6.82411 8.92653e-15
1210 6.82411 8.92653e-15
1211 6.82411 8.92653e-15
1212 6.82411 8.92653e-15
1213 6.82411 8.92653e-15
1214 6.82411 8.92653e-15
1215 6.82411 8.92653e-15
1216 6.82411 8.92653e-15
1217 6.82411 8.92653e-15
1218 6.82411 8.92653e-15
1219 6.82411 8.92653e-15
1220 6.82411 8.92653e-15
1221 6.82411 8.92653e-15
1222 6.82411 8.92653e-15
1223 6.82411 8.92653e-15
1224 6.82411 8.92653e-15
1225 6.82411 8.92653e-15
1226 6.82411 8.92653e-15
1227 6.82411 8.92653e-15
1228 6.82411 8.92653e-15
1229 6.82411 8.92653e-15
1230 6.82411 8.92653e-15
1231 6.82411 8.92653e-15
1232 6.82411 8.92653e-15
1233 6.82411 8.92653e-15
1234 6.82411 8.92653e-15
1235 6.82411 8.92653e-15
1236 6.82411 8.92653e-15
1237 6.82411 8.92653e-15
1238 6.82411 8.92653e-15
1239 6.82411 8.92653e-15
1240 6.82411 8.92653e-15
1241 6.82411 8.92653e-15
1242 6.82411 8.92653e-15
1243 6.82411 8.92653e-15
1244 6.82411 8.92653e-15
1245 6.82411 8.92653e-15
1246 6.82411 8.92653e-15
1247 6.82411 8.92653e-15
1248 6.82411 8.92653e-15
1249 6.82411 8.92653e-15
1250 6.82411 8.92653e-15
1251 6.82411 8.92653e-15
1252 6.82411 8.92653e-15
1253 6.82411 8.92653e-15
1254 6.82411 8.92653e-15
1255 6.82411 8.92653e-15
1256 6.82411 8.92653e-15
1257 6.82411 8.92653e-15
1258 6.82411 8.92653e-15
1259 6.82411 8.92653e-15
1260 6.82411 8.92653e-15
1261 6.82411 8.92653e-15
1262 6.82411 8.92653e-15
1263 6.82411 8.92653e-15
1264 6.82411 8.92653e-15
1265 6.82411 8.92653e-15
1266 6.82411 8.92653e-15
1267 6.82411 8.92653e-15
1268 6.82411 8.92653e-15
1269 6.82411 8.92653e-15
1270 6.82411 8.92653e-15
1271 6.82411 8.92653e-15
1272 6.82411 8.92653e-15
1273 6.82411 8.92653e-15
1274 6.82411 8.92653e-15
1275 6.82411 8.92653e-15
1276 6.82411 8.92653e-15
1277 6.82411 8.92653e-15
1278 6.82411 8.92653e-15
1279 6.82411 8.92653e-15
1280 6.82411 8.92653e-15
1281 6.82411 8.92653e-15
1282 6.82411 8.92653e-15
1283 6.82411 8.92653e-15
1284 6.82411 8.92653e-15
1285 6.82411 8.92653e-15
1286 6.82411 8.92653e-15
1287 6.82411 8.92653e-15
1288 6.82411 8.92653e-15
1289 6.82411 8.92653e-15
1290 6.82411 8.92653e-15
1291 6.82411 8.92653e-15
1292 6.82411 8.92653e-15
1293 6.82411 8.92653e-15
1294 6.82411 8.92653e-15
1295 6.82411 8.92653e-15
1296 6.82411 8.92653e-15
1297 6.82411 8.92653e-15
1298 6.82411 8.92653e-15
1299 6.82411 8.92653e-15
1300 6.82411 8.92653e-15
1301 6.82411 8.92653e-15
1302 6.82411 8.92653e-15
1303 6.82411 8.92653e-15
1304 6.82411 8.92653e-15
1305 6.82411 8.92653e-15
1306 6.82411 8.92653e-15
1307 6.82411 8.92653e-15
1308 6.82411 8.92653e-15
1309 6.82411 8.92653e-15
1310 6.82411 8.92653e-15
1311 6.82411 8.92653e-15
1312 6.82411 8.92653e-15
1313 6.82411 8.92653e-15
1314 6.82411 8.92653e-15
1315 6.82411 8.92653e-15
1316 6.82411 8.92653e-15
1317 6.82411 8.92653e-15
1318 6.82411 8.92653e-15
1319 6.82411 8.92653e-15
1320 6.82411 8.92653e-15
1321 6.82411 8.92653e-15
1322 6.82411 8.92653e-15
1323 6.82411 8.92653e-15
1324 6.82411 8.92653e-15
1325 6.82411 8.92653e-15
1326 6.82411 8.92653e-15
1327 6.82411 8.92653e-15
1328 6.82411 8.92653e-15
1329 6.82411 8.92653e-15
1330 6.82411 8.92653e-15
1331 6.82411 8.92653e-15
1332 6.82411 8.92653e-15
1333 6.82411 8.92653e-15
1334 6.82411 8.92653e-15
1335 6.82411 8.92653e-15
1336 6.82411 8.92653e-15
1337 6.82411 8.92653e-15
1338 6.82411 8.92653e-15
1339 6.82411 8.92653e-15
1340 6.82411 8.92653e-15
1341 6.82411 8.92653e-15
1342 6.82411 8.92653e-15
1343 6.82411 8.92653e-15
1344 6.82411 8.92653e-15
1345 6.82411 8.92653e-15
1346 6.82411 8.92653e-15
1347 6.82411 8.92653e-15
1348 6.82411 8.92653e-15
1349 6.82411 8.92653e-15
1350 6.82411 8.92653e-15
1351 6.82411 8.92653e-15
1352 6.82411 8.92653e-15
1353 6.82411 8.92653e-15
1354 6.82411 8.92653e-15
1355 6.82411 8.92653e-15
1356 6.82411 8.92653e-15
1357 6.82411 8.92653e-15
1358 6.82411 8.92653e-15
1359 6.82411 8.92653e-15
1360 6.82411 8.92653e-15
1361 6.82411 8.92653e-15
1362 6.82411 8.92653e-15
1363 6.82411 8.92653e-15
1364 6.82411 8.92653e-15
1365 6.82411 8.92653e-15
1366 6.82411 8.92653e-15
1367 6.82411 8.92653e-15
1368 6.82411 8.92653e-15
1369 6.82411 8.92653e-15
1370 6.82411 8.92653e-15
1371 6.82411 8.92653e-15
1372 6.82411 8.92653e-15
1373 6.82411 8.92653e-15
1374 6.82411 8.92653e-15
1375 6.82411 8.92653e-15
1376 6.82411 8.92653e-15
1377 6.82411 8.92653e-15
1378 6.82411 8.92653e-15
1379 6.82411 8.92653e-15
1380 6.82411 8.92653e-15
1381 6.82411 8.92653e-15
1382 6.82411 8.92653e-15
1383 6.82411 8.92653e-15
1384 6.82411 8.92653e-15
1385 6.82411 8.92653e-15
1386 6.82411 8.92653e-15
1387 6.82411 8.92653e-15
1388 6.82411 8.92653e-15
1389 6.82411 8.92653e-15
1390 6.82411 8.92653e-15
1391 6.82411 8.92653e-15
1392 6.82411 8.92653e-15
1393 6.82411 8.92653e-15
1394 6.82411 8.92653e-15
1395 6.82411 8.92653e-15
1396 6.82411 8.92653e-15
1397 6.82411 8.92653e-15
1398 6.82411 8.92653e-15
1399 6.82411 8.92653e-15
1400 6.82411 8.92653e-15
1401 6.82411 8.92653e-15
1402 6.82411 8.92653e-15
1403 6.82411 8.92653e-15
1404 6.82411 8.92653e-15
1405 6.82411 8.92653e-15
1406 6.82411 8.92653e-15
1407 6.82411 8.92653e-15
1408 6.82411 8.92653e-15
1409 6.82411 8.92653e-15
1410 6.82411 8.92653e-15
1411 6.82411 8.92653e-15
1412 6.82411 8.92653e-15
1413 6.82411 8.92653e-15
1414 6.82411 8.92653e-15
1415 6.82411 8.92653e-15
1416 6.82411 8.92653e-15
1417 6.82411 8.92653e-15
1418 6.82411 8.92653e-15
1419 6.82411 8.92653e-15
1420 6.82411 8.92653e-15
1421 6.82411 8.92653e-15
1422 6.82411 8.92653e-15
1423 6.82411 8.92653e-15
1424 6.82411 8.92653e-15
1425 6.82411 8.92653e-15
1426 6.82411 8.92653e-15
1427 6.82411 8.92653e-15
1428 6.82411 8.92653e-15
1429 6.82411 8.92653e-15
1430 6.82411 8.92653e-15
1431 6.82411 8.92653e-15
1432 6.82411 8.92653e-15
1433 6.82411 8.92653e-15
1434 6.82411 8.92653e-15
1435 6.82411 8.92653e-15
1436 6.82411 8.92653e-15
1437 6.82411 8.92653e-15
1438 6.82411 8.92653e-15
1439 6.82411 8.92653e-15
1440 6.82411 8.92653e-15
1441 6.82411 8.92653e-15
1442 6.82411 8.92653e-15
1443 6.82411 8.92653e-15
1444 6.82411 8.92653e-15
1445 6.82411 8.92653e-15
1446 6.82411 8.92653e-15
1447 6.82411 8.92653e-15
1448 6.82411 8.92653e-15
1449 6.82411 8.92653e-15
1450 6.82411 8.92653e-15
1451 6.82411 8.92653e-15
1452 6.82411 8.92653e-15
1453 6.82411 8.92653e-15
1454 6.82411 8.92653e-15
1455 6.82411 8.92653e-15
1456 6.82411 8.92653e-15
1457 6.82411 8.92653e-15
1458 6.82411 8.92653e-15
1459 6.82411 8.92653e-15
1460 6.82411 8.92653e-15
1461 6.82411 8.92653e-15
1462 6.82411 8.92653e-15
1463 6.82411 8.92653e-15
1464 6.82411 8.92653e-15
1465 6.82411 8.92653e-15
1466 6.82411 8.92653e-15
1467 6.82411 8.92653e-15
1468 6.82411 8.92653e-15
1469 6.82411 8.92653e-15
1470 6.82411 8.92653e-15
1471 6.82411 8.92653e-15
1472 6.82411 8.92653e-15
1473 6.82411 8.92653e-15
1474 6.82411 8.92653e-15
1475 6.82411 8.92653e-15
1476 6.82411 8.92653e-15
1477 6.82411 8.92653e-15
1478 6.82411 8.92653e-15
1479 6.82411 8.92653e-15
1480 6.82411 8.92653e-15
1481 6.82411 8.92653e-15
1482 6.82411 8.92653e-15
1483 6.82411 8.92653e-15
1484 6.82411 8.92653e-15
1485 6.82411 8.92653e-15
1486 6.82411 8.92653e-15
1487 6.82411 8.92653e-15
1488 6.82411 8.92653e-15
1489 6.82411 8.92653e-15
1490 6.82411 8.92653e-15
1491 6.82411 8.92653e-15
1492 6.82411 8.92653e-15
1493 6.82411 8.92653e-15
1494 6.82411 8.92653e-15
1495 6.82411 8.92653e-15
1496 6.82411 8.92653e-15
1497 6.82411 8.92653e-15
1498 6.82411 8.92653e-15
1499 6.82411 8.92653e-15
1500 6.82411 8.92653e-15
1501 6.82411 8.92653e-15
1502 6.82411 8.92653e-15
1503 6.82411 8.92653e-15
1504 6.82411 8.92653e-15
1505 6.82411 8.92653e-15
1506 6.82411 8.92653e-15
1507 6.82411 8.92653e-15
1508 6.82411 8.92653e-15
1509 6.82411 8.92653e-15
1510 6.82411 8.92653e-15
1511 6.82411 8.92653e-15
1512 6.82411 8.92653e-15
1513 6.82411 8.92653e-15
1514 6.82411 8.92653e-15
1515 6.82411 8.92653e-15
1516 6.82411 8.92653e-15
1517 6.82411 8.92653e-15
1518 6.82411 8.92653e-15
1519 6.82411 8.92653e-15
1520 6.82411 8.92653e-15
1521 6.82411 8.92653e-15
1522 6.82411 8.92653e-15
1523 6.82411 8.92653e-15
1524 6.82411 8.92653e-15
1525 6.82411 8.92653e-15
1526 6.82411 8.92653e-15
1527 6.82411 8.92653e-15
1528 6.82411 8.92653e-15
1529 6.82411 8.92653e-15
1530 6.82411 8.92653e-15
1531 6.82411 8.92653e-15
1532 6.82411 8.92653e-15
1533 6.82411 8.92653e-15
1534 6.82411 8.92653e-15
1535 6.82411 8.92653e-15
1536 6.82411 8.92653e-15
1537 6.82411 8.92653e-15
1538 6.82411 8.92653e-15
1539 6.82411 8.92653e-15
1540 6.82411 8.92653e-15
1541 6.82411 8.92653e-15
1542 6.82411 8.92653e-15
1543 6.82411 8.92653e-15
1544 6.82411 8.92653e-15
1545 6.82411 8.92653e-15
1546 6.82411 8.92653e-15
1547 6.82411 8.92653e-15
1548 6.82411 8.92653e-15
1549 6.82411 8.92653e-15
1550 6.82411 8.92653e-15
1551 6.82411 8.92653e-15
1552 6.82411 8.92653e-15
1553 6.82411 8.92653e-15
1554 6.82411 8.92653e-15
1555 6.82411 8.92653e-15
1556 6.82411 8.92653e-15
1557 6.82411 8.92653e-15
1558 6.82411 8.92653e-15
1559 6.82411 8.92653e-15
1560 6.82411 8.92653e-15
1561 6.82411 8.92653e-15
1562 6.82411 8.92653e-15
1563 6.82411 8.92653e-15
1564 6.82411 8.92653e-15
1565 6.82411 8.92653e-15
1566 6.82411 8.92653e-15
1567 6.82411 8.92653e-15
1568 6.82411 8.92653e-15
1569 6.82411 8.92653e-15
1570 6.82411 8.92653e-15
1571 6.82411 8.92653e-15
1572 6.82411 8.92653e-15
1573 6.82411 8.92653e-15
1574 6.82411 8.92653e-15
1575 6.82411 8.92653e-15
1576 6.82411 8.92653e-15
1577 6.82411 8.92653e-15
1578 6.82411 8.92653e-15
1579 6.82411 8.92653e-15
1580 6.82411 8.92653e-15
1581 6.82411 8.92653e-15
1582 6.82411 8.92653e-15
1583 6.82411 8.92653e-15
1584 6.82411 8.92653e-15
1585 6.82411 8.92653e-15
1586 6.82411 8.92653e-15
1587 6.82411 8.92653e-15
1588 6.82411 8.92653e-15
1589 6.82411 8.92653e-15
1590 6.82411 8.92653e-15
1591 6.82411 8.92653e-15
1592 6.82411 8.92653e-15
1593 6.82411 8.92653e-15
1594 6.82411 8.92653e-15
1595 6.82411 8.92653e-15
1596 6.82411 8.92653e-15
1597 6.82411 8.92653e-15
1598 6.82411 8.92653e-15
1599 6.82411 8.92653e-15
1600 6.82411 8.92653e-15
1601 6.82411 8.92653e-15
1602 6.82411 8.92653e-15
1603 6.82411 8.92653e-15
1604 6.82411 8.92653e-15
1605 6.82411 8.92653e-15
1606 6.82411 8.92653e-15
1607 6.82411 8.92653e-15
1608 6.82411 8.92653e-15
1609 6.82411 8.92653e-15
1610 6.82411 8.92653e-15
1611 6.82411 8.92653e-15
1612 6.82411 8.92653e-15
1613 6.82411 8.92653e-15
1614 6.82411 8.92653e-15
1615 6.82411 8.92653e-15
1616 6.82411 8.92653e-15
1617 6.82411 8.92653e-15
1618 6.82411 8.92653e-15
1619 6.82411 8.92653e-15
1620 6.82411 8.92653e-15
1621 6.82411 8.92653e-15
1622 6.82411 8.92653e-15
1623 6.82411 8.92653e-15
1624 6.82411 8.92653e-15
1625 6.82411 8.92653e-15
1626 6.82411 8.92653e-15
1627 6.82411 8.92653e-15
1628 6.82411 8.92653e-15
1629 6.82411 8.92653e-15
1630 6.82411 8.92653e-15
1631 6.82411 8.92653e-15
1632 6.82411 8.92653e-15
1633 6.82411 8.92653e-15
1634 6.82411 8.92653e-15
1635 6.82411 8.92653e-15
1636 6.82411 8.92653e-15
1637 6.82411 8.92653e-15
1638 6.82411 8.92653e-15
1639 6.82411 8.92653e-15
1640 6.82411 8.92653e-15
1641 6.82411 8.92653e-15
1642 6.82411 8.92653e-15
1643 6.82411 8.92653e-15
1644 6.82411 8.92653e-15
1645 6.82411 8.92653e-15
1646 6.82411 8.92653e-15
1647 6.82411 8.92653e-15
1648 6.82411 8.92653e-15
1649 6.82411 8.92653e-15
1650 6.82411 8.92653e-15
1651 6.82411 8.92653e-15
1652 6.82411 8.92653e-15
1653 6.82411 8.92653e-15
1654 6.82411 8.92653e-15
1655 6.82411 8.92653e-15
1656 6.82411 8.92653e-15
1657 6.82411 8.92653e-15
1658 6.82411 8.92653e-15
1659 6.82411 8.92653e-15
1660 6.82411 8.92653e-15
1661 6.82411 8.92653e-15
1662 6.82411 8.92653e-15
1663 6.82411 8.92653e-15
1664 6.82411 8.92653e-15
1665 6.82411 8.92653e-15
1666 6.82411 8.92653e-15
1667 6.82411 8.92653e-15
1668 6.82411 8.92653e-15
1669 6.82411 8.92653e-15
1670 6.82411 8.92653e-15
1671 6.82411 8.92653e-15
1672 6.82411 8.92653e-15
1673 6.82411 8.92653e-15
1674 6.82411 8.92653e-15
1675 6.82411 8.92653e-15
1676 6.82411 8.92653e-15
1677 6.82411 8.92653e-15
1678 6.82411 8.92653e-15
1679 6.82411 8.92653e-15
1680 6.82411 8.92653e-15
1681 6.82411 8.92653e-15
1682 6.82411 8.92653e-15
1683 6.82411 8.92653e-15
1684 6.82411 8.92653e-15
1685 6.82411 8.92653e-15
1686 6.82411 8.92653e-15
1687 6.82411 8.92653e-15
1688 6.82411 8.92653e-15
1689 6.82411 8.92653e-15
1690 6.82411 8.92653e-15
1691 6.82411 8.92653e-15
1692 6.82411 8.92653e-15
1693 6.82411 8.92653e-15
1694 6.82411 8.92653e-15
1695 6.82411 8.92653e-15
1696 6.82411 8.92653e-15
1697 6.82411 8.92653e-15
1698 6.82411 8.92653e-15
1699 6.82411 8.92653e-15
1700 6.82411 8.92653e-15
1701 6.82411 8.92653e-15
1702 6.82411 8.92653e-15
1703 6.82411 8.92653e-15
1704 6.82411 8.92653e-15
1705 6.82411 8.92653e-15
1706 6.82411 8.92653e-15
1707 6.82411 8.92653e-15
1708 6.82411 8.92653e-15
1709 6.82411 8.92653e-15
1710 6.82411 8.92653e-15
1711 6.82411 8.92653e-15
1712 6.82411 8.92653e-15
1713 6.82411 8.92653e-15
1714 6.82411 8.92653e-15
1715 6.82411 8.92653e-15
1716 6.82411 8.92653e-15
1717 6.82411 8.92653e-15
1718 6.82411 8.92653e-15
1719 6.82411 8.92653e-15
1720 6.82411 8.92653e-15
1721 6.82411 8.92653e-15
1722 6.82411 8.92653e-15
1723 6.82411 8.92653e-15
1724 6.82411 8.92653e-15
1725 6.82411 8.92653e-15
1726 6.82411 8.92653e-15
1727 6.82411 8.92653e-15
1728 6.82411 8.92653e-15
1729 6.82411 8.92653e-15
1730 6.82411 8.92653e-15
1731 6.82411 8.92653e-15
1732 6.82411 8.92653e-15
1733 6.82411 8.92653e-15
1734 6.82411 8.92653e-15
1735 6.82411 8.92653e-15
1736 6.82411 8.92653e-15
1737 6.82411 8.92653e-15
1738 6.82411 8.92653e-15
1739 6.82411 8.92653e-15
1740 6.82411 8.92653e-15
1741 6.82411 8.92653e-15
1742 6.82411 8.92653e-15
1743 6.82411 8.92653e-15
1744 6.82411 8.92653e-15
1745 6.82411 8.92653e-15
1746 6.82411 8.92653e-15
1747 6.82411 8.92653e-15
1748 6.82411 8.92653e-15
1749 6.82411 8.92653e-15
1750 6.82411 8.92653e-15
1751 6.82411 8.92653e-15
1752 6.82411 8.92653e-15
1753 6.82411 8.92653e-15
1754 6.82411 8.92653e-15
1755 6.82411 8.92653e-15
1756 6.82411 8.92653e-15
1757 6.82411 8.92653e-15
1758 6.82411 8.92653e-15
1759 6.82411 8.92653e-15
1760 6.82411 8.92653e-15
1761 6.82411 8.92653e-15
1762 6.82411 8.92653e-15
1763 6.82411 8.92653e-15
1764 6.82411 8.92653e-15
1765 6.82411 8.92653e-15
1766 6.82411 8.92653e-15
1767 6.82411 8.92653e-15
1768 6.82411 8.92653e-15
1769 6.82411 8.92653e-15
1770 6.82411 8.92653e-15
1771 6.82411 8.92653e-15
1772 6.82411 8.92653e-15
1773 6.82411 8.92653e-15
1774 6.82411 8.92653e-15
1775 6.82411 8.92653e-15
1776 6.82411 8.92653e-15
1777 6.82411 8.92653e-15
1778 6.82411 8.92653e-15
1779 6.82411 8.92653e-15
1780 6.82411 8.92653e-15
1781 6.82411 8.92653e-15
1782 6.82411 8.92653e-15
1783 6.82411 8.92653e-15
1784 6.82411 8.92653e-15
1785 6.82411 8.92653e-15
1786 6.82411 8.92653e-15
1787 6.82411 8.92653e-15
1788 6.82411 8.92653e-15
1789 6.82411 8.92653e-15
1790 6.82411 8.92653e-15
1791 6.82411 8.92653e-15
1792 6.82411 8.92653e-15
1793 6.82411 8.92653e-15
1794 6.82411 8.92653e-15
1795 6.82411 8.92653e-15
1796 6.82411 8.92653e-15
1797 6.82411 8.92653e-15
1798 6.82411 8.92653e-15
1799 6.82411 8.92653e-15
1800 6.82411 8.92653e-15
1801 6.82411 8.92653e-15
1802 6.82411 8.92653e-15
1803 6.82411 8.92653e-15
1804 6.82411 8.92653e-15
1805 6.82411 8.92653e-15
1806 6.82411 8.92653e-15
1807 6.82411 8.92653e-15
1808 6.82411 8.92653e-15
1809 6.82411 8.92653e-15
1810 6.82411 8.92653e-15
1811 6.82411 8.92653e-15
1812 6.82411 8.92653e-15
1813 6.82411 8.92653e-15
1814 6.82411 8.92653e-15
1815 6.82411 8.92653e-15
1816 6.82411 8.92653e-15
1817 6.82411 8.92653e-15
1818 6.82411 8.92653e-15
1819 6.82411 8.92653e-15
1820 6.82411 8.92653e-15
1821 6.82411 8.92653e-15
1822 6.82411 8.92653e-15
1823 6.82411 8.92653e-15
1824 6.82411 8.92653e-15
1825 6.82411 8.92653e-15
1826 6.82411 8.92653e-15
1827 6.82411 8.92653e-15
1828 6.82411 8.92653e-15
1829 6.82411 8.92653e-15
1830 6.82411 8.92653e-15
1831 6.82411 8.92653e-15
1832 6.82411 8.92653e-15
1833 6.82411 8.92653e-15
1834 6.82411 8.92653e-15
1835 6.82411 8.92653e-15
1836 6.82411 8.92653e-15
1837 6.82411 8.92653e-15
1838 6.82411 8.92653e-15
1839 6.82411 8.92653e-15
1840 6.82411 8.92653e-15
1841 6.82411 8.92653e-15
1842 6.82411 8.92653e-15
1843 6.82411 8.92653e-15
1844 6.82411 8.92653e-15
1845 6.82411 8.92653e-15
1846 6.82411 8.92653e-15
1847 6.82411 8.92653e-15
1848 6.82411 8.92653e-15
1849 6.82411 8.92653e-15
1850 6.82411 8.92653e-15
1851 6.82411 8.92653e-15
1852 6.82411 8.92653e-15
1853 6.82411 8.92653e-15
1854 6.82411 8.92653e-15
1855 6.82411 8.92653e-15
1856 6.82411 8.92653e-15
1857 6.82411 8.92653e-15
1858 6.82411 8.92653e-15
1859 6.82411 8.92653e-15
1860 6.82411 8.92653e-15
1861 6.82411 8.92653e-15
1862 6.82411 8.92653e-15
1863 6.82411 8.92653e-15
1864 6.82411 8.92653e-15
1865 6.82411 8.92653e-15
1866 6.82411 8.92653e-15
1867 6.82411 8.92653e-15
1868 6.82411 8.92653e-15
1869 6.82411 8.92653e-15
1870 6.82411 8.92653e-15
1871 6.82411 8.92653e-15
1872 6.82411 8.92653e-15
1873 6.82411 8.92653e-15
1874 6.82411 8.92653e-15
1875 6.82411 8.92653e-15
1876 6.82411 8.92653e-15
1877 6.82411 8.92653e-15
1878 6.82411 8.92653e-15
1879 6.82411 8.92653e-15
1880 6.82411 8.92653e-15
1881 6.82411 8.92653e-15
1882 6.82411 8.92653e-15
1883 6.82411 8.92653e-15
1884 6.82411 8.92653e-15
1885 6.82411 8.92653e-15
1886 6.82411 8.92653e-15
1887 6.82411 8.92653e-15
1888 6.82411 8.92653e-15
1889 6.82411 8.92653e-15
1890 6.82411 8.92653e-15
1891 6.82411 8.92653e-15
1892 6.82411 8.92653e-15
1893 6.82411 8.92653e-15
1894 6.82411 8.92653e-15
1895 6.82411 8.92653e-15
1896 6.82411 8.92653e-15
1897 6.82411 8.92653e-15
1898 6.82411 8.92653e-15
1899 6.82411 8.92653e-15
1900 6.82411 8.92653e-15
1901 6.82411 8.92653e-15
1902 6.82411 8.92653e-15
1903 6.82411 8.92653e-15
1904 6.82411 8.92653e-15
1905 6.82411 8.92653e-15
1906 6.82411 8.92653e-15
1907 6.82411 8.92653e-15
1908 6.82411 8.92653e-15
1909 6.82411 8.92653e-15
1910 6.82411 8.92653e-15
1911 6.82411 8.92653e-15
1912 6.82411 8.92653e-15
1913 6.82411 8.92653e-15
1914 6.82411 8.92653e-15
1915 6.82411 8.92653e-15
1916 6.82411 8.92653e-15
1917 6.82411 8.92653e-15
1918 6.82411 8.92653e-15
1919 6.82411 8.92653e-15
1920 6.82411 8.92653e-15
1921 6.82411 8.92653e-15
1922 6.82411 8.92653e-15
1923 6.82411 8.92653e-15
1924 6.82411 8.92653e-15
1925 6.82411 8.92653e-15
1926 6.82411 8.92653e-15
1927 6.82411 8.92653e-15
1928 6.82411 8.92653e-15
1929 6.82411 8.92653e-15
1930 6.82411 8.92653e-15
1931 6.82411 8.92653e-15
1932 6.82411 8.92653e-15
1933 6.82411 8.92653e-15
1934 6.82411 8.92653e-15
1935 6.82411 8.92653e-15
1936 6.82411 8.92653e-15
1937 6.82411 8.92653e-15
1938 6.82411 8.92653e-15
1939 6.82411 8.92653e-15
1940 6.82411 8.92653e-15
1941 6.82411 8.92653e-15
1942 6.82411 8.92653e-15
1943 6.82411 8.92653e-15
1944 6.82411 8.92653e-15
1945 6.82411 8.92653e-15
1946 6.82411 8.92653e-15
1947 6.82411 8.92653e-15
1948 6.82411 8.92653e-15
1949 6.82411 8.92653e-15
1950 6.82411 8.92653e-15
1951 6.82411 8.92653e-15
1952 6.82411 8.92653e-15
1953 6.82411 8.92653e-15
1954 6.82411 8.92653e-15
1955 6.82411 8.92653e-15
1956 6.82411 8.92653e-15
1957 6.82411 8.92653e-15
1958 6.82411 8.92653e-15
1959 6.82411 8.92653e-15
1960 6.82411 8.92653e-15
1961 6.82411 8.92653e-15
1962 6.82411 8.92653e-15
1963 6.82411 8.92653e-15
1964 6.82411 8.92653e-15
1965 6.82411 8.92653e-15
1966 6.82411 8.92653e-15
1967 6.82411 8.92653e-15
1968 6.82411 8.92653e-15
1969 6.82411 8.92653e-15
1970 6.82411 8.92653e-15
1971 6.82411 8.92653e-15
1972 6.82411 8.92653e-15
1973 6.82411 8.92653e-15
1974 6.82411 8.92653e-15
1975 6.82411 8.92653e-15
1976 6.82411 8.92653e-15
1977 6.82411 8.92653e-15
1978 6.82411 8.92653e-15
1979 6.82411 8.92653e-15
1980 6.82411 8.92653e-15
1981 6.82411 8.92653e-15
1982 6.82411 8.92653e-15
1983 6.82411 8.92653e-15
1984 6.82411 8.92653e-15
1985 6.82411 8.92653e-15
1986 6.82411 8.92653e-15
1987 6.82411 8.92653e-15
1988 6.82411 8.92653e-15
1989 6.82411 8.92653e-15
1990 6.82411 8.92653e-15
1991 6.82411 8.92653e-15
1992 6.82411 8.92653e-15
1993 6.82411 8.92653e-15
1994 6.82411 8.92653e-15
1995 6.82411 8.92653e-15
1996 6.82411 8.92653e-15
1997 6.82411 8.92653e-15
1998 6.82411 8.92653e-15
1999 6.82411 8.92653e-15
2000 6.82411 8.92653e-15
