1 -5.47976 -5.47976 0
2 -5.46635 -5.47305 0.0047408
3 -5.53875 -5.49495 0.018158
4 -5.50244 -5.49682 0.0137148
5 -5.50895 -5.49925 0.011184
6 -5.49311 -5.49823 0.00936678
7 -5.49065 -5.49714 0.00809091
8 -5.53378 -5.50172 0.00827467
9 -5.47176 -5.49839 0.00799693
10 -5.49264 -5.49782 0.00721789
11 -5.51283 -5.49918 0.00668948
12 -5.52551 -5.50138 0.00648168
13 -5.50528 -5.50168 0.00599005
14 -5.48921 -5.50079 0.00562803
15 -5.48442 -5.4997 0.00535751
16 -5.43557 -5.49569 0.00634707
17 -5.468 -5.49406 0.00617919
18 -5.52253 -5.49564 0.00603491
19 -5.50997 -5.4964 0.00576424
20 -5.49744 -5.49645 0.00547626
21 -5.52819 -5.49796 0.00542003
22 -5.51318 -5.49865 0.00521765
23 -5.52106 -5.49962 0.00508098
24 -5.47961 -5.49879 0.00493724
25 -5.50775 -5.49915 0.00475275
26 -5.49148 -5.49885 0.00457908
27 -5.4507 -5.49707 0.00474415
28 -5.46839 -5.49605 0.004684
29 -5.54951 -5.49789 0.00487183
30 -5.5069 -5.49819 0.00471867
31 -5.49004 -5.49793 0.00457378
32 -5.47879 -5.49733 0.00446977
33 -5.47266 -5.49658 0.00439639
34 -5.47417 -5.49592 0.0043162
35 -5.49045 -5.49577 0.00419571
36 -5.51351 -5.49626 0.00410802
37 -5.50611 -5.49653 0.00400561
38 -5.51187 -5.49693 0.00392049
39 -5.50868 -5.49723 0.00383152
40 -5.48815 -5.497 0.00374246
41 -5.47639 -5.4965 0.00368478
42 -5.52243 -5.49712 0.0036484
43 -5.46251 -5.49631 0.00365125
44 -5.42986 -5.4948 0.00386805
45 -5.48055 -5.49449 0.00379504
46 -5.48525 -5.49429 0.00371785
47 -5.4794 -5.49397 0.0036522
48 -5.49046 -5.4939 0.00357685
49 -5.48362 -5.49369 0.00350999
50 -5.48038 -5.49342 0.00344987
51 -5.49447 -5.49344 0.00338229
52 -5.52405 -5.49403 0.00336806
53 -5.53135 -5.49473 0.00337732
54 -5.48277 -5.49451 0.00332204
55 -5.48675 -5.49437 0.00326463
56 -5.52801 -5.49497 0.00326113
57 -5.4457 -5.49411 0.00331649
58 -5.43309 -5.49305 0.00342209
59 -5.473 -5.49271 0.00338093
60 -5.50833 -5.49298 0.00333458
61 -5.51317 -5.49331 0.0032963
62 -5.49353 -5.49331 0.00324314
63 -5.46199 -5.49281 0.00322954
64 -5.46255 -5.49234 0.00321352
65 -5.50941 -5.4926 0.0031748
66 -5.51926 -5.49301 0.00315229
67 -5.5063 -5.4932 0.00311147
68 -5.51568 -5.49354 0.00308322
69 -5.48303 -5.49338 0.0030423
70 -5.51009 -5.49362 0.00300818
71 -5.48794 -5.49354 0.00296688
72 -5.46249 -5.49311 0.00295684
73 -5.49641 -5.49316 0.00291668
74 -5.48 -5.49298 0.00288268
75 -5.43914 -5.49226 0.00293225
76 -5.50984 -5.49249 0.00290278
77 -5.49254 -5.49249 0.00286508
78 -5.49803 -5.49256 0.00282923
79 -5.48565 -5.49248 0.00279477
80 -5.47023 -5.4922 0.00277363
81 -5.52285 -5.49258 0.00276509
82 -5.50876 -5.49277 0.0027384
83 -5.48823 -5.49272 0.00270596
84 -5.51501 -5.49298 0.00268673
85 -5.49068 -5.49296 0.00265526
86 -5.47412 -5.49274 0.0026334
87 -5.47595 -5.49254 0.00261019
88 -5.51015 -5.49274 0.00258819
89 -5.51693 -5.49302 0.00257334
90 -5.45921 -5.49264 0.00257201
91 -5.52058 -5.49295 0.002562
92 -5.49234 -5.49294 0.00253416
93 -5.51968 -5.49323 0.00252317
94 -5.48157 -5.4931 0.00249937
95 -5.47603 -5.49293 0.00247951
96 -5.46515 -5.49264 0.0024705
97 -5.48462 -5.49255 0.00244641
98 -5.51387 -5.49277 0.0024311
99 -5.49543 -5.4928 0.00240669
100 -5.49878 -5.49286 0.00238337
