1 1.258 1.258 0
2 1.21734 1.23767 0.0143746
3 0.936537 1.13729 0.0825167
4 1.23715 1.16226 0.0655554
5 1.26665 1.18314 0.0556698
6 1.14545 1.17686 0.0467444
7 1.27164 1.1904 0.0419821
8 1.25359 1.1983 0.0374701
9 1.38726 1.21929 0.0387454
10 1.20719 1.21808 0.0348897
11 1.13262 1.21031 0.0325714
12 1.09236 1.20048 0.0313051
13 1.22327 1.20224 0.028946
14 1.49043 1.22282 0.0334055
15 1.4529 1.23816 0.0345208
16 1.47415 1.25291 0.0353741
17 1.28628 1.25487 0.0333477
18 1.11949 1.24735 0.0323321
19 1.26862 1.24847 0.0306498
20 1.14148 1.24312 0.0295805
21 1.00253 1.23166 0.0303095
22 1.11433 1.22633 0.0293972
23 1.07832 1.2199 0.0288148
24 1.27364 1.22214 0.0277011
25 1.18685 1.22072 0.026629
26 1.21598 1.22054 0.0256054
27 1.3982 1.22712 0.0254885
28 1.27934 1.22899 0.0246463
29 1.07396 1.22364 0.0243693
30 1.15673 1.22141 0.0236588
31 1.21391 1.22117 0.0228969
32 1.33985 1.22488 0.0224797
33 1.50049 1.23323 0.0232984
34 1.25749 1.23394 0.0226241
35 1.17683 1.23231 0.0220365
36 1.18458 1.23098 0.0214642
37 1.15605 1.22896 0.0209794
38 1.06355 1.22461 0.020874
39 1.21343 1.22432 0.0203408
40 1.21535 1.2241 0.0198335
41 1.26898 1.22519 0.0193799
42 1.12217 1.22274 0.0190731
43 1.44464 1.2279 0.019315
44 1.66842 1.23791 0.0213134
45 1.18966 1.23684 0.0208667
46 1.21367 1.23633 0.0204192
47 1.38521 1.2395 0.0202289
48 1.30349 1.24083 0.0198514
49 1.38085 1.24369 0.0196508
50 1.41307 1.24708 0.0195476
51 1.06892 1.24359 0.019474
52 1.17472 1.24226 0.0191445
53 1.09514 1.23949 0.0189834
54 1.25972 1.23986 0.0186356
55 1.24135 1.23989 0.0182968
56 1.09291 1.23726 0.0181573
57 1.44698 1.24094 0.0182077
58 1.41194 1.24389 0.0181309
59 1.21329 1.24337 0.017831
60 1.31787 1.24461 0.017577
61 1.33112 1.24603 0.017346
62 1.46359 1.24954 0.0174175
63 1.44063 1.25257 0.0174031
64 1.37758 1.25453 0.0172405
65 1.09445 1.25206 0.0171502
66 1.16827 1.25079 0.0169373
67 1.17951 1.24973 0.0167179
68 1.1775 1.24867 0.0165057
69 1.4288 1.25128 0.0164717
70 1.16089 1.24999 0.0162869
71 1.15201 1.24861 0.0161159
72 1.33108 1.24975 0.0159327
73 1.08872 1.24755 0.0158664
74 1.22551 1.24725 0.0156548
75 1.33427 1.24841 0.015489
76 1.15645 1.2472 0.0153324
77 1.17606 1.24628 0.0151611
78 1.17193 1.24532 0.0149966
79 1.28795 1.24586 0.0148165
80 1.31725 1.24675 0.0146582
81 1.03049 1.24408 0.0147183
82 1.18994 1.24342 0.0145536
83 1.09969 1.24169 0.014481
84 1.1125 1.24015 0.01439
85 1.2829 1.24066 0.0142295
86 1.50544 1.24374 0.0143933
87 1.29186 1.24429 0.0142385
88 1.13742 1.24308 0.0141283
89 1.09993 1.24147 0.0140609
90 1.30369 1.24216 0.0139216
91 1.05082 1.24006 0.0139265
92 1.29544 1.24066 0.0137881
93 1.13112 1.23948 0.0136901
94 1.23265 1.23941 0.0135446
95 1.37095 1.24079 0.0134726
96 1.23415 1.24072 0.0133325
97 1.13074 1.23959 0.0132432
98 1.09762 1.23814 0.013187
99 1.2065 1.23782 0.0130577
100 1.17222 1.23716 0.0129436
