0 0.0256496 0 0 0
1 0.0512993 0 0 0
2 0.0769489 0 0 0
3 0.102599 0 0 0
4 0.128248 0 0 0
5 0.153898 0 0 0
6 0.179547 0 0 0
7 0.205197 0 0 0
8 0.230847 0 0 0
9 0.256496 0 0 0
10 0.282146 0 0 0
11 0.307796 0 0 0
12 0.333445 0 0 0
13 0.359095 0 0 0
14 0.384745 0 0 0
15 0.410394 0 0 0
16 0.436044 0 0 0
17 0.461694 0 0 0
18 0.487343 0 0 0
19 0.512993 0 0 0
20 0.538642 0 0 0
21 0.564292 0 0 0
22 0.589942 0 0 0
23 0.615591 0 0 0
24 0.641241 0 0 0
25 0.666891 0 0 0
26 0.69254 0 0 0
27 0.71819 0 0 0
28 0.74384 0 0 0
29 0.769489 0 0 0
30 0.795139 0 0 0
31 0.820788 0 0 0
32 0.846438 0 0 0
33 0.872088 0 0 0
34 0.897737 0 0.00080549 0.000151139
35 0.923387 0.0147476 0.0184509 0.000721877
36 0.949037 0.151359 0.139468 0.00191952
37 0.974686 0.514011 0.507597 0.00380339
38 1.00034 1.06478 1.10887 0.00526037
39 1.02599 1.78879 1.76185 0.00829652
40 1.05164 2.19608 2.24437 0.00992422
41 1.07728 2.50973 2.45241 0.00880419
42 1.10293 2.3501 2.46217 0.00751492
43 1.12858 2.34764 2.32601 0.00841505
44 1.15423 2.06105 2.12498 0.00802056
45 1.17988 1.9254 1.90834 0.00821659
46 1.20553 1.74891 1.68828 0.00704329
47 1.23118 1.41999 1.49205 0.00667321
48 1.25683 1.3779 1.34543 0.00626594
49 1.28248 1.15823 1.19594 0.0060299
50 1.30813 1.02273 1.07434 0.00576205
51 1.33378 0.948498 0.978272 0.00574633
52 1.35943 0.899643 0.897042 0.00540828
53 1.38508 0.882 0.831248 0.00504496
54 1.41073 0.889839 0.778664 0.00478197
55 1.43638 0.810406 0.736372 0.00456328
56 1.46203 0.723036 0.704561 0.00451847
57 1.48768 0.758813 0.677854 0.0044368
58 1.51333 0.711013 0.659571 0.00357869
59 1.53898 0.677266 0.65387 0.00365843
60 1.56463 0.666387 0.646171 0.00412685
61 1.59028 0.643557 0.650605 0.00369292
62 1.61593 0.658099 0.660251 0.003981
63 1.64158 0.633916 0.675679 0.00389244
64 1.66723 0.693581 0.68114 0.00376491
65 1.69288 0.730145 0.701722 0.00388379
66 1.71853 0.763296 0.731669 0.00358222
67 1.74418 0.780023 0.762671 0.00314312
68 1.76983 0.779885 0.793236 0.00353244
69 1.79547 0.755941 0.827242 0.00390407
70 1.82112 0.763129 0.866854 0.00453013
71 1.84677 0.788741 0.911524 0.00425707
72 1.87242 0.852089 0.950654 0.00392923
73 1.89807 0.925737 0.990047 0.00424401
74 1.92372 0.970891 1.03268 0.00401118
75 1.94937 1.02196 1.06705 0.00387206
76 1.97502 1.20912 1.1077 0.00391521
77 2.00067 1.18365 1.13564 0.00339108
78 2.02632 1.23437 1.15917 0.0039705
79 2.05197 1.22529 1.17521 0.00448342
80 2.07762 1.23665 1.18897 0.00399278
81 2.10327 1.19499 1.1859 0.00413829
82 2.12892 1.18188 1.18585 0.00375703
83 2.15457 1.18113 1.16682 0.00372839
84 2.18022 1.18398 1.14966 0.00367594
85 2.20587 1.09884 1.12154 0.00324175
86 2.23152 1.09511 1.09482 0.00354769
87 2.25717 1.06075 1.0687 0.00363021
88 2.28282 1.04263 1.04178 0.00333823
89 2.30847 1.03824 1.01741 0.00390113
90 2.33412 1.04827 0.990759 0.00367619
91 2.35977 1.01922 0.96304 0.0032838
92 2.38542 0.942344 0.940609 0.00295022
93 2.41107 0.914072 0.918953 0.0030253
94 2.43672 0.889644 0.906534 0.00326268
95 2.46237 0.857117 0.887897 0.00297115
96 2.48802 0.880964 0.881439 0.00343522
97 2.51366 0.866768 0.87562 0.00323029
98 2.53931 0.848992 0.871857 0.00314262
99 2.56496 0.840178 0.871448 0.00289171
