1 1.03528 1.03528 0
2 1.02524 1.03026 0.00354988
3 1.07446 1.04499 0.0122602
4 1.0505 1.04637 0.00927207
5 1.05388 1.04787 0.00753833
6 1.04269 1.04701 0.00633116
7 1.0415 1.04622 0.00547536
8 1.0716 1.04939 0.00563529
9 1.0313 1.04738 0.00535589
10 1.04542 1.04719 0.00482387
11 1.05645 1.04803 0.00445826
12 1.06579 1.04951 0.00432561
13 1.05142 1.04966 0.00399536
14 1.04239 1.04914 0.00374353
15 1.04068 1.04857 0.00353619
16 1.00677 1.04596 0.00417009
17 1.02696 1.04484 0.00407178
18 1.06476 1.04595 0.00399308
19 1.05501 1.04643 0.00381126
20 1.04668 1.04644 0.00362072
21 1.06666 1.0474 0.00357407
22 1.05548 1.04777 0.00343043
23 1.06234 1.0484 0.00333926
24 1.03522 1.04785 0.00324497
25 1.05418 1.04811 0.00312503
26 1.04304 1.04791 0.00301092
27 1.01608 1.04673 0.00312167
28 1.02863 1.04609 0.0030764
29 1.08342 1.04737 0.00322847
30 1.05228 1.04754 0.003125
31 1.04299 1.04739 0.00302763
32 1.03475 1.04699 0.00295867
33 1.0327 1.04656 0.00290054
34 1.03204 1.04613 0.0028465
35 1.042 1.04602 0.00276763
36 1.0598 1.0464 0.00271709
37 1.05379 1.0466 0.00265099
38 1.05644 1.04686 0.00259385
39 1.0548 1.04706 0.00253533
40 1.04082 1.04691 0.00247674
41 1.03234 1.04655 0.00244169
42 1.06343 1.04695 0.00241639
43 1.02528 1.04645 0.0024122
44 1.00358 1.04547 0.0025465
45 1.03564 1.04526 0.00249928
46 1.0392 1.04512 0.00244841
47 1.03526 1.04491 0.0024053
48 1.04165 1.04485 0.00235615
49 1.03712 1.04469 0.00231333
50 1.03519 1.0445 0.00227486
51 1.04311 1.04447 0.00223041
52 1.06557 1.04488 0.00222411
53 1.06924 1.04534 0.00222914
54 1.03791 1.0452 0.0021921
55 1.03987 1.0451 0.00215439
56 1.06889 1.04553 0.00215738
57 1.01167 1.04493 0.00219977
58 1.00378 1.04422 0.00227337
59 1.03067 1.04399 0.00224642
60 1.05436 1.04417 0.00221562
61 1.05885 1.04441 0.00219233
62 1.04506 1.04442 0.002157
63 1.02271 1.04407 0.00215011
64 1.02391 1.04376 0.00213947
65 1.05535 1.04394 0.00211398
66 1.06145 1.0442 0.00209853
67 1.05198 1.04432 0.00207042
68 1.05994 1.04455 0.00205268
69 1.03824 1.04446 0.00202496
70 1.05552 1.04461 0.00200219
71 1.04084 1.04456 0.0019747
72 1.02288 1.04426 0.00197011
73 1.04618 1.04429 0.00194329
74 1.0353 1.04416 0.00192082
75 1.00922 1.0437 0.00195091
76 1.055 1.04385 0.0019309
77 1.0439 1.04385 0.00190582
78 1.04786 1.0439 0.00188208
79 1.03949 1.04384 0.00185909
80 1.02851 1.04365 0.0018457
81 1.06355 1.0439 0.0018392
82 1.05495 1.04403 0.0018217
83 1.03847 1.04397 0.00180098
84 1.0575 1.04413 0.00178673
85 1.04404 1.04413 0.00176571
86 1.03149 1.04398 0.00175127
87 1.03332 1.04386 0.00173542
88 1.05619 1.044 0.00172136
89 1.05967 1.04417 0.001711
90 1.02079 1.04391 0.00171161
91 1.0605 1.04409 0.00170247
92 1.04351 1.04409 0.00168398
93 1.06081 1.04427 0.00167545
94 1.03499 1.04417 0.00166053
95 1.03167 1.04404 0.00164825
96 1.02705 1.04386 0.00164055
97 1.0363 1.04378 0.00162549
98 1.05638 1.04391 0.00161398
99 1.04572 1.04393 0.00159778
100 1.04708 1.04396 0.00158211
