1 -3.92684 -3.92684 0
2 -3.92849 -3.92767 0.000584026
3 -3.92706 -3.92746 0.000422296
4 -3.9267 -3.92727 0.0003576
5 -3.92813 -3.92744 0.000324497
6 -3.92907 -3.92772 0.000366305
7 -3.9284 -3.92781 0.000326851
8 -3.92639 -3.92763 0.000331103
9 -3.92482 -3.92732 0.000416675
10 -3.92451 -3.92704 0.000460429
11 -3.92815 -3.92714 0.000429564
12 -3.92681 -3.92711 0.000394639
13 -3.92816 -3.92719 0.000372385
14 -3.92562 -3.92708 0.00036234
15 -3.92341 -3.92684 0.000412684
16 -3.92542 -3.92675 0.000396328
17 -3.92755 -3.9268 0.000375841
18 -3.92539 -3.92672 0.000362994
19 -3.92747 -3.92676 0.00034602
20 -3.92741 -3.92679 0.000330259
21 -3.92819 -3.92686 0.00032123
22 -3.92996 -3.927 0.000336224
23 -3.92755 -3.92702 0.000322475
24 -3.92678 -3.92701 0.000309202
25 -3.92648 -3.92699 0.000297576
26 -3.92693 -3.92699 0.00028614
27 -3.92658 -3.92697 0.00027595
28 -3.92544 -3.92692 0.000271437
29 -3.92438 -3.92683 0.000275797
30 -3.92847 -3.92689 0.000271979
31 -3.92556 -3.92684 0.000266569
32 -3.92667 -3.92684 0.000258296
33 -3.92361 -3.92674 0.000268367
34 -3.92611 -3.92672 0.000261103
35 -3.92745 -3.92674 0.000254473
36 -3.92382 -3.92666 0.000260032
37 -3.92542 -3.92663 0.000255164
38 -3.92721 -3.92664 0.000248906
39 -3.92647 -3.92664 0.000242561
40 -3.92691 -3.92664 0.000236595
41 -3.92789 -3.92668 0.000232761
42 -3.92729 -3.92669 0.000227679
43 -3.9246 -3.92664 0.000227535
44 -3.92448 -3.92659 0.00022759
45 -3.92709 -3.9266 0.000222803
46 -3.92644 -3.9266 0.000217988
47 -3.92652 -3.9266 0.000213357
48 -3.92798 -3.92663 0.000210851
49 -3.92794 -3.92665 0.000208254
50 -3.9276 -3.92667 0.000204941
51 -3.9298 -3.92673 0.000209918
52 -3.9257 -3.92671 0.00020683
53 -3.92749 -3.92673 0.000203448
54 -3.92591 -3.92671 0.000200247
55 -3.92695 -3.92672 0.000196654
56 -3.92468 -3.92668 0.000196488
57 -3.9282 -3.92671 0.000194828
58 -3.92741 -3.92672 0.000191848
59 -3.927 -3.92672 0.000188655
60 -3.92678 -3.92673 0.000185513
61 -3.92489 -3.9267 0.000184888
62 -3.92594 -3.92668 0.000182308
63 -3.92793 -3.9267 0.00018048
64 -3.92668 -3.9267 0.00017766
65 -3.92638 -3.9267 0.000174997
66 -3.9271 -3.9267 0.00017245
67 -3.92832 -3.92673 0.000171562
68 -3.92577 -3.92671 0.000169619
69 -3.92566 -3.9267 0.000167844
70 -3.92682 -3.9267 0.000165455
71 -3.92669 -3.9267 0.000163125
72 -3.92818 -3.92672 0.000162152
73 -3.92713 -3.92673 0.00016003
74 -3.92705 -3.92673 0.000157927
75 -3.92532 -3.92671 0.000156944
76 -3.92734 -3.92672 0.000155095
77 -3.92669 -3.92672 0.000153082
78 -3.92624 -3.92671 0.000151243
79 -3.92642 -3.92671 0.000149375
80 -3.92746 -3.92672 0.000147802
81 -3.92752 -3.92673 0.00014631
82 -3.92634 -3.92672 0.000144605
83 -3.93052 -3.92677 0.000149911
84 -3.92877 -3.92679 0.000150006
85 -3.92463 -3.92677 0.000150391
86 -3.92688 -3.92677 0.000148649
87 -3.92596 -3.92676 0.000147228
88 -3.92586 -3.92675 0.000145909
89 -3.92743 -3.92676 0.00014447
90 -3.92804 -3.92677 0.00014356
91 -3.92983 -3.92681 0.000145871
92 -3.92708 -3.92681 0.000144316
93 -3.92846 -3.92683 0.00014385
94 -3.92909 -3.92685 0.000144313
95 -3.92853 -3.92687 0.000143869
96 -3.92458 -3.92684 0.000144338
97 -3.93017 -3.92688 0.000146869
98 -3.92929 -3.9269 0.000147418
99 -3.92685 -3.9269 0.00014593
100 -3.92817 -3.92692 0.000145019
