1 1.55292 1.55292 0
2 1.53786 1.54539 0.00532482
3 1.61169 1.56749 0.0183903
4 1.57575 1.56955 0.0139081
5 1.58082 1.5718 0.0113075
6 1.56404 1.57051 0.00949675
7 1.56225 1.56933 0.00821305
8 1.60739 1.57409 0.00845293
9 1.54694 1.57107 0.00803383
10 1.56814 1.57078 0.00723581
11 1.58468 1.57204 0.00668739
12 1.59869 1.57426 0.00648842
13 1.57712 1.57448 0.00599304
14 1.56358 1.5737 0.00561529
15 1.56101 1.57286 0.00530429
16 1.51016 1.56894 0.00625513
17 1.54044 1.56726 0.00610767
18 1.59714 1.56892 0.00598962
19 1.58251 1.56964 0.00571689
20 1.57003 1.56966 0.00543108
21 1.59999 1.5711 0.00536111
22 1.58322 1.57165 0.00514564
23 1.59351 1.5726 0.00500889
24 1.55283 1.57178 0.00486745
25 1.58128 1.57216 0.00468755
26 1.56455 1.57187 0.00451638
27 1.52412 1.5701 0.0046825
28 1.54294 1.56913 0.0046146
29 1.62513 1.57106 0.0048427
30 1.57842 1.5713 0.00468749
31 1.56448 1.57108 0.00454145
32 1.55213 1.57049 0.00443801
33 1.54905 1.56984 0.00435081
34 1.54806 1.5692 0.00426976
35 1.563 1.56902 0.00415144
36 1.58969 1.5696 0.00407563
37 1.58069 1.5699 0.00397649
38 1.58466 1.57029 0.00389077
39 1.58221 1.57059 0.00380299
40 1.56123 1.57036 0.00371511
41 1.54851 1.56983 0.00366253
42 1.59514 1.57043 0.00362458
43 1.53792 1.56967 0.0036183
44 1.50538 1.56821 0.00381976
45 1.55346 1.56788 0.00374892
46 1.55881 1.56769 0.00367261
47 1.55289 1.56737 0.00360794
48 1.56247 1.56727 0.00353422
49 1.55568 1.56703 0.00347
50 1.55278 1.56675 0.00341228
51 1.56466 1.56671 0.00334562
52 1.59835 1.56732 0.00333617
53 1.60386 1.568 0.00334371
54 1.55686 1.5678 0.00328815
55 1.5598 1.56765 0.00323158
56 1.60333 1.56829 0.00323607
57 1.51751 1.5674 0.00329966
58 1.50568 1.56633 0.00341005
59 1.546 1.56599 0.00336962
60 1.58155 1.56625 0.00332342
61 1.58828 1.56661 0.0032885
62 1.56759 1.56663 0.0032355
63 1.53406 1.56611 0.00322517
64 1.53587 1.56564 0.00320921
65 1.58303 1.5659 0.00317097
66 1.59217 1.5663 0.0031478
67 1.57797 1.56648 0.00310563
68 1.58991 1.56682 0.00307902
69 1.55737 1.56668 0.00303744
70 1.58327 1.56692 0.00300328
71 1.56126 1.56684 0.00296204
72 1.53431 1.56639 0.00295516
73 1.56928 1.56643 0.00291494
74 1.55295 1.56625 0.00288124
75 1.51383 1.56555 0.00292636
76 1.5825 1.56577 0.00289635
77 1.56585 1.56577 0.00285874
78 1.57179 1.56585 0.00282313
79 1.55923 1.56577 0.00278863
80 1.54277 1.56548 0.00276855
81 1.59533 1.56585 0.00275879
82 1.58242 1.56605 0.00273254
83 1.55771 1.56595 0.00270147
84 1.58624 1.56619 0.00268009
85 1.56605 1.56619 0.00264856
86 1.54724 1.56597 0.00262691
87 1.54999 1.56578 0.00260313
88 1.58429 1.56599 0.00258203
89 1.5895 1.56626 0.0025665
90 1.53118 1.56587 0.00256741
91 1.59074 1.56614 0.00255371
92 1.56526 1.56613 0.00252597
93 1.59122 1.5664 0.00251317
94 1.55249 1.56625 0.00249079
95 1.54751 1.56606 0.00247238
96 1.54058 1.56579 0.00246083
97 1.55445 1.56567 0.00243824
98 1.58458 1.56587 0.00242097
99 1.56859 1.5659 0.00239667
100 1.57061 1.56594 0.00237317
