1.9
1.89814
1.89234
1.88193
1.86587
1.8426
1.81006
1.76582
1.70719
1.6319
1.53914
1.43093
1.31338
1.19649
1.09187
1.0093
0.954007
0.926161
0.922067
0.935935
0.961366
0.992506
1.02461
1.05429
1.07957
1.09976
1.1152
1.12676
1.13518
1.14064
1.14267
1.14056
1.13381
1.1227
1.10839
1.09275
1.07801
1.06666
1.0611
1.06281
1.0713
1.08418
1.09837
1.11128
1.12118
1.12705
1.12826
1.12464
1.11649
1.10475
1.09119
1.07812
1.06791
1.06233
1.06189
1.06575
1.07226
1.0796
1.08619
1.09095
1.09339
1.09367
1.09242
1.0905
1.0887
1.08767
1.08791
1.08966
1.09248
1.09527
1.09671
1.09593
1.09286
1.08802
1.08228
1.07636
1.07067
1.06542
1.06077
1.05672
1.05308
1.04938
1.04517
1.04028
1.03476
1.02879
1.02256
1.01633
1.01053
1.00573
1.0024
1.00084
1.0011
1.00312
1.00685
1.01239
1.01975
1.02875
1.03877
1.04876
